Epoch	AverageEpRet	StdEpRet	MaxEpRet	MinEpRet	EpLen	AverageVVals	StdVVals	MaxVVals	MinVVals	TotalEnvInteracts	LossPi	LossV	DeltaLossPi	DeltaLossV	Entropy	KL	ClipFrac	StopIter	Time
0	0.03930057	0.016989449	0.09893849	0.009533058	13.56445	-0.021801572	0.6470591	2.1600137	-2.3084	10000	-8.010864e-09	0.45350993	-0.08620288	-0.42962238	10.9878845	0.0156147815	0.2722	32.0	32.904213666915894
1	0.039529856	0.01737384	0.115790285	0.011525431	14.097321	0.13684906	0.17480981	0.7295702	-0.66779083	20000	-3.2424927e-09	0.03374083	-0.083818346	-0.016901001	11.0378475	0.015198883	0.2748	35.0	66.96011185646057
2	0.037939675	0.0171344	0.1002105	0.010618202	14.836309	0.1338725	0.15651649	0.71157473	-0.42329684	30000	1.5068053e-08	0.026425105	-0.08451098	-0.012487559	11.037258	0.01563069	0.2858	34.0	100.29942774772644
3	0.03743822	0.016026158	0.09891828	0.0087784035	15.227134	0.13837792	0.14744157	0.6121704	-0.40801167	40000	3.8146974e-09	0.021558752	-0.019632801	-0.010127217	11.009772	0.018206818	0.2583	6.0	132.29326057434082
4	0.037059728	0.014959177	0.09813432	0.010121014	16.337152	0.13926092	0.1383234	0.6325011	-0.3925256	50000	-7.629395e-09	0.023048794	-0.020871244	-0.010279837	11.057822	0.016727973	0.2512	7.0	164.14556741714478
5	0.037908778	0.016259821	0.09230726	0.011459017	16.896786	0.14692444	0.14315033	0.6268425	-0.39090565	60000	-6.1035155e-09	0.02232456	-0.07843761	-0.010455005	11.013966	0.015484755	0.2591	32.0	197.39862513542175
6	0.03683706	0.015975358	0.10146616	0.011738643	17.366957	0.15467195	0.13985074	0.6636641	-0.4012503	70000	4.4250488e-08	0.019884124	-0.021706305	-0.0065006157	10.998624	0.018789876	0.2623	7.0	228.83488416671753
7	0.03672358	0.015772631	0.10328084	0.01096956	18.390423	0.15375835	0.14654417	0.66700757	-0.41820422	80000	1.6784668e-08	0.022575833	-0.017909495	-0.011951463	10.974786	0.017935334	0.2426	6.0	259.34136986732483
8	0.03635063	0.014162455	0.08989054	0.009961385	19.09387	0.15296678	0.14082214	0.71570635	-0.30038586	90000	-2.0980835e-08	0.020412417	-0.018125828	-0.009297268	10.973626	0.018538482	0.282	6.0	290.359099149704
9	0.035515472	0.014500654	0.089306675	0.009830272	21.086681	0.16579178	0.13628483	0.6173659	-0.29162267	100000	1.8787384e-08	0.021259982	-0.020749869	-0.009639638	10.980228	0.018350087	0.2687	7.0	321.84876894950867
10	0.035938002	0.0147356745	0.11248005	0.012228054	22.899082	0.1682089	0.14190072	0.6862572	-0.31812316	110000	1.3160705e-08	0.022994254	-0.019133627	-0.010321247	10.954373	0.01837162	0.245	6.0	352.78203201293945
11	0.034939997	0.014336041	0.09123942	0.011950975	24.623152	0.18716487	0.14311197	0.74339044	-0.313899	120000	4.2915342e-09	0.023528693	-0.018669471	-0.010694008	11.023864	0.016042447	0.2773	7.0	384.0631766319275
12	0.03319763	0.012822712	0.09045304	0.012372635	28.123943	0.19232586	0.14327541	0.72801125	-0.3084664	130000	1.8310548e-08	0.024632322	-0.020365784	-0.011257826	10.987868	0.017691633	0.2793	7.0	415.7966420650482
13	0.035228632	0.014197979	0.09224705	0.0104894675	28.20339	0.2049998	0.14459379	0.70863426	-0.24742472	140000	-3.3569336e-08	0.026182685	-0.08263582	-0.011882797	10.988331	0.015286498	0.2814	40.0	446.62539935112
14	0.03321319	0.014189825	0.09684877	0.013211862	29.352942	0.20565899	0.15136512	0.7477648	-0.39086127	150000	1.525879e-08	0.024804609	-0.020716647	-0.011633006	10.944606	0.017852768	0.2322	7.0	477.7299780845642
15	0.035587367	0.014501071	0.10507236	0.013199635	30.096386	0.21132481	0.14639759	0.6960305	-0.2554726	160000	-1.2969971e-08	0.02703125	-0.019608168	-0.012853629	11.010998	0.017571585	0.2563	7.0	507.5599400997162
16	0.03526715	0.014285013	0.09734869	0.012046078	31.58228	0.22913034	0.15021037	0.9045601	-0.2802365	170000	-3.4332274e-08	0.02718531	-0.07905046	-0.012721646	10.992009	0.0154887345	0.243	38.0	541.7515325546265
17	0.033058997	0.012363472	0.094543986	0.01304689	34.24315	0.23192698	0.14820102	0.8304616	-0.2183339	180000	-1.1825562e-08	0.029838648	-0.07757484	-0.012858875	10.962638	0.015470954	0.2528	35.0	575.3437697887421
18	0.033516478	0.012902224	0.09666122	0.012295438	34.05802	0.236935	0.15153809	0.78731483	-0.2524679	190000	1.525879e-08	0.02694053	-0.0773062	-0.0120564345	10.988097	0.015411896	0.2502	35.0	608.8584740161896
19	0.03495498	0.012630751	0.0824329	0.013878626	33.07947	0.23857208	0.15468039	0.81078315	-0.27155727	200000	-3.8146972e-10	0.02942959	-0.09281484	-0.014265676	10.946228	0.015372119	0.3201	50.0	643.1626279354095
20	0.034764905	0.013216827	0.083395496	0.014364424	34.6875	0.24583527	0.16071178	0.79359776	-0.47271225	210000	1.1444092e-08	0.03086597	-0.024052419	-0.015601873	10.943277	0.01522146	0.2382	8.0	675.2567775249481
21	0.035185136	0.013124046	0.0931132	0.013218894	36.247272	0.25578368	0.15632157	0.8197611	-0.23638663	220000	-3.0517577e-09	0.031041114	-0.088259354	-0.0146172065	10.972005	0.015258606	0.3038	44.0	709.2150814533234
22	0.034608763	0.012884485	0.09294117	0.013546791	36.855556	0.2655551	0.16416205	0.90758973	-0.279753	230000	-1.7929077e-08	0.030242419	-0.079852834	-0.01462192	10.931909	0.01556903	0.2583	35.0	742.5167615413666
23	0.036287107	0.013962216	0.09904808	0.01643286	35.144367	0.26530772	0.17067507	0.8817663	-0.28758422	240000	-1.6021728e-08	0.029615436	-0.020628514	-0.012994107	10.969681	0.017566752	0.2432	7.0	773.3496761322021
24	0.035449825	0.012630651	0.09240076	0.015187096	38.724808	0.26472738	0.16561241	0.874132	-0.26022318	250000	-2.5939942e-08	0.034544438	-0.0792564	-0.017166505	10.925193	0.015276259	0.2525	37.0	809.7502119541168
25	0.034806434	0.012069389	0.094956584	0.013629527	36.996296	0.28716525	0.16849843	0.8877668	-0.31627166	260000	-8.5830687e-10	0.030457087	-0.024415983	-0.015423194	10.928103	0.01520522	0.2358	8.0	843.835898399353
26	0.036845855	0.0146572115	0.09630847	0.011991655	36.95926	0.27000389	0.17191727	0.9247294	-0.30177754	270000	1.5258789e-09	0.032392062	-0.019929517	-0.009851303	10.88949	0.017192738	0.207	7.0	878.207234621048
27	0.03635007	0.012620636	0.075702615	0.013678634	37.757576	0.28328702	0.19242953	0.95539796	-0.33920205	280000	-1.373291e-08	0.03850795	-0.07502075	-0.021778565	10.920651	0.015504654	0.2406	34.0	912.6060373783112
28	0.03505619	0.011449096	0.084423386	0.014569021	38.612404	0.2828161	0.17517889	0.92700326	-0.26115975	290000	-1.9073486e-08	0.03203645	-0.07231449	-0.01573114	10.924912	0.015374664	0.23	31.0	947.390219449997
29	0.036144778	0.012419041	0.0935529	0.01449917	39.399208	0.2912601	0.17867249	0.9093331	-0.28630456	300000	-3.4332275e-09	0.03197223	-0.079405285	-0.016068364	10.8981285	0.015461505	0.2563	37.0	983.5438606739044
30	0.036450975	0.013193002	0.09187043	0.013072857	43.36087	0.29115683	0.18136777	0.96014047	-0.32290208	310000	-1.1634826e-08	0.037009113	-0.08796679	-0.018447306	10.926154	0.015164562	0.2986	46.0	1019.8688857555389
31	0.036639478	0.012495383	0.09039842	0.014463355	40.97131	0.3134457	0.1901249	0.9914754	-0.5433189	320000	3.242493e-08	0.035064302	-0.022173146	-0.012215797	10.822094	0.015935412	0.2158	8.0	1053.704112291336
32	0.037971612	0.012977347	0.085765846	0.014027151	40.808163	0.31095585	0.19955254	1.0101285	-0.4358458	330000	-9.918213e-09	0.04367542	-0.07293638	-0.024951786	10.871503	0.01543931	0.2411	32.0	1088.4517176151276
33	0.038613625	0.013238875	0.102099724	0.01483452	39.399208	0.32188743	0.19843766	1.0352378	-0.33816773	340000	1.525879e-08	0.035864398	-0.08888107	-0.010426212	10.931658	0.015179111	0.2991	45.0	1124.375188589096
34	0.03575176	0.011598635	0.103978075	0.015542364	44.11062	0.31860843	0.20952345	1.0988111	-0.32745022	350000	-3.8146974e-09	0.043052386	-0.10251823	-0.026792487	10.908035	0.015250125	0.3595	65.0	1161.299866437912
35	0.037385408	0.012491648	0.08490985	0.016304357	42.33898	0.32390228	0.18304397	0.9782958	-0.3382988	360000	-3.0517577e-09	0.0373778	-0.08873834	-0.02034443	10.854931	0.015349563	0.3023	44.0	1197.6429047584534
36	0.036518943	0.011641514	0.08373878	0.014136482	45.327274	0.31832945	0.18884555	1.0365671	-0.43527544	370000	-3.051758e-08	0.03766135	-0.086720064	-0.020164372	10.830816	0.015462586	0.2871	43.0	1233.9040176868439
37	0.038391843	0.012784649	0.09889729	0.010308836	43.243477	0.342623	0.19400954	1.0585102	-0.4022584	380000	4.0626524e-08	0.03622062	-0.07833241	-0.019229263	10.845117	0.015309329	0.2576	36.0	1269.7190628051758
38	0.03752117	0.011601497	0.096181795	0.0153829595	44.328888	0.3430452	0.19758451	1.0413104	-0.32964876	390000	-4.5776368e-08	0.03719801	-0.08241799	-0.019835772	10.862976	0.015219277	0.274	38.0	1305.1973967552185
39	0.038110625	0.011901286	0.08223359	0.015055662	46.672897	0.3394286	0.20447312	1.2180606	-0.2937827	400000	2.1362304e-08	0.035362598	-0.022063516	-0.019649453	10.860955	0.015620955	0.2102	8.0	1339.4789025783539
40	0.038370043	0.012662708	0.09904153	0.012342346	46.85446	0.35573158	0.20747495	1.1136516	-0.4681039	410000	-1.1062622e-08	0.038088605	-0.08056936	-0.02056358	10.830585	0.015250896	0.2613	39.0	1375.3160746097565
41	0.03971672	0.013268029	0.086727425	0.017907599	44.972973	0.36403036	0.21167031	1.2062453	-0.3966894	420000	-1.6784668e-08	0.04155338	-0.022597924	-0.022802884	10.853752	0.014899994	0.2271	8.0	1409.3303897380829
42	0.0395249	0.012614469	0.088955626	0.013528203	46.509346	0.35700157	0.20440093	1.0938934	-0.61074686	430000	-2.9087067e-08	0.041757204	-0.08638792	-0.023640873	10.855302	0.015184027	0.2831	43.0	1445.681122303009
43	0.039783396	0.011951335	0.07464973	0.017517257	45.036037	0.3719355	0.21836501	1.1659228	-0.3581372	440000	3.1280518e-08	0.04128068	-0.070861906	-0.023835443	10.868042	0.015629241	0.2298	29.0	1481.4419174194336
44	0.03999543	0.01310411	0.09597962	0.017296921	45.354546	0.37526393	0.21673214	1.218724	-0.371978	450000	2.2888184e-08	0.040359184	-0.08646567	-0.022474306	10.854825	0.015448567	0.2829	44.0	1517.592604637146
45	0.03927491	0.012756818	0.08193838	0.018469032	46.872643	0.36966577	0.2233941	1.271257	-0.44155917	460000	2.746582e-08	0.035286374	-0.09698624	-0.02072747	10.8169565	0.015151082	0.3381	56.0	1554.1600332260132
46	0.040117282	0.012403048	0.09921893	0.01827794	47.519047	0.3621023	0.21212357	1.2172844	-0.33728743	470000	4.577637e-09	0.041364904	-0.075859204	-0.021572042	10.786109	0.015620241	0.2481	34.0	1589.3472990989685
47	0.0404579	0.012825671	0.089853145	0.0170578	48.014423	0.37517014	0.22730578	1.2552085	-0.35124433	480000	4.577637e-09	0.041482642	-0.08396272	-0.02468366	10.8030205	0.015250072	0.287	41.0	1625.0601692199707
48	0.039556324	0.012831911	0.10253669	0.018589925	49.745	0.39319932	0.22452417	1.2186655	-0.3045845	490000	-3.5095216e-08	0.04006856	-0.018163867	-0.02307294	10.766841	0.01709851	0.1989	6.0	1658.970248222351
49	0.04122615	0.013178853	0.08619487	0.018819546	49.261086	0.38615358	0.2315375	1.2615899	-0.34293696	500000	-1.0681152e-08	0.03945468	-0.08518778	-0.022954877	10.740288	0.015488501	0.2905	43.0	1695.4692196846008
50	0.039921578	0.013357508	0.08722888	0.017690115	48.97537	0.3885938	0.21827689	1.2860031	-0.34711686	510000	0.0	0.0408192	-0.07825329	-0.024286194	10.756469	0.015501825	0.2651	34.0	1730.7998979091644
51	0.040504523	0.012445618	0.07716532	0.013498304	50.639595	0.39586848	0.23092356	1.1987584	-0.57737327	520000	0.0	0.041716844	-0.09407902	-0.025229955	10.761403	0.015317456	0.3241	52.0	1767.4955151081085
52	0.039006975	0.010650055	0.07525117	0.014015071	48.780487	0.40414864	0.2305033	1.2610196	-0.37121618	530000	-5.493164e-08	0.037963666	-0.086654864	-0.022542844	10.715672	0.01533201	0.2962	44.0	1804.015059709549
53	0.04034105	0.01195715	0.08338572	0.017906358	50.40404	0.37501478	0.23111594	1.3080242	-0.3413167	540000	1.373291e-08	0.040748894	-0.09595131	-0.024939412	10.759653	0.015198163	0.3273	53.0	1842.8815863132477
54	0.042798296	0.013791427	0.09131049	0.01766672	49.29703	0.41506803	0.23439339	1.3540448	-0.40492	550000	-7.6293943e-10	0.04240739	-0.082482785	-0.025467098	10.745333	0.015215479	0.2765	39.0	1879.783648967743
55	0.041570857	0.012277059	0.08405969	0.016357986	50.338383	0.40561056	0.2335924	1.5079149	-0.43899566	560000	1.2207031e-08	0.047847096	-0.020457014	-0.028994177	10.779502	0.0148305725	0.2071	7.0	1913.304162979126
56	0.04188457	0.0120589845	0.08633096	0.0197749	49.95	0.41819355	0.24614689	1.3006356	-0.4381743	570000	-1.5258789e-09	0.0475086	-0.019479292	-0.028540602	10.743166	0.016437823	0.222	7.0	1947.0426194667816
57	0.042219535	0.012839117	0.09365248	0.018985055	53.44385	0.43004215	0.24015774	1.4046177	-0.29468805	580000	4.196167e-08	0.047596052	-0.024502508	-0.029944338	10.730115	0.014872855	0.2183	8.0	1980.643413066864
58	0.04427737	0.013875704	0.09698629	0.020619737	49.587063	0.44476044	0.25139046	1.3905631	-0.52718216	590000	1.6403199e-08	0.044646244	-0.081446506	-0.027568117	10.741652	0.015246609	0.2749	39.0	2016.3279728889465
59	0.044072006	0.012674994	0.09878884	0.01580525	52.151833	0.4263047	0.2532876	1.32717	-0.46269852	600000	-2.4414062e-08	0.049362957	-0.08074114	-0.031093517	10.726123	0.015376785	0.2682	40.0	2052.6611764431
60	0.04593541	0.015838623	0.10301002	0.019238368	52.0	0.4711873	0.255922	1.6479223	-0.42777404	610000	-3.967285e-08	0.045343902	-0.08329765	-0.025920326	10.726472	0.01532623	0.2802	40.0	2088.6557981967926
61	0.04619138	0.014436269	0.10626776	0.021205366	49.14778	0.45071027	0.26352495	1.4313384	-0.395855	620000	-1.8310548e-08	0.04738119	-0.07943587	-0.031236071	10.718341	0.015293114	0.2596	36.0	2124.5822851657867
62	0.045859456	0.014624752	0.1022896	0.020792734	51.994736	0.46394366	0.26820502	1.53887	-0.40684065	630000	2.632141e-08	0.046597105	-0.08389106	-0.029604262	10.693005	0.015259325	0.2829	41.0	2160.4066019058228
63	0.045475867	0.013788319	0.086031474	0.021274885	52.062828	0.46494845	0.2704281	1.3967781	-0.45793205	640000	2.2125244e-08	0.048388544	-0.08201991	-0.028797662	10.674815	0.015120731	0.2671	40.0	2197.0232825279236
64	0.043712772	0.013159155	0.08865328	0.020194124	53.864864	0.4699512	0.26809072	1.4688632	-0.48978794	650000	-2.2888184e-08	0.047752667	-0.08934646	-0.03118049	10.713924	0.015284094	0.3045	45.0	2233.0284476280212
65	0.045084897	0.013171498	0.1009614	0.021067327	53.929348	0.45402455	0.25603205	1.4697853	-0.3268183	660000	7.629395e-09	0.047463067	-0.08413462	-0.03142687	10.647601	0.01532444	0.2782	41.0	2267.946712255478
66	0.04667995	0.014132274	0.08752654	0.022622705	53.224598	0.48886728	0.276503	1.5776341	-0.40669772	670000	-1.525879e-08	0.04766715	-0.07527235	-0.0154386535	10.6633835	0.015839286	0.2567	33.0	2304.5875630378723
67	0.045139443	0.0127246	0.08739717	0.019010518	56.34463	0.47480026	0.31039244	1.7465088	-0.55578744	680000	3.242493e-08	0.064083934	-0.084978975	-0.047564384	10.675127	0.015151038	0.2984	42.0	2340.357939720154
68	0.04595459	0.013551889	0.10913051	0.017637312	54.71978	0.48891127	0.26671103	1.4062815	-0.31155878	690000	-3.0517577e-09	0.05017658	-0.096833855	-0.032910608	10.6389265	0.0151698915	0.3334	57.0	2377.214804649353
69	0.0454852	0.014270906	0.09387029	0.019214174	55.355556	0.48670843	0.2782098	1.6580529	-0.47490346	700000	-9.155274e-09	0.04900203	-0.025198989	-0.0312578	10.641969	0.014486471	0.2124	8.0	2411.0655949115753
70	0.049346007	0.0149779515	0.12113541	0.024723599	51.02041	0.48046583	0.28105542	1.6376386	-0.39875543	710000	-2.1362304e-08	0.057837367	-0.020821808	-0.03707947	10.635581	0.014905325	0.2049	8.0	2445.9179031848907
71	0.047337305	0.013785868	0.1036502	0.019387705	51.807293	0.49226022	0.29390383	1.6242894	-0.40496475	720000	-3.9291383e-08	0.052001216	-0.079176135	-0.009004824	10.628787	0.015216352	0.2731	37.0	2482.059259414673
72	0.048401225	0.01487329	0.09365069	0.020116352	50.9949	0.51605374	0.32997036	1.7299354	-0.6312003	730000	-2.4414062e-08	0.07706581	-0.01815676	-0.0593414	10.647823	0.016080402	0.2275	6.0	2516.8790822029114
73	0.049603246	0.014620797	0.15051472	0.024318246	50.558376	0.510275	0.288469	1.5014851	-0.3524775	740000	-3.0517577e-09	0.04947999	-0.08762928	-0.032761395	10.607401	0.015483128	0.3154	46.0	2553.436453104019
74	0.04839186	0.014518375	0.108416975	0.02390916	49.07882	0.5072583	0.28988785	1.5656749	-0.32792538	750000	2.6702882e-08	0.048098072	-0.090566546	-0.032786667	10.624736	0.015237304	0.3046	48.0	2588.5992834568024
75	0.049495287	0.016667452	0.13039826	0.022254877	50.984695	0.48110625	0.28780156	1.6103632	-0.37745452	760000	1.1444092e-08	0.04873702	-0.092451885	0.0048287883	10.614633	0.015258981	0.3213	50.0	2625.1589736938477
76	0.04946516	0.015040848	0.10216094	0.023723088	53.037434	0.51169175	0.35928944	1.7573603	-0.63338965	770000	7.6293943e-10	0.089854166	-0.07441388	-0.07189284	10.604291	0.015213777	0.2568	33.0	2660.4420449733734
77	0.04944322	0.015586049	0.10696203	0.021934785	52.34555	0.50463396	0.29820147	1.6784258	-0.4775719	780000	3.967285e-08	0.050194863	-0.07798233	-0.033484746	10.614155	0.0153863765	0.2637	34.0	2697.417198896408
78	0.0504227	0.015682269	0.10410754	0.019169325	50.303032	0.52157664	0.29280913	1.5690045	-0.3813292	790000	3.2043456e-08	0.050870147	-0.08563449	-0.034575008	10.564098	0.015277469	0.2914	44.0	2732.8998742103577
79	0.051028132	0.016367996	0.12577073	0.018885817	49.567165	0.5147804	0.30606046	1.7377713	-0.39942795	800000	0.0	0.046598982	-0.09588091	-0.03246574	10.561915	0.015245067	0.3241	56.0	2769.983174562454
80	0.05124818	0.017760523	0.12637374	0.021928819	55.171272	0.52179414	0.30197972	1.8196703	-0.42798185	810000	-5.340576e-09	0.052823853	-0.07670801	-0.036090903	10.589041	0.01564036	0.2608	35.0	2805.7065653800964
81	0.05027604	0.013931477	0.116756156	0.023674728	55.266666	0.5310378	0.31434193	1.8173275	-0.52533185	820000	3.3569336e-08	0.05408166	-0.092554666	-0.037017666	10.554587	0.015286911	0.3139	52.0	2841.884707927704
82	0.050696556	0.01571964	0.110857554	0.018819079	53.368984	0.55446213	0.31492805	1.879384	-0.42472196	830000	1.9836426e-08	0.054939356	-0.084131345	-0.038749732	10.566348	0.01517743	0.291	41.0	2877.924748659134
83	0.050831717	0.015216075	0.10120957	0.022607874	55.027626	0.52663064	0.30613542	1.7341373	-0.3629985	840000	1.373291e-08	0.056852266	-0.01705843	-0.039217357	10.519957	0.01594998	0.1977	6.0	2911.7170588970184
84	0.050716113	0.0138413925	0.09669556	0.020367166	54.054054	0.5478355	0.31394592	1.6712339	-0.503504	850000	-1.6403199e-08	0.056001488	-0.089966245	-0.03922052	10.574133	0.015341742	0.3082	47.0	2947.937694311142
85	0.05109442	0.014953173	0.101690106	0.021142764	52.287956	0.5481197	0.31602922	1.740639	-0.4682848	860000	0.0	0.05357721	-0.072348535	-0.038011517	10.507227	0.015491307	0.2416	31.0	2982.048066139221
86	0.052949432	0.016671713	0.11179385	0.021244822	50.426395	0.5391827	0.314595	1.635459	-0.35753316	870000	8.010864e-09	0.048873384	-0.081727475	-0.034335002	10.523441	0.015370224	0.2803	40.0	3017.3360862731934
87	0.05254811	0.015787834	0.09654801	0.024553362	53.365593	0.53371435	0.32377216	1.5985717	-0.57746035	880000	-1.525879e-08	0.05181646	-0.097526476	-0.036226515	10.544666	0.0151726045	0.3419	57.0	3054.5043687820435
88	0.05326374	0.016179264	0.10208839	0.027513925	52.183247	0.5616824	0.32687917	1.8230776	-0.5707318	890000	-6.1035155e-09	0.054009467	-0.0906927	-0.03873124	10.529225	0.01528929	0.3202	46.0	3091.134021997452
89	0.052470032	0.015967166	0.10394409	0.024160657	56.545456	0.53170264	0.32465097	1.7447175	-0.6618407	900000	-5.493164e-08	0.05887608	-0.07754859	-0.043054592	10.508048	0.015504132	0.2607	36.0	3126.5278837680817
90	0.05227654	0.016450452	0.10591038	0.019432385	53.358288	0.5625288	0.32158333	1.6582289	-0.517594	910000	-1.7547608e-08	0.05259049	-0.072384	-0.03901141	10.499682	0.015461185	0.2444	31.0	3163.83633351326
91	0.05334353	0.015434955	0.109934725	0.023532297	52.92021	0.5614429	0.34157273	1.7123352	-0.38414	920000	-8.392334e-09	0.05671078	-0.09868253	-0.032830417	10.489299	0.015215152	0.3492	59.0	3201.0519070625305
92	0.054676734	0.016918967	0.10246385	0.024888437	51.895287	0.5519297	0.3343888	1.6889598	-0.49763477	930000	3.051758e-08	0.061919745	-0.08443199	-0.045586966	10.464862	0.015166242	0.2851	39.0	3236.53134393692
93	0.054334365	0.015402278	0.1047697	0.025870925	52.51579	0.57533276	0.3239091	1.8190866	-0.4288647	940000	1.8310548e-08	0.0536206	-0.0896761	-0.0048695207	10.479392	0.0153651135	0.3087	46.0	3272.468261241913
94	0.054268833	0.017249381	0.105121836	0.0188739	52.37895	0.560606	0.37613422	1.9680281	-0.7041565	950000	2.5939942e-08	0.087829985	-0.0822783	-0.07136081	10.457254	0.015521764	0.2747	39.0	3308.097878217697
95	0.055020392	0.016436875	0.11641925	0.02250595	51.994793	0.5556694	0.35042727	1.794636	-0.48877054	960000	1.0871887e-08	0.051828437	-0.0863412	-0.037501223	10.468183	0.015363812	0.2943	42.0	3343.7959322929382
96	0.055064905	0.015903616	0.10654448	0.020652642	54.46448	0.5842978	0.34361005	1.7478355	-0.48544368	970000	-2.89917e-08	0.053755272	-0.020708129	-0.039433103	10.458026	0.015529964	0.2028	7.0	3377.5100185871124
97	0.055246565	0.017240463	0.1127438	0.026609402	52.804234	0.5803466	0.34566525	1.8302859	-0.5790292	980000	-7.05719e-09	0.054947566	-0.096421316	-0.039884966	10.428215	0.015082264	0.3406	55.0	3414.2637119293213
98	0.055778544	0.01716624	0.110017076	0.023569869	52.521053	0.5828902	0.3315273	1.7839428	-0.5112886	990000	9.918213e-09	0.055715796	-0.071036465	-0.040703885	10.445314	0.0153217465	0.2434	30.0	3449.761483192444
99	0.055889405	0.016923524	0.12961604	0.029478122	53.07979	0.59288037	0.343597	1.8256983	-0.44551918	1000000	-1.6975402e-08	0.060383454	-0.08399849	-0.043127876	10.397729	0.015353804	0.2876	41.0	3484.925682067871
100	0.057422865	0.018079352	0.12434129	0.023442306	53.756756	0.59753186	0.34225935	1.8269967	-0.36661083	1010000	-2.6702882e-08	0.055876806	-0.098609775	-0.041328453	10.423223	0.015162408	0.3425	58.0	3522.730355978012
101	0.05694653	0.016348725	0.10347643	0.025857696	52.183247	0.60706747	0.3575428	1.8511163	-0.5323994	1020000	2.2888184e-08	0.05582862	-0.06814551	-0.042113166	10.401976	0.015560129	0.2244	27.0	3557.7454404830933
102	0.0575176	0.017695606	0.1138874	0.027590552	51.266666	0.596868	0.35661456	1.9478014	-0.5632239	1030000	-1.8310548e-08	0.056184057	-0.08608854	-0.041549895	10.3842535	0.015433041	0.3094	41.0	3593.83842754364
103	0.056642875	0.018093873	0.15763536	0.026057143	55.659218	0.58804065	0.34721246	1.8818192	-0.49490488	1040000	-1.9836426e-08	0.061667994	-0.08823217	-0.046149556	10.4043	0.015373117	0.303	46.0	3629.3665614128113
104	0.056872956	0.019163793	0.114074685	0.025049074	54.906593	0.61080813	0.35578775	1.8011105	-0.43393254	1050000	6.1035155e-09	0.056495026	-0.08992141	-0.04242271	10.409368	0.015151444	0.3103	46.0	3665.4169733524323
105	0.057417966	0.018522328	0.12608455	0.023510173	53.7043	0.59342176	0.34171432	1.9240831	-0.41276103	1060000	4.577637e-09	0.054990724	-0.09387061	-0.041327633	10.385423	0.015133535	0.3288	49.0	3701.5794353485107
106	0.05789449	0.017787674	0.11358228	0.021748303	53.408604	0.61442536	0.35032788	1.7756279	-0.5649918	1070000	2.2888184e-08	0.056833435	-0.09108758	-0.042925786	10.366195	0.015211865	0.3196	48.0	3738.006378173828
107	0.057752725	0.016288329	0.11623667	0.022720022	55.16022	0.6234677	0.35556614	1.7911127	-0.46739334	1080000	7.629395e-09	0.057872046	-0.08271427	-0.012790918	10.331419	0.015174533	0.2949	39.0	3773.1552736759186
108	0.05845151	0.016616687	0.10657506	0.027850937	52.42105	0.6372493	0.40271258	2.0570667	-0.6747272	1090000	2.565384e-08	0.085864864	-0.021652548	-0.071102574	10.360399	0.015646739	0.2163	7.0	3806.7954182624817
109	0.05868591	0.019546099	0.12030272	0.024604382	54.0	0.62186086	0.36725572	2.0293765	-0.40508342	1100000	3.8146974e-09	0.065436766	-0.07874312	-0.049618393	10.362134	0.015325405	0.2807	37.0	3842.672700881958
110	0.060673013	0.01752087	0.11111391	0.026766943	52.867725	0.6437236	0.3633421	1.8730054	-0.38909256	1110000	8.392334e-09	0.06316415	-0.06936429	-0.04915391	10.338794	0.015662638	0.2372	28.0	3878.8687102794647
111	0.05799736	0.016837787	0.11883614	0.029421933	58.034885	0.63399386	0.36631426	1.8294259	-0.46376806	1120000	-7.6293943e-10	0.05999366	-0.01749599	-0.046384886	10.32112	0.015953006	0.2082	6.0	3913.1819610595703
112	0.05986233	0.016870985	0.11400397	0.02201395	52.067707	0.6608588	0.36169368	1.9783221	-0.42918158	1130000	1.449585e-08	0.064243324	-0.07685598	-0.049540028	10.341773	0.015243683	0.2656	35.0	3948.26376080513
113	0.059674703	0.016882056	0.11151615	0.027147137	53.962162	0.65353	0.36614293	1.9458553	-0.49374604	1140000	-1.2207031e-08	0.06535399	-0.09971221	-0.05032442	10.395761	0.01514932	0.3474	59.0	3985.0453004837036
114	0.0613991	0.017439678	0.12453201	0.031107266	53.81081	0.644308	0.367992	1.8312265	-0.4793232	1150000	-2.1362304e-08	0.07010369	-0.09809156	-0.053510502	10.271429	0.015170853	0.3423	57.0	4022.248871564865
115	0.061481025	0.017617224	0.10380708	0.021664869	52.31937	0.65480536	0.37790015	1.9737906	-0.52697074	1160000	1.525879e-08	0.064424515	-0.098263234	-0.05124344	10.34191	0.015121506	0.337	57.0	4059.458363056183
116	0.06032646	0.018294811	0.12285465	0.024361668	55.233334	0.65317553	0.3788303	1.9794233	-0.66097087	1170000	3.3569336e-08	0.064171374	-0.086786695	-0.043887116	10.333358	0.015398492	0.3139	42.0	4095.4188792705536
117	0.06180074	0.017410783	0.1103244	0.028815767	55.071823	0.6656463	0.3788102	1.9026856	-0.6109701	1180000	-7.629395e-09	0.07355423	-0.085521914	-0.057506025	10.307206	0.015375525	0.2939	42.0	4132.416848659515
118	0.06063321	0.016570022	0.1296977	0.031124262	54.64835	0.6733782	0.38604054	1.9876492	-0.54401827	1190000	1.2588501e-08	0.06497927	-0.08494303	-0.050408147	10.279408	0.015272418	0.2838	42.0	4168.617383241653
119	0.06316837	0.019308228	0.122932814	0.024166498	52.820107	0.6583864	0.36913046	1.8796903	-0.5682606	1200000	3.0517577e-09	0.060499437	-0.08870478	-0.04770284	10.310035	0.015111786	0.3134	44.0	4204.547052621841
120	0.06156739	0.018008519	0.13987029	0.027252166	54.415302	0.68206906	0.38579857	1.9365155	-0.4015727	1210000	4.7683715e-09	0.065188184	-0.089372806	-0.05099062	10.283113	0.015355344	0.313	46.0	4241.874857664108
121	0.06304579	0.018432127	0.12773216	0.02811019	52.57895	0.6764538	0.38601086	1.871998	-0.4574201	1220000	6.1035155e-09	0.06428316	-0.07166624	-0.050044242	10.233855	0.0155516155	0.2434	30.0	4276.839816093445
122	0.065308295	0.019443713	0.12306022	0.030813774	51.8125	0.6791517	0.37912452	1.8798016	-0.3592525	1230000	2.5177002e-08	0.06590971	-0.08642477	-0.034579962	10.243826	0.015098453	0.301	43.0	4312.687678575516
123	0.06289459	0.017269997	0.10568965	0.025481666	55.232044	0.71071035	0.41343543	1.9917668	-0.6394388	1240000	1.4877319e-08	0.09153361	-0.087810144	-0.07547774	10.257988	0.015335798	0.2973	44.0	4349.253209590912
124	0.06683109	0.0177411	0.12425747	0.026943844	52.27225	0.702536	0.41408563	2.016282	-0.6110345	1250000	3.5858154e-08	0.06828365	-0.07454142	-0.054161377	10.206215	0.015155976	0.2605	33.0	4384.774931430817
125	0.06361863	0.0175548	0.11643449	0.034474142	54.070652	0.70897317	0.3978727	2.067767	-0.40729696	1260000	-2.746582e-08	0.0634837	-0.0700064	-0.051191583	10.262205	0.01558453	0.2432	28.0	4420.203104019165
126	0.06187201	0.017212482	0.1133494	0.02991106	57.63006	0.68062544	0.40383208	2.1032484	-0.5923581	1270000	1.525879e-08	0.06460005	-0.08407726	-0.05152446	10.252573	0.015324406	0.2906	40.0	4456.407911300659
127	0.06413004	0.018186672	0.121787004	0.03073328	56.151684	0.7052017	0.37622437	1.9986061	-0.56203747	1280000	-2.2888184e-08	0.0662553	-0.07504811	-0.046660587	10.258287	0.01533981	0.2473	33.0	4492.795043230057
128	0.0646288	0.017379373	0.110508814	0.027582545	54.315216	0.7125122	0.3980249	2.03371	-0.3785445	1290000	1.525879e-08	0.07954013	-0.01777967	-0.065010406	10.17341	0.016737122	0.2278	6.0	4525.695758104324
129	0.066525	0.018449768	0.11763949	0.034974568	50.634518	0.7245193	0.39836383	2.110816	-0.5233372	1300000	-1.525879e-08	0.07008955	-0.07569237	-0.056573443	10.190683	0.0152720995	0.2684	34.0	4561.13689827919
130	0.06607908	0.018534765	0.12615672	0.030223869	50.588833	0.70730335	0.4035773	1.9655967	-0.51577395	1310000	-2.2888184e-08	0.07330078	-0.09563763	-0.059878334	10.191834	0.0151005555	0.3282	55.0	4598.360701084137
131	0.06711106	0.018703775	0.1203331	0.03622822	51.54404	0.71453494	0.40885413	2.025022	-0.5368129	1320000	1.6021728e-08	0.07387976	-0.022212483	-0.059958365	10.229662	0.014470406	0.2222	7.0	4632.106237888336
132	0.06226122	0.018202476	0.12244837	0.023979295	55.344444	0.70169455	0.40031508	1.9392787	-0.75339615	1330000	-3.6430357e-08	0.073821135	-0.09752189	-0.0609033	10.180257	0.015154148	0.3512	55.0	4669.165465354919
133	0.06578765	0.01988395	0.18351834	0.030098354	53.58602	0.7110254	0.40143764	2.125699	-0.6274745	1340000	-3.0517577e-09	0.08256384	-0.06790483	-0.046007294	10.1837	0.015259019	0.2325	29.0	4704.259197235107
134	0.06578299	0.017235823	0.12120106	0.03304542	54.387978	0.72893023	0.43896708	2.1458716	-0.7892728	1350000	-9.536744e-10	0.09484287	-0.079844736	-0.081177145	10.192375	0.015260634	0.2839	36.0	4738.872626066208
135	0.06376152	0.01643753	0.1204009	0.034092426	54.097828	0.7092704	0.39464045	2.0929346	-0.5639713	1360000	2.5558471e-08	0.06823456	-0.085581996	-0.055879608	10.189997	0.01554389	0.2956	41.0	4775.02555847168
136	0.06675518	0.017839001	0.13461873	0.03173109	53.19149	0.7178316	0.39745435	2.0520585	-0.45430267	1370000	-7.629395e-09	0.07159417	-0.07727695	-0.058991324	10.194387	0.01531524	0.2692	35.0	4809.98526930809
137	0.06510071	0.01797884	0.12353867	0.033678617	54.47541	0.73726374	0.41407993	2.267477	-0.75684977	1380000	2.5939942e-08	0.06886998	-0.08777221	-0.056930676	10.154875	0.015336249	0.2946	44.0	4846.363728046417
138	0.066471465	0.018029131	0.12681247	0.03478799	53.623657	0.7057638	0.40947008	2.1360593	-0.6080574	1390000	8.392334e-09	0.07427349	-0.08307562	-0.058891274	10.176386	0.015301133	0.2772	40.0	4883.177424430847
139	0.06922483	0.019283446	0.1274917	0.035480574	52.57895	0.7542708	0.4254066	2.0824335	-0.55763894	1400000	4.577637e-09	0.078857295	-0.021808717	-0.06446124	10.186522	0.014579914	0.2016	7.0	4916.139640331268
140	0.06531533	0.018914808	0.13046286	0.0285987	53.58602	0.7323214	0.4214656	2.1385171	-0.48840308	1410000	1.5258789e-09	0.07289874	-0.082775064	-0.060041018	10.099717	0.015466305	0.2853	40.0	4952.768090724945
141	0.06466274	0.017065043	0.117844045	0.033579793	58.111763	0.7032864	0.3882226	2.0643063	-0.7460358	1420000	-4.7302247e-08	0.07573438	-0.018026063	-0.062291645	10.118155	0.01843682	0.2425	6.0	4985.8351221084595
142	0.06436611	0.018797606	0.11791935	0.027654385	57.668606	0.7406788	0.399887	2.0812614	-0.39544404	1430000	4.119873e-08	0.07568678	-0.10081296	-0.06197433	10.115953	0.0151488315	0.3617	61.0	5023.113186597824
143	0.06664587	0.017172221	0.119094074	0.028480452	55.45	0.7163806	0.39740652	2.0131412	-0.4898075	1440000	1.2207031e-08	0.07297633	-0.093563795	-0.058158726	10.189554	0.015538529	0.32	52.0	5059.507238864899
144	0.064667955	0.016371908	0.1083154	0.034044098	59.68862	0.7339052	0.4025752	2.1459773	-0.6413925	1450000	-5.836487e-08	0.07320131	-0.09049744	-0.06000535	10.061859	0.015159628	0.314	48.0	5096.523251771927
145	0.066082716	0.016346373	0.10931249	0.0352174	54.824177	0.7456185	0.41177678	2.1104438	-0.4928042	1460000	2.708435e-08	0.071394555	-0.07567919	-0.058499802	10.126523	0.015564453	0.2601	33.0	5131.094569206238
146	0.06839194	0.018775616	0.12307113	0.033727787	56.68	0.7397651	0.4110396	2.1681786	-0.46751326	1470000	-6.1035155e-09	0.07582945	-0.06868432	-0.062135234	10.113474	0.015608904	0.2423	28.0	5166.387043237686
147	0.067335404	0.018032905	0.12967972	0.036151554	54.255436	0.759779	0.4047255	2.1635196	-0.5327113	1480000	-2.2888184e-08	0.074247964	-0.08507387	-0.061723977	10.122821	0.015357178	0.3004	41.0	5202.249930143356
148	0.06861161	0.019333078	0.13205227	0.03423245	56.4375	0.7501726	0.40408716	2.0172434	-0.5669464	1490000	-2.5939942e-08	0.07624967	-0.08168039	-0.063348316	10.099501	0.015251322	0.2753	38.0	5237.732767343521
149	0.069213614	0.018722324	0.11771072	0.036280815	52.294735	0.7837505	0.4290349	2.1937425	-0.5900312	1500000	-2.1362304e-08	0.07096163	-0.09451449	-0.05891431	10.094764	0.015069907	0.3314	51.0	5273.485768079758
150	0.06842541	0.020308573	0.123182066	0.030630892	56.15819	0.7439263	0.41108146	2.1245065	-0.44895214	1510000	1.6021728e-08	0.07415269	-0.088510565	-0.05831214	10.109531	0.015242672	0.2992	46.0	5310.082352399826
151	0.068341985	0.017918907	0.12938757	0.036841925	56.897144	0.7562578	0.41598925	2.1910298	-0.36614385	1520000	7.629395e-09	0.07793689	-0.020820701	-0.06599625	10.038369	0.014109422	0.1896	7.0	5343.960289478302
152	0.066387184	0.017851077	0.11728035	0.033340067	55.366665	0.76092404	0.422886	2.14444	-0.50169915	1530000	-9.918213e-09	0.07026177	-0.07903536	-0.058288634	10.030623	0.015191153	0.2822	35.0	5378.8153860569
153	0.068079315	0.01669255	0.12390653	0.03511581	57.687862	0.75337785	0.40833712	2.1906927	-0.5160164	1540000	2.746582e-08	0.073544644	-0.07546981	-0.061117455	10.092654	0.0154730715	0.2583	33.0	5414.687856674194
154	0.067917004	0.016941154	0.1284384	0.035171676	57.757225	0.7582709	0.42079785	2.0016274	-0.8160957	1550000	2.2315978e-08	0.07377184	-0.021070099	-0.061306097	10.017813	0.014450491	0.2135	7.0	5447.173157215118
155	0.06754851	0.017963743	0.12959708	0.033443186	57.21839	0.78990847	0.42990297	2.1754215	-0.57862175	1560000	1.373291e-08	0.07072554	-0.08940566	-0.059313625	10.038896	0.015131408	0.301	48.0	5483.575999736786
156	0.06835439	0.017405666	0.12516038	0.033828065	57.79191	0.7603483	0.4161551	2.1840806	-0.54560673	1570000	2.0599366e-08	0.07075924	-0.07204967	-0.05975032	10.006449	0.0154770855	0.2444	30.0	5518.421003580093
157	0.070945665	0.017571859	0.13122407	0.039282694	53.97838	0.7734984	0.421672	2.0209038	-0.77054787	1580000	3.6621095e-08	0.07134283	-0.07692772	-0.060333323	10.015376	0.015459214	0.276	35.0	5553.174636125565
158	0.06926843	0.017292883	0.11352888	0.03618503	55.47778	0.799108	0.436625	2.0832555	-0.55615973	1590000	-3.4713747e-08	0.07677091	-0.0988984	-0.0653187	10.019084	0.015235983	0.3527	60.0	5590.056081533432
159	0.070745714	0.018816933	0.11683043	0.033171106	54.288044	0.7613653	0.4276851	2.1215186	-0.6587529	1600000	-2.2125244e-08	0.071637556	-0.09492428	-0.031817917	9.973696	0.0152562	0.3335	54.0	5627.579845428467
160	0.07077728	0.019637791	0.13724563	0.03503859	59.130177	0.7891034	0.4624714	2.4544067	-0.64132494	1610000	-3.852844e-08	0.103874125	-0.09864823	-0.09148772	9.976368	0.015268341	0.3508	59.0	5665.140766382217
161	0.06916528	0.018414183	0.12902083	0.03682598	57.074287	0.7894328	0.4362346	2.0548809	-0.59173155	1620000	-1.5354157e-08	0.0756404	-0.08612391	-0.063708045	9.930846	0.015099629	0.3025	44.0	5701.338254928589
162	0.06748506	0.017178675	0.12237899	0.03538734	59.088757	0.7796798	0.42421007	2.2215207	-0.5398304	1630000	-1.1444092e-08	0.076655604	-0.09243521	-0.06513144	9.99795	0.015193084	0.325	49.0	5738.23911523819
163	0.06819337	0.01685458	0.108753234	0.035544414	56.74286	0.7860132	0.43616205	2.1194723	-0.5866662	1640000	-3.051758e-08	0.07907039	-0.08861179	-0.06792773	9.995416	0.015302809	0.3116	43.0	5773.988246917725
164	0.06925963	0.018904388	0.138505	0.0373301	55.759777	0.7798591	0.42860818	2.1365077	-0.77440846	1650000	-4.4250488e-08	0.071868576	-0.0809154	-0.061828986	9.964751	0.015223343	0.2795	37.0	5810.357892990112
165	0.07001275	0.019725239	0.140672	0.03355606	59.796406	0.79027605	0.4307683	2.1918855	-0.40042406	1660000	0.0	0.08087688	-0.0874343	-0.06904727	9.997145	0.015279462	0.3149	43.0	5846.878403425217
166	0.06686818	0.01732072	0.118161015	0.034079373	59.309525	0.77287155	0.44261888	2.209256	-0.5309292	1670000	2.4414062e-08	0.074909784	-0.10318064	-0.065078765	9.994702	0.015174108	0.375	66.0	5884.527166128159
167	0.06840276	0.017645318	0.12651514	0.031227596	59.392857	0.77102077	0.42000386	2.0384672	-0.43616885	1680000	1.525879e-08	0.07494295	-0.083872646	-0.06507544	9.931039	0.015369487	0.2946	40.0	5919.597496509552
168	0.06984196	0.018611211	0.12611233	0.036134712	58.011627	0.81026906	0.43957725	2.3183608	-0.78498065	1690000	-1.8310548e-08	0.075545706	-0.0721406	-0.06551091	9.924614	0.01562331	0.2511	30.0	5954.370051860809
169	0.06771005	0.016513325	0.10963457	0.035229445	56.22034	0.7757397	0.447266	2.3554676	-0.5559581	1700000	-9.155274e-09	0.07824353	-0.074621014	-0.06778897	9.97924	0.015530876	0.267	32.0	5989.318850278854
170	0.0704396	0.018848805	0.1408746	0.036537226	58.64706	0.78253615	0.44191656	2.2845626	-0.5440307	1710000	-4.577637e-09	0.07343253	-0.08139079	-0.062494673	9.954266	0.015252812	0.2901	37.0	6026.162628889084
171	0.073705055	0.018329598	0.119531564	0.03923467	54.57377	0.8353567	0.45257407	2.2347445	-0.60344326	1720000	-7.629395e-09	0.07594433	-0.017423585	-0.06421056	9.943192	0.017134298	0.1929	6.0	6058.956327915192
172	0.07030349	0.020203492	0.17105941	0.033570208	57.109825	0.7987161	0.45254737	2.0929985	-0.6336727	1730000	1.8310548e-08	0.07189818	-0.09117316	-0.06188726	9.8536	0.015179303	0.3267	48.0	6094.772448062897
173	0.07084582	0.018255858	0.12028799	0.03338221	57.745667	0.7955003	0.44629538	2.048122	-0.48436996	1740000	2.5939942e-08	0.07330502	-0.08373723	-0.062913254	9.914975	0.015224261	0.2923	41.0	6132.084885120392
174	0.07352499	0.019100292	0.15511687	0.040588316	56.305084	0.8340517	0.44777867	2.0914085	-0.5431427	1750000	-3.6239623e-08	0.07641424	-0.07021716	-0.066273816	9.930667	0.015422333	0.2544	28.0	6166.764886140823
175	0.07440706	0.020105794	0.12841089	0.03551459	53.446236	0.8234025	0.461252	2.2420962	-0.56459194	1760000	9.155274e-09	0.0717636	-0.082578644	-0.06242636	9.908775	0.015458478	0.2942	38.0	6202.061746835709
176	0.07203293	0.017333534	0.12008979	0.03684764	57.98256	0.8133498	0.44695848	2.1962624	-0.51303476	1770000	0.0	0.074534446	-0.071496144	-0.06519159	9.877619	0.015435006	0.2479	30.0	6237.4907076358795
177	0.07151547	0.018704602	0.13198248	0.03813211	56.05056	0.8257876	0.45442867	2.2682345	-0.52500707	1780000	1.2207031e-08	0.07177981	-0.086163476	-0.061916523	9.898761	0.015208441	0.2981	42.0	6273.265577316284
178	0.073076986	0.017904976	0.12557547	0.040132686	53.945652	0.8042077	0.4410553	2.0411859	-0.4056202	1790000	4.577637e-09	0.07358821	-0.09908709	-0.06406951	9.922744	0.015040103	0.353	58.0	6310.0348563194275
179	0.071966656	0.019338235	0.11915874	0.037812058	60.21212	0.8244487	0.43744117	2.165292	-0.57860124	1800000	2.746582e-08	0.07616675	-0.09974514	-0.061758272	9.832089	0.015133113	0.3548	61.0	6347.158548593521
180	0.07175997	0.017683597	0.12893978	0.038492747	56.613636	0.83219665	0.44189802	2.3189309	-0.4486425	1810000	-3.0517577e-09	0.08357742	-0.060977332	-0.07223219	9.861106	0.016214313	0.2164	22.0	6382.1720316410065
181	0.07317849	0.01967722	0.12284343	0.03898416	56.384182	0.8197742	0.45974502	2.234533	-0.4946046	1820000	-5.79834e-08	0.07415465	-0.017650997	-0.063961305	9.880302	0.015883535	0.2263	6.0	6415.828306913376
182	0.07264053	0.018077545	0.13228785	0.036918547	56.468925	0.822537	0.4627927	2.3135228	-0.523384	1830000	0.0	0.07264562	-0.09501703	-0.06336904	9.881336	0.015121408	0.333	53.0	6452.367308139801
183	0.07316172	0.018735489	0.12918726	0.033677433	57.67442	0.8134175	0.44744533	2.6271558	-0.3529176	1840000	-2.2888184e-08	0.07302355	-0.102671035	-0.06351969	9.838385	0.015119495	0.3725	66.0	6490.394104242325
184	0.07208791	0.018599834	0.119039245	0.036999263	56.16292	0.81129104	0.472283	2.153331	-0.59796655	1850000	-3.051758e-08	0.077881455	-0.0805341	-0.06828253	9.8837185	0.015307981	0.2829	36.0	6525.278685808182
185	0.07211023	0.017237851	0.1254213	0.037575327	57.959064	0.8211053	0.45181236	2.2741616	-0.43143356	1860000	4.901886e-08	0.082722105	-0.018596875	-0.06974731	9.852848	0.015245263	0.2237	6.0	6558.955424547195
186	0.07232783	0.017720347	0.1279762	0.03271998	57.82558	0.83455545	0.46224162	2.3220043	-0.5271454	1870000	7.629395e-09	0.07498438	-0.07640728	-0.06644132	9.823614	0.01550764	0.2755	36.0	6594.124281406403
187	0.074454755	0.020835113	0.13561267	0.0342301	56.340908	0.8517084	0.46062213	2.253515	-0.47814113	1880000	2.746582e-08	0.07349194	-0.08080549	-0.064564064	9.844689	0.015237668	0.2787	37.0	6630.819716691971
188	0.07225241	0.01873625	0.12029647	0.038647212	57.08	0.8193609	0.47994548	2.3075738	-0.561251	1890000	1.2207031e-08	0.07678508	-0.094776876	-0.06743075	9.821114	0.015231216	0.3458	53.0	6667.856394290924
189	0.072645836	0.02010814	0.1364838	0.03357025	58.274853	0.8342513	0.4349176	2.1368823	-0.44775158	1900000	2.2888184e-08	0.07833211	-0.07328602	-0.05935166	9.808031	0.01582558	0.2539	31.0	6702.856518983841
190	0.07254964	0.0189365	0.13884881	0.0414423	58.717648	0.881009	0.45623493	2.3455956	-0.4302918	1910000	-2.0980835e-09	0.08706874	-0.020118272	-0.07717353	9.781597	0.014827731	0.1923	7.0	6738.019206762314
191	0.075114064	0.01867724	0.13296556	0.03914995	56.61932	0.8396449	0.46136686	2.2522783	-0.43811077	1920000	1.1444092e-08	0.080122046	-0.017494738	-0.07066607	9.790284	0.015052967	0.2098	6.0	6771.538863420486
192	0.07243264	0.019171266	0.12681057	0.031118203	59.38095	0.8512368	0.4647561	2.2318528	-0.43886954	1930000	5.340576e-09	0.07334562	-0.10410059	-0.06447572	9.80396	0.01503257	0.3784	69.0	6809.972777366638
193	0.0709048	0.01901477	0.13382569	0.031135714	60.024097	0.8261174	0.46805876	2.2644968	-0.4622028	1940000	-1.2207031e-08	0.07455639	-0.080301486	-0.06621963	9.769909	0.0153571805	0.2809	36.0	6846.265295505524
194	0.07103916	0.017053176	0.122458786	0.03183974	59.712574	0.81605774	0.45921764	2.3025076	-0.64290965	1950000	-6.866455e-09	0.08308345	-0.076808445	-0.07311166	9.790161	0.015082474	0.27	33.0	6881.8735156059265
195	0.0733875	0.018542867	0.12180348	0.034273643	58.052326	0.86734337	0.46438763	2.2823956	-0.47287595	1960000	2.6512145e-08	0.07824143	-0.0885759	-0.06986972	9.781346	0.015175409	0.3112	47.0	6919.433887958527
196	0.074852675	0.019139102	0.12568624	0.04047187	58.278107	0.85938144	0.44459635	2.2761137	-0.6392418	1970000	-5.531311e-09	0.07955296	-0.0896514	-0.07069811	9.784272	0.015194235	0.3083	47.0	6954.989359140396
197	0.07562958	0.019062828	0.12470499	0.04000581	56.56	0.8589612	0.47421893	2.2997322	-0.59788704	1980000	-6.1035155e-09	0.072403625	-0.096159585	-0.064755976	9.734355	0.015273561	0.3503	54.0	6991.785345077515
198	0.07469598	0.019157367	0.144791	0.032422267	57.448277	0.8506699	0.46732378	2.2196567	-0.36333463	1990000	-3.5858154e-08	0.07873095	-0.021927675	-0.06924145	9.749786	0.0154612735	0.1961	7.0	7025.116659641266
199	0.07565432	0.01922109	0.1288245	0.035387453	58.58235	0.8590998	0.4690627	2.208014	-0.47572386	2000000	2.1362304e-08	0.08006191	-0.018486086	-0.07060449	9.791544	0.015523609	0.2209	6.0	7059.770147562027
