Epoch	EntIndex	EntCoeff	AverageEpRet	StdEpRet	MaxEpRet	MinEpRet	AverageTestEpRet	StdTestEpRet	MaxTestEpRet	MinTestEpRet	EpLen	TestEpLen	TotalEnvInteracts	AverageQ1Vals	StdQ1Vals	MaxQ1Vals	MinQ1Vals	AverageQ2Vals	StdQ2Vals	MaxQ2Vals	MinQ2Vals	AverageVVals	StdVVals	MaxVVals	MinVVals	AverageLogPi	StdLogPi	MaxLogPi	MinLogPi	LossQ1	LossQ2	LossV	Time
1	1.2	0.2	123.48401	38.583492	277.1332	78.27261	290.11136	8.675184	300.98282	274.12906	24.668316	52.0	5000	-11.376745	60.853622	98.43047	-150.56612	-11.378837	60.854214	96.57086	-149.71385	-15.061705	68.032486	98.5248	-170.94891	37.41927	168.37231	17101.23	-18.461166	6.5567408	6.4774833	481.5142	19.669824838638306
2	1.2	0.2	120.320526	35.122047	238.47876	78.43536	230.2725	7.033988	238.89284	215.9281	24.0	42.6	10000	139.13437	68.15357	299.6745	-67.37418	139.13412	68.153275	299.81088	-65.89065	148.98106	66.579956	307.102	-50.98698	1.5718158	6.1356244	33.921947	-17.304747	8.935392	9.054889	20.977182	38.52645468711853
3	1.2	0.2	262.64383	76.16077	489.5504	119.23932	248.15503	8.704354	262.16074	234.46884	50.734695	47.3	15000	249.7927	101.6651	387.29877	-126.2051	249.79115	101.67298	382.81384	-129.52371	260.87903	94.47885	382.50415	-119.07778	2.8351452	8.706456	132.36983	-16.992952	36.26641	36.25586	58.527	59.01510715484619
4	1.2	0.2	328.05396	62.606216	475.49384	199.52425	275.63654	10.586126	297.05066	266.91855	65.16883	58.9	20000	238.1877	119.430405	400.22177	-82.50996	238.18506	119.43596	403.25577	-76.350426	245.13623	116.03512	397.20584	-99.905174	0.3851205	7.645998	44.81592	-17.63303	35.534008	35.66305	54.636597	79.62351489067078
5	1.2	0.2	356.70746	82.552155	596.8352	203.92609	347.2707	28.570858	395.80078	292.21735	73.23529	75.4	25000	208.93773	116.36917	376.48917	-83.47401	208.93784	116.36982	378.36972	-77.63344	214.13002	114.766556	374.0283	-97.81846	-1.1656619	5.731896	56.91208	-17.141655	29.311737	29.147947	46.193043	100.43741416931152
6	1.2	0.2	433.45016	100.505775	711.7483	290.33664	419.99936	29.629261	482.29108	389.09033	85.793106	84.5	30000	188.7572	108.54032	346.69287	-35.314564	188.75768	108.541695	344.87778	-28.326189	192.90901	107.86614	347.2772	-33.226032	-2.09038	5.3099875	55.653534	-16.970558	23.76434	23.719185	36.97005	121.19905161857605
7	1.2	0.2	443.00558	110.997986	757.1605	244.62581	488.1647	73.34808	580.94135	350.26343	86.8421	97.1	35000	181.80086	102.53417	339.7639	-27.616356	181.79979	102.53426	342.46823	-33.91508	185.4788	102.15154	347.45053	-30.344788	-2.4443316	5.0391726	41.541996	-17.475798	18.989569	18.835888	28.490454	142.08606147766113
8	1.2	0.2	454.21613	122.24312	889.61633	293.1054	399.6507	82.04596	571.8321	309.23117	92.4	85.3	40000	180.08614	100.00851	335.83044	-102.687965	180.08559	100.00985	336.6971	-42.795544	183.32231	99.87271	333.1203	-53.33685	-3.0107906	4.495038	43.33363	-18.768837	17.01036	17.171915	25.409586	163.31612086296082
9	1.2	0.2	484.6584	133.01186	746.5062	277.6781	545.3999	170.55861	993.4807	418.66776	98.42	103.8	45000	182.17575	101.791145	341.19846	-15.405018	182.17462	101.79228	339.12317	-30.634193	185.28894	101.7322	339.79205	-25.430563	-3.2618566	4.379274	47.06913	-17.056395	16.163588	16.316347	23.968214	184.3004310131073
10	1.2	0.2	511.76147	100.3989	794.5029	340.96014	416.85922	38.17445	487.99435	352.6039	99.4902	77.3	50000	185.30287	102.346085	343.92886	-21.46043	185.30257	102.346924	342.06696	-18.778593	188.20589	102.25654	340.10956	-19.809315	-3.3985891	4.3123426	27.643877	-17.445833	15.307459	15.287141	22.346455	205.43072628974915
11	1.2	0.2	516.8941	93.10905	778.0905	339.51724	530.9409	73.172585	717.0199	474.36603	100.244896	104.4	55000	189.50539	102.898026	347.72803	-16.810293	189.50435	102.89774	349.18085	-16.818354	192.19096	102.72749	345.82233	-23.403664	-3.576314	4.2733803	23.487291	-17.370121	14.695279	14.802665	21.543695	226.39943289756775
12	1.2	0.2	513.1308	106.40321	811.0573	333.40677	534.3069	124.39192	880.5632	460.85452	100.64	99.9	60000	190.76822	102.78289	350.97934	-20.72592	190.76778	102.78159	349.0796	-20.6767	193.15353	102.60319	345.80188	-28.25753	-3.915773	4.146242	24.06033	-17.418707	14.2606535	14.409503	20.458767	247.8530306816101
13	1.2	0.2	532.44946	135.41293	1134.6118	346.9599	578.8248	118.13406	890.53973	457.2803	105.041664	116.8	65000	190.93256	101.969376	350.08527	-21.129452	190.93192	101.96769	347.60962	-16.348051	193.10849	101.78137	345.94647	-30.056686	-4.177111	4.177518	28.551046	-17.272202	14.153814	14.419712	19.833513	269.43073749542236
14	1.2	0.2	515.1206	111.562546	727.64294	325.82245	498.5909	40.85803	583.99915	436.03644	99.98	96.7	70000	191.35773	101.232475	347.38336	-23.606407	191.35794	101.229706	347.2276	-21.73275	193.42384	101.06346	346.12418	-25.373999	-4.294586	4.0901804	25.216213	-17.184402	13.794117	13.991623	18.762693	290.6292107105255
15	1.2	0.2	508.8397	111.97456	861.87524	369.15726	624.96045	60.007767	717.95087	545.271	100.1	119.7	75000	192.33669	100.95075	347.805	-30.044651	192.33655	100.94966	347.7575	-18.748281	194.2757	100.788055	344.7807	-16.102882	-4.529431	4.0362425	26.44458	-18.414557	13.012679	13.078311	17.631659	312.2553696632385
16	1.2	0.2	530.4389	119.17538	855.8595	383.94025	542.4728	52.415028	608.9743	446.69965	101.85714	101.3	80000	193.56981	101.10666	352.91608	-23.478518	193.56989	101.105286	349.6956	-19.812302	195.47627	100.95628	348.86954	-25.405708	-4.5824895	4.045476	29.67542	-17.15321	12.839702	12.838986	17.126467	333.66142678260803
17	1.2	0.2	541.72546	100.658005	787.0814	340.8847	496.6979	38.523937	559.72675	438.55753	104.729164	91.7	85000	196.07428	101.00983	352.6414	-22.928013	196.07503	101.00776	349.28662	-22.621523	197.86613	100.824165	348.7132	-17.297596	-4.709302	4.0455036	26.798061	-17.652485	12.45376	12.577637	16.44795	355.1901762485504
18	1.2	0.2	534.6285	117.48343	857.887	367.13937	591.37866	113.72262	875.30597	459.98196	103.145836	110.3	90000	197.87206	101.07578	352.33264	-22.81704	197.8726	101.07239	349.93546	-29.060707	199.60426	100.878265	347.65082	-29.663725	-4.7003145	4.0170603	38.44939	-17.119827	12.2804785	12.475053	15.950105	376.65146136283875
19	1.2	0.2	544.94495	99.144646	901.08185	403.4854	564.75226	89.43211	702.4446	451.76187	104.875	109.5	95000	199.98103	101.876205	354.0327	-24.327341	199.98148	101.87289	355.34973	-29.144964	201.6678	101.65719	351.65485	-25.106903	-4.742133	4.028204	31.517284	-17.36903	12.108627	12.271044	15.43376	398.417334318161
20	1.2	0.2	548.427	90.45402	843.25037	421.38208	479.5639	49.30074	611.60657	429.6152	105.61702	88.3	100000	201.70088	102.17961	354.81082	-24.514778	201.70229	102.175865	353.61728	-19.455936	203.34027	101.96463	352.54462	-30.37968	-4.764196	3.97552	35.202824	-17.23124	11.930643	11.96178	14.902791	419.63420844078064
21	1.2	0.2	536.9208	96.854805	799.39484	381.61243	530.34454	48.74134	631.60297	442.5313	102.20408	98.6	105000	203.43758	102.563896	360.05533	-33.348133	203.4386	102.560356	357.7574	-35.540684	205.05476	102.36005	355.7572	-40.752445	-4.7442245	4.0242853	27.698895	-17.838924	12.077898	12.190145	14.79976	441.30934953689575
22	1.2	0.2	560.32074	117.123344	897.5359	362.34323	506.42548	50.42017	592.4371	430.99792	109.77778	96.6	110000	204.82436	102.65244	357.61798	-31.411488	204.8253	102.649635	358.52982	-35.59889	206.3831	102.43866	356.8746	-30.215878	-4.909343	3.9797008	27.349716	-18.49031	11.916604	12.013729	14.608502	462.5128884315491
23	1.2	0.2	555.8478	98.37807	866.0151	393.5775	535.1745	50.315224	623.4614	479.28082	107.85107	98.8	115000	206.48691	103.578064	361.68808	-42.495846	206.48817	103.57406	361.0141	-28.384558	208.06677	103.36412	358.81323	-47.804398	-4.8514023	4.034059	56.839718	-17.536694	11.766981	11.850272	14.038262	484.4034924507141
24	1.2	0.2	549.4306	108.53859	835.98486	397.95322	573.54675	130.30333	809.7423	391.70184	104.770836	117.9	120000	208.4548	104.39522	361.97256	-16.148102	208.45654	104.39369	362.39154	-33.839146	209.98306	104.206696	362.35568	-28.152315	-4.739187	3.9795666	32.50158	-18.625956	11.782376	11.701451	13.633914	506.28838992118835
25	1.2	0.2	566.93427	129.17604	974.1698	328.49792	600.1177	103.90142	763.67664	457.56522	111.04444	113.8	125000	209.40399	104.987236	366.22366	-30.491238	209.4055	104.98421	364.58975	-26.671944	210.86285	104.78614	362.19687	-24.305891	-4.8608403	3.9748356	30.540268	-17.705425	12.016918	11.920836	13.776895	528.0498492717743
26	1.2	0.2	560.0239	106.58783	980.498	394.14062	479.1363	95.68964	629.51575	355.12927	108.434784	98.7	130000	210.00821	104.91826	366.2258	-25.401625	210.01013	104.9143	363.45874	-18.298094	211.4492	104.72174	363.02075	-27.340563	-4.9989786	3.95867	35.107803	-16.887499	11.958971	11.968102	13.783432	549.6428852081299
27	1.2	0.2	563.3953	145.42683	1169.4128	326.4882	565.28894	158.47812	876.6144	452.03387	109.54348	107.9	135000	211.02715	104.91303	365.4292	-40.375065	211.02927	104.90993	365.61407	-20.668266	212.44916	104.69973	362.80704	-49.49763	-5.080672	3.9393423	30.94975	-16.730707	11.85597	11.818356	13.268974	571.6214172840118
28	1.2	0.2	553.65546	100.25307	956.617	354.94852	583.66406	66.76045	658.2091	435.5134	106.95652	113.1	140000	211.74672	105.445915	367.067	-38.834488	211.74844	105.441795	366.3759	-32.25698	213.12848	105.26077	364.8539	-30.793201	-5.191663	4.0051417	29.463028	-17.54687	11.86359	11.860984	13.218261	593.5394096374512
29	1.2	0.2	613.7646	150.55035	1124.7869	378.4894	626.1917	110.7277	820.12695	447.92136	120.2619	119.5	145000	212.88115	105.828705	368.47403	-37.19717	212.88345	105.825	367.71082	-28.49844	214.24913	105.65535	367.1677	-38.56274	-5.043219	4.021963	109.70289	-17.69554	12.111695	12.107775	13.341252	615.4604709148407
30	1.2	0.2	571.9233	117.49173	899.3126	405.13986	518.5791	38.614315	580.4853	450.5681	112.15909	97.7	150000	213.86292	105.74619	367.77893	-18.52989	213.86517	105.741974	367.02386	-25.617817	215.21555	105.52838	366.98163	-33.878727	-5.146392	3.9898555	31.638187	-17.262054	12.013723	11.961117	13.009131	637.1394543647766
31	1.2	0.2	599.78033	129.31804	975.6082	384.86578	569.0725	109.90387	767.5841	454.3745	116.4186	105.9	155000	215.19429	106.23882	369.18784	-33.921227	215.1965	106.23498	370.27066	-23.485977	216.51491	106.02324	367.43375	-27.923328	-5.212523	3.9987326	32.97669	-17.064337	12.069581	11.957112	12.881158	659.1122870445251
32	1.2	0.2	571.9561	142.75368	1224.3341	360.73633	543.9884	59.058254	689.3853	498.61237	111.35555	100.4	160000	216.29924	106.81342	371.76987	-34.05754	216.30002	106.811295	371.0788	-21.568306	217.6184	106.62767	369.7532	-34.424297	-5.2273593	4.0075235	39.06309	-18.902157	12.11088	12.055236	12.616303	680.9442486763
33	1.2	0.2	576.7069	134.04271	1106.9296	298.77884	593.6711	115.55788	863.4094	512.1967	111.35555	110.8	165000	216.62737	107.0914	372.0683	-31.170069	216.62793	107.09065	372.6712	-24.364765	217.91624	106.89337	370.60352	-34.76519	-5.2201324	3.9815173	35.53489	-17.323511	12.196433	12.1579895	12.678859	702.9264898300171
34	1.2	0.2	593.62476	133.32295	1055.9525	363.31915	497.02362	36.93703	567.70654	420.34824	116.04651	90.7	170000	217.57867	107.00558	372.36023	-37.495907	217.57945	107.002846	374.09946	-20.750338	218.84047	106.80807	371.7896	-41.43967	-5.274353	4.0040655	34.353043	-16.975021	12.146459	12.128624	12.515978	724.7997517585754
35	1.2	0.2	580.726	128.21683	976.4305	367.4692	600.69244	78.33735	744.39685	460.47614	111.4	113.4	175000	218.23625	107.02176	375.09998	-36.40666	218.23727	107.02027	372.45844	-28.16178	219.48076	106.81744	372.32266	-32.660503	-5.372168	3.9556568	32.24671	-17.903399	12.048577	12.038004	12.211859	746.8689787387848
36	1.2	0.2	582.1891	122.8586	1243.8392	440.1216	567.96783	54.368008	692.19165	486.73816	112.954544	106.4	180000	218.4889	107.0451	373.0761	-36.762157	218.49026	107.0424	373.0358	-22.121323	219.7093	106.84778	372.5114	-18.14453	-5.440381	3.9335878	32.649273	-16.370949	12.068621	12.031071	12.130522	769.1679630279541
37	1.2	0.2	611.15424	125.09527	903.00226	406.92877	543.44354	47.63008	608.9926	484.5926	119.02381	100.4	185000	219.72432	107.63244	372.94366	-26.394218	219.72523	107.63109	372.96426	-39.277885	220.94017	107.42999	372.4586	-25.361973	-5.514651	3.872751	30.229465	-17.824911	12.143345	12.066962	11.964791	791.2076044082642
38	1.2	0.2	571.19867	111.20809	959.5744	408.96426	627.81915	76.39533	765.0695	500.69443	111.17778	119.3	190000	220.77078	107.965996	376.0426	-27.736519	220.77263	107.96354	377.09705	-36.43315	221.97832	107.763756	373.4371	-23.243288	-5.5963902	3.8844547	32.396057	-17.350641	11.926519	11.832814	11.771603	813.3488900661469
39	1.2	0.2	599.3406	100.87147	820.24304	360.03458	732.452	115.54394	976.8395	521.85815	116.325584	143.4	195000	221.49922	108.06366	375.4804	-39.76495	221.50069	108.06112	374.13034	-41.752552	222.70012	107.85363	373.51797	-26.622372	-5.60781	3.8195312	38.413998	-20.956211	11.8467455	11.750303	11.51453	835.8355913162231
40	1.2	0.2	618.61584	114.0312	933.6263	446.8423	557.16614	94.163414	785.77954	437.3578	118.95238	105.9	200000	222.34622	108.57391	376.5902	-27.537222	222.34822	108.57199	376.54645	-23.153652	223.54027	108.378494	374.6558	-25.763561	-5.5950003	3.7994742	49.889297	-17.56215	11.917179	11.790392	11.423418	858.3549449443817
41	1.2	0.2	614.58344	147.87971	961.822	356.78125	651.6493	162.73688	1054.478	444.89578	119.59524	122.2	205000	223.6337	108.848335	382.8855	-19.899954	223.63551	108.845375	376.59186	-25.74499	224.84534	108.64699	378.2121	-22.580389	-5.6114254	3.852269	34.200665	-16.910765	11.807744	11.81789	11.322243	880.8454279899597
42	1.2	0.2	660.3954	160.04132	1284.6785	440.84305	481.90692	65.45647	634.3926	412.36105	127.76923	90.7	210000	225.37392	109.73459	378.7557	-34.63066	225.37535	109.73228	379.96143	-28.17403	226.57669	109.543015	378.82855	-39.42669	-5.613338	3.804081	31.227734	-16.475239	12.0506525	11.914811	11.552245	903.043628692627
43	1.2	0.2	620.6793	145.79353	1079.4155	393.51697	568.2785	110.3812	787.5031	406.68256	122.39024	110.4	215000	226.32092	110.33652	380.73248	-22.652311	226.32304	110.33483	380.20877	-37.70958	227.51051	110.1511	379.5103	-22.7515	-5.651013	3.8534954	38.162964	-17.721746	12.196183	12.01573	11.408598	925.5531477928162
44	1.2	0.2	650.24945	139.87933	998.57996	429.00406	557.4132	46.81407	635.3348	493.01273	126.075	103.6	220000	227.03839	110.942154	385.28632	-28.429815	227.04013	110.93954	383.32288	-27.96006	228.20956	110.7646	382.51843	-26.4257	-5.577549	3.871055	37.582825	-16.864328	12.411268	12.3272295	11.550216	948.4739871025085
45	1.2	0.2	669.15497	187.37117	1272.8298	448.6991	576.36646	85.077484	759.5075	475.50787	129.5	106.4	225000	227.28236	110.89814	387.81857	-21.565477	227.28456	110.89543	386.5818	-24.828686	228.46053	110.71351	383.65814	-19.287476	-5.5643077	3.880434	41.78225	-17.18153	12.567833	12.456986	11.478334	970.5755779743195
46	1.2	0.2	633.4645	131.28607	988.9118	440.17642	635.1751	68.19123	733.7465	520.64777	120.51219	122.1	230000	229.11432	111.33306	386.29507	-23.718678	229.11603	111.33101	386.75766	-19.163658	230.33041	111.17615	386.87784	-24.979605	-5.319846	3.9581354	38.06346	-17.631836	12.512047	12.359559	11.4678	992.9320702552795
47	1.2	0.2	652.45044	162.23358	1235.7938	378.02615	622.80457	83.28275	750.887	499.35583	125.560974	119.1	235000	230.37993	112.39396	388.23117	-24.039413	230.38185	112.39117	387.1195	-23.986212	231.5868	112.23696	386.24933	-41.55791	-5.378818	3.9614396	44.855873	-17.162842	12.706584	12.553045	11.583296	1016.1165456771851
48	1.2	0.2	652.20135	157.49678	1093.4154	432.5279	666.3148	63.306503	813.6652	586.9776	125.25641	126.1	240000	231.98607	112.99195	388.46564	-50.013245	231.98842	112.98853	390.7957	-21.558739	233.19682	112.8319	390.19485	-22.375101	-5.206086	3.998898	41.124844	-17.094847	12.791227	12.571071	11.604727	1038.6226284503937
49	1.2	0.2	690.4138	131.21756	1005.54407	472.82544	695.5924	250.94283	1429.0338	532.5193	133.5	137.0	245000	232.51791	113.674	391.86868	-15.615486	232.51933	113.67188	391.01035	-41.512268	233.71326	113.525826	390.87003	-26.315405	-5.1961274	4.034815	41.030186	-17.460758	13.06939	12.839425	11.761119	1061.7173328399658
50	1.2	0.2	620.5506	176.44743	1253.0631	423.5453	603.1072	108.71579	867.11365	464.54797	119.40476	112.2	250000	233.3267	114.34214	395.62234	-27.357903	233.32916	114.33993	393.13187	-22.057653	234.55054	114.217125	392.95255	-29.662037	-5.130209	4.049325	50.77525	-16.830017	13.330338	13.121648	11.953956	1084.4920868873596
51	1.2	0.2	680.4279	174.85823	1279.6263	439.34497	574.62665	49.13454	698.0229	518.3177	132.60527	112.0	255000	234.23843	114.7203	397.2801	-34.82537	234.24057	114.716255	397.0235	-34.10119	235.41798	114.57964	394.16617	-25.350111	-5.101734	4.087922	66.44782	-19.849396	13.651803	13.47549	12.146213	1107.5095517635345
52	1.2	0.2	655.53204	133.8975	1062.4515	434.13397	614.23773	97.8725	827.6402	519.3025	128.07692	117.1	260000	235.46045	114.81444	396.86774	-26.416836	235.46278	114.81285	395.65207	-32.251595	236.67433	114.702156	396.25333	-21.414549	-5.029023	4.093761	44.285767	-16.612415	13.872656	13.625909	12.30741	1130.3598449230194
53	1.2	0.2	629.7193	108.7644	895.00256	437.69733	560.6942	50.16092	632.7021	494.78638	121.268295	110.5	265000	236.42216	115.4978	400.1246	-17.338675	236.4246	115.494995	399.06387	-29.801489	237.63397	115.392494	399.50116	-35.20173	-5.122057	4.0418653	40.70852	-17.196886	13.979515	13.684681	12.344427	1153.1823377609253
54	1.2	0.2	714.5782	201.02536	1297.1809	446.12012	572.4334	127.282684	836.79095	370.39456	138.77777	111.7	270000	237.20128	115.81752	399.0788	-27.28502	237.20349	115.81529	401.36606	-28.936035	238.3973	115.70472	398.79095	-37.529076	-5.1229057	4.06201	37.717644	-16.981407	13.778737	13.513384	11.966452	1176.1647398471832
55	1.2	0.2	708.004	175.20778	1260.1125	464.07547	653.97516	114.43715	895.42645	521.8319	137.69444	121.4	275000	238.10991	116.239265	400.31396	-43.765263	238.11229	116.2366	399.71017	-40.577637	239.30174	116.11151	398.67172	-27.333406	-4.9927073	4.118341	48.725975	-17.674006	13.769061	13.441912	12.067308	1199.1264655590057
56	1.2	0.2	712.2283	164.13527	1104.704	453.69534	726.3578	170.59448	1079.5505	567.5537	136.97223	136.9	280000	239.39507	116.61396	403.13107	-23.100874	239.39769	116.611855	402.44885	-15.406787	240.6283	116.512886	401.09528	-21.597967	-4.9543166	4.077407	44.60144	-17.67981	13.9792385	13.654976	12.063568	1222.1560142040253
57	1.2	0.2	774.3483	149.34485	1137.5996	542.1863	692.98987	86.1412	856.25195	560.13153	149.5	138.1	285000	240.83585	117.52823	405.09177	-59.567924	240.83783	117.52643	403.9987	-18.979298	242.07558	117.42685	403.1156	-26.476162	-4.884588	4.137425	39.3584	-17.237303	14.151621	13.820219	12.179014	1245.9061732292175
58	1.2	0.2	804.7982	212.1745	1319.3926	496.57004	581.7595	107.38012	875.81726	484.38248	155.375	109.0	290000	241.6463	118.47748	409.04413	-22.11332	241.64827	118.474396	408.25046	-26.22113	242.8729	118.40906	406.80667	-29.302246	-4.8041916	4.1718626	44.64532	-17.104223	14.619058	14.345984	12.688472	1269.1094274520874
59	1.2	0.2	746.9704	162.05531	1162.9509	494.01196	637.2067	79.79281	795.9237	511.37262	143.71428	119.9	295000	243.05676	118.964714	409.42145	-45.172817	243.05946	118.96254	408.9743	-22.75355	244.29893	118.90016	408.35828	-29.005943	-4.7184668	4.2580895	54.42253	-17.304619	14.88279	14.615883	12.606479	1292.390972852707
60	1.2	0.2	839.97626	212.44121	1284.8217	502.37448	586.0846	73.4724	747.45496	502.90836	160.7742	112.3	300000	244.93343	119.792206	412.1311	-43.891388	244.93451	119.78952	412.1232	-17.921804	246.2295	119.738045	410.25867	-39.856922	-4.5595875	4.3558793	41.058315	-17.035828	14.92528	14.560064	12.592583	1315.5512754917145
61	1.2	0.2	850.9292	179.1358	1330.1948	533.70575	769.7163	143.89351	1071.6647	605.7734	163.6129	147.8	305000	247.4363	121.14551	416.81235	-27.773401	247.43834	121.14468	412.8585	-22.317007	248.74536	121.0974	413.33246	-28.649092	-4.5379696	4.3141522	47.303802	-18.168047	15.156095	14.796601	12.743871	1339.34419131279
62	1.2	0.2	821.89935	206.86266	1516.2021	529.5177	652.3587	58.207703	789.255	575.00433	161.54839	122.4	310000	249.14758	122.40941	419.233	-37.12135	249.15016	122.40809	418.12527	-27.596474	250.46642	122.38851	416.68524	-44.800556	-4.3802223	4.460711	50.786304	-17.682522	15.440007	14.971926	12.859758	1363.0154864788055
63	1.2	0.2	851.67413	233.10551	1409.477	503.11642	668.7385	118.58256	980.64954	554.1245	165.3	125.2	315000	250.8403	123.6371	421.74484	-22.05703	250.84232	123.63505	421.73907	-52.915337	252.17152	123.618225	419.99268	-37.02766	-4.3354335	4.5004277	48.484173	-16.830824	16.009853	15.724677	13.555787	1386.156210899353
64	1.2	0.2	1015.31555	295.18634	1908.5437	562.51984	762.6535	169.36339	1155.2676	625.4488	198.36	145.1	320000	252.76651	124.67838	425.38135	-28.603987	252.7691	124.67598	426.47348	-19.645374	254.13086	124.69164	423.2289	-20.393099	-4.0469584	4.6752214	50.957203	-16.624363	16.184076	15.832158	13.485788	1410.0585951805115
65	1.2	0.2	955.0601	314.79666	1634.906	519.1632	658.99585	133.02524	1045.0881	575.11475	186.85185	123.3	325000	255.25635	126.06798	430.4992	-25.384193	255.25806	126.066956	428.70297	-18.606024	256.64554	126.09098	428.76154	-21.571245	-4.013193	4.6380267	52.202835	-17.085712	16.778912	16.423693	14.0300045	1433.8001050949097
66	1.2	0.2	939.39685	239.26964	1421.152	554.9628	963.67346	163.63303	1287.4781	804.38275	183.44444	185.6	330000	257.82574	127.52989	432.81967	-54.46145	257.8272	127.527695	431.76422	-49.607876	259.21024	127.541176	433.4493	-48.958458	-3.8645077	4.6448083	57.352867	-17.304571	17.389698	17.132313	14.241481	1457.900999546051
67	1.2	0.2	1101.921	545.01666	3385.2214	592.34735	1301.4564	470.72952	2229.3975	643.7038	215.26086	254.8	335000	259.1606	128.41652	434.84924	-58.568684	259.16278	128.41437	435.79437	-28.468508	260.56708	128.43253	434.6798	-21.50774	-3.6952834	4.799588	60.330933	-16.49726	17.68834	17.319187	14.441549	1482.8466370105743
68	1.2	0.2	1042.6266	448.03723	2824.8147	458.94586	740.8791	160.71208	959.549	529.69226	203.6	140.6	340000	261.83722	129.99458	440.50107	-25.771545	261.839	129.99312	440.62393	-22.525883	263.34802	130.05644	439.44904	-20.167809	-3.5017333	4.9883475	45.911545	-16.942839	17.953625	17.54427	14.623177	1507.3488895893097
69	1.2	0.2	1225.9803	450.82797	2286.576	652.49255	880.91846	104.70778	1061.7078	731.0053	243.45	168.3	345000	265.20193	132.02722	446.55347	-29.36738	265.20416	132.02597	446.2517	-16.00771	266.7077	132.10542	442.7778	-20.178547	-3.5120802	4.9368706	42.150246	-17.000496	18.67198	18.352129	15.477413	1531.5701491832733
70	1.2	0.2	1223.9911	338.798	1852.534	662.59033	804.1929	97.36138	922.8279	601.7195	239.85715	154.8	350000	267.12637	133.43408	446.47464	-46.78807	267.12817	133.43175	448.95886	-30.93896	268.6064	133.48347	444.99966	-43.27089	-3.3124158	5.1051874	62.483032	-16.789333	19.145252	18.765247	15.397051	1556.119875907898
71	1.2	0.2	1257.2194	442.0308	2587.2297	438.69803	1016.1408	137.77509	1270.2593	804.9153	248.1	194.1	355000	269.60855	134.49878	452.10852	-32.470535	269.6105	134.49754	451.0685	-23.39875	271.10638	134.55215	450.2755	-29.108568	-3.298451	5.1337953	57.408997	-18.529253	19.663382	19.232649	15.8608265	1580.8607943058014
72	1.2	0.2	1425.3184	655.1639	3390.0066	507.57587	1443.9468	1032.5259	3903.7349	613.02423	284.66666	287.2	360000	271.51086	135.76675	454.5414	-18.639534	271.51288	135.7639	453.0952	-22.709497	273.04004	135.84328	453.11978	-19.754717	-3.2264276	5.137696	63.575512	-17.184845	20.111713	19.844124	16.135324	1606.9615666866302
73	1.2	0.2	1629.3683	657.7673	2711.8167	478.2219	1838.6908	1517.8422	5025.6226	668.64764	330.13333	367.5	365000	273.66373	137.39435	456.47192	-32.468452	273.6668	137.39204	456.95407	-30.76994	275.20963	137.47041	459.25653	-21.398478	-3.1955562	5.17106	43.10549	-16.981062	20.707218	20.411964	16.746103	1633.556837797165
74	1.2	0.2	1901.0118	1352.9568	5000.2734	550.2907	2371.7544	1281.3392	5061.172	907.1954	379.53845	470.5	370000	276.27182	138.71588	461.6634	-44.166218	276.27402	138.71387	458.79672	-24.911001	277.81915	138.7859	456.53903	-32.0427	-3.1552846	5.2370768	51.72308	-16.932098	21.33475	20.853731	16.862425	1661.067544221878
75	1.2	0.2	2302.9624	977.167	4112.7017	765.10266	673.7795	167.34903	1064.7793	497.3286	459.1	143.4	375000	279.24344	140.12105	461.29062	-30.474592	279.24628	140.11884	461.81427	-23.986246	280.82114	140.19737	459.88437	-22.606306	-3.0152752	5.3346577	61.247818	-17.79535	21.677025	21.23324	17.565868	1684.389853477478
76	1.2	0.2	1464.3586	774.50946	3087.938	637.59265	2785.6555	1954.6464	5100.5103	616.2683	291.16666	552.5	380000	281.74753	141.1031	464.687	-36.570526	281.75046	141.10071	469.66144	-28.656784	283.334	141.16158	462.21353	-38.82783	-2.7884235	5.4742045	48.553635	-16.93608	21.962439	21.236954	17.131014	1713.7338638305664
77	1.2	0.2	1863.3477	1153.2725	5015.7354	649.9986	1000.49756	558.2009	2617.7788	634.9861	373.35715	193.2	385000	284.39157	142.75209	468.3966	-26.333006	284.39554	142.74783	468.91724	-31.489885	286.0131	142.84007	466.15152	-28.433731	-2.6694562	5.5310616	55.781513	-16.77818	22.463076	22.129396	17.862139	1739.9353652000427
78	1.2	0.2	1563.0172	663.42615	3039.7349	694.9078	3292.5962	1518.6456	5032.9985	893.5327	314.0	649.9	390000	287.15485	144.4896	472.04886	-32.408558	287.15762	144.48836	470.5198	-27.705227	288.80463	144.5668	472.76456	-34.442776	-2.6074195	5.545878	67.65895	-18.93066	23.326792	22.779179	18.248255	1769.5688211917877
79	1.2	0.2	1879.6282	1111.8131	4136.607	582.76013	2497.2065	2149.559	5126.223	511.70605	375.84616	486.4	395000	290.36282	145.82051	475.09634	-46.68301	290.3654	145.81798	474.4071	-37.176456	292.01538	145.90776	474.37128	-28.137493	-2.6648707	5.513011	54.439117	-17.644806	23.95449	23.484083	18.626305	1797.2067532539368
80	1.2	0.2	1604.783	955.1394	3890.5222	671.0887	1208.3634	627.4697	2753.6738	659.0653	316.25	237.5	400000	292.6275	147.61298	478.2412	-25.134113	292.6312	147.60954	479.20654	-25.272152	294.28232	147.70183	477.00137	-25.171654	-2.3903978	5.727835	55.44007	-17.01875	25.035072	24.439442	19.270742	1823.2984781265259
81	1.2	0.2	2311.216	1585.4109	5009.288	757.1383	641.0114	104.80623	890.114	543.6938	458.0909	122.1	405000	294.6071	148.2609	481.28082	-25.759432	294.61047	148.2573	480.74002	-38.32505	296.2524	148.3375	478.27243	-24.786827	-2.392569	5.730797	62.053097	-16.576351	25.57135	25.125708	19.732561	1848.127381324768
82	1.2	0.2	2785.7893	1471.5428	5098.556	655.2269	947.6283	318.1497	1783.0745	633.40393	551.55554	180.1	410000	297.5504	149.30145	485.50027	-27.190462	297.554	149.29793	484.6333	-37.749477	299.22604	149.37558	483.0313	-37.919872	-2.3624232	5.6771836	77.21594	-17.98517	25.541119	25.067596	19.620106	1873.4278664588928
83	1.2	0.2	1783.2089	1055.3527	4830.4487	716.389	3520.021	1387.9021	5142.9253	1557.7341	353.85715	683.4	415000	299.49313	150.05891	486.0271	-29.174347	299.496	150.05559	482.9528	-26.980639	301.18735	150.1227	484.93402	-45.536682	-2.2590165	5.7263603	66.02388	-16.975288	25.589903	25.128063	19.836369	1903.630550146103
84	1.2	0.2	1738.432	762.21985	3878.2485	666.88464	2517.7778	1038.278	5053.73	1381.401	341.73334	495.2	420000	302.07898	150.94084	490.86218	-21.612122	302.08228	150.93874	486.34924	-37.754395	303.74432	150.98015	484.44672	-24.62938	-2.3823252	5.7360835	64.26098	-17.080677	26.357428	25.900043	20.236225	1932.2768919467926
85	1.2	0.2	1764.4572	605.90576	3317.7861	1046.8241	4795.427	1233.8151	5216.0874	1094.0195	343.6154	920.8	425000	304.19873	151.63861	491.7102	-33.47216	304.20038	151.63596	486.46347	-36.32792	305.89725	151.67343	484.9388	-37.136745	-2.2420788	5.8167377	54.168644	-16.38385	26.236559	25.728926	19.791834	1962.6907827854156
86	1.2	0.2	3088.7156	1325.2062	5047.055	974.3655	1837.3877	1253.195	4907.01	873.44305	608.6667	369.3	430000	306.3255	151.82559	488.36954	-24.347454	306.32837	151.82324	491.2763	-45.90207	307.9795	151.81316	487.9314	-32.236256	-2.2758033	5.830809	54.06936	-16.95429	25.825056	25.399427	19.902998	1991.7651824951172
87	1.2	0.2	1661.7759	866.29224	4577.407	860.9355	2104.7742	1528.5426	5085.494	940.8965	331.73334	413.4	435000	308.49963	152.12515	489.18933	-32.742657	308.5018	152.12367	487.36517	-30.550549	310.19357	152.10738	488.67966	-48.402447	-2.266067	5.7864866	69.54105	-16.586426	25.060139	24.609264	19.296494	2019.3640439510345
88	1.2	0.2	2300.2043	1443.5007	5038.603	792.4013	4870.7695	661.24176	5101.683	2887.098	456.72726	956.2	440000	311.17035	153.29085	491.60147	-36.694954	311.17307	153.28769	493.4916	-30.112804	312.87042	153.27089	492.7864	-33.32495	-2.1399977	5.7990837	55.434265	-17.636974	25.279081	24.897913	19.404108	2052.704428911209
89	1.2	0.2	1970.8107	1372.7007	5089.3345	831.06934	4183.5225	1764.4055	5068.7964	539.9017	387.76923	826.0	445000	313.51636	154.1841	494.39548	-50.094875	313.51917	154.18254	493.92593	-64.54595	315.2383	154.1889	493.18567	-45.285248	-2.1192646	5.881923	49.68582	-16.996748	25.846064	25.340109	20.009459	2085.0509235858917
90	1.2	0.2	2107.358	1257.8967	5051.228	1079.1204	1008.9137	225.3071	1340.2498	683.05023	415.9091	199.5	450000	315.6455	154.9078	497.3501	-47.117714	315.64734	154.90508	495.25186	-55.37061	317.35168	154.88144	494.32938	-54.986084	-2.110552	5.9176083	57.3992	-17.106544	26.034023	25.755402	20.153812	2109.416487455368
91	1.2	0.2	2572.0942	1128.5173	4725.154	1071.7131	946.0366	160.23734	1264.9098	710.55646	507.5	176.7	455000	317.46277	155.84995	495.77322	-53.966537	317.466	155.8474	497.3	-42.777252	319.17392	155.80551	495.85434	-41.533447	-2.0867162	5.9902124	63.46659	-17.10126	26.481884	25.984514	19.98109	2135.3819308280945
92	1.2	0.2	2654.8474	1133.3835	4968.5405	1634.3782	1661.21	589.75323	3127.9077	1091.944	523.4	315.0	460000	318.3555	156.37164	498.06927	-25.164097	318.35693	156.36893	496.12775	-27.563255	320.02066	156.32835	496.1426	-48.866043	-2.140554	5.989764	58.604813	-17.235653	26.574896	26.245369	20.274094	2163.5756890773773
93	1.2	0.2	2859.1501	1208.6766	4609.6113	1296.5314	4235.264	1108.0743	5137.535	2231.04	560.3333	827.7	465000	320.6255	156.68976	500.72443	-31.725327	320.62808	156.68806	501.5765	-37.00153	322.30743	156.63391	498.83026	-61.54027	-2.1036003	5.976807	56.377	-16.816973	26.753551	26.145357	20.33131	2195.9749915599823
94	1.2	0.2	1908.9811	921.6964	3672.016	906.7154	4824.2915	549.7321	5178.711	3510.0474	375.30768	935.1	470000	321.69565	156.92505	508.17084	-22.10865	321.69864	156.9222	498.52817	-35.04367	323.3711	156.84341	497.07883	-33.015793	-2.3147023	5.923849	59.798378	-16.724028	26.061678	25.748247	19.901655	2228.626627922058
95	1.2	0.2	3699.7803	1469.6863	5055.033	1120.3301	2213.7368	1372.7288	5174.5684	685.1229	735.3333	426.6	475000	324.1029	156.85558	502.2748	-25.571846	324.10565	156.85364	515.9232	-31.173634	325.74335	156.75964	497.2433	-49.582413	-2.2796555	5.959022	73.79741	-21.097572	26.080446	25.468615	19.858574	2255.057692050934
96	1.2	0.2	2471.0	1374.6445	5095.63	691.08826	1237.55	519.1499	2070.9014	660.87	484.18182	234.1	480000	325.23334	157.39331	505.11447	-27.912819	325.23557	157.39095	499.25693	-27.9233	326.88126	157.32428	498.85303	-30.599577	-2.0996165	5.987544	55.381554	-16.956488	26.267021	25.919903	20.213144	2281.987060546875
97	1.2	0.2	2264.2473	1409.8063	5075.824	797.23083	823.26074	438.0648	2003.8307	500.61276	442.36365	156.0	485000	326.49634	157.85034	503.5793	-22.034775	326.49747	157.85027	500.00003	-32.75397	328.12982	157.76369	500.2663	-30.835592	-2.0550592	6.12567	59.500713	-16.922634	26.047764	25.597866	19.873028	2307.3038613796234
98	1.2	0.2	2768.8154	1077.861	4730.921	1151.2881	2352.2651	1510.1904	5103.0845	886.21857	546.4	463.9	490000	328.7562	158.4791	503.21826	-23.010132	328.7589	158.47707	505.87308	-28.022919	330.42355	158.3954	503.72693	-34.30595	-2.1673298	5.987377	56.412407	-17.298431	26.334661	25.837763	19.936714	2337.3062958717346
99	1.2	0.2	1866.7109	1094.2236	4939.298	551.55566	5100.035	18.032139	5153.7065	5090.259	366.08334	1000.0	495000	330.16293	158.9732	507.53424	-32.82508	330.16522	158.97116	504.06232	-31.18551	331.85104	158.9102	505.84106	-21.92781	-2.1132195	6.012795	62.47826	-16.637278	26.444185	26.11478	20.178228	2369.86590385437
100	1.2	0.2	1915.7747	1215.0576	4844.848	671.2187	1616.027	659.9705	2874.2876	938.07855	382.5	318.1	500000	333.1129	159.89503	505.49927	-32.030792	333.11356	159.89479	510.54028	-49.59413	334.81256	159.80743	504.93896	-49.77776	-2.0767946	6.06051	135.73349	-16.604975	27.210989	26.77429	20.491272	2398.341444015503
101	1.2	0.2	3364.7725	1598.312	5024.371	1221.2015	1034.9971	203.52588	1519.7213	828.3124	670.875	201.2	505000	333.89468	160.43776	507.3936	-36.708767	333.89703	160.43666	508.57632	-32.96184	335.54483	160.34587	506.3257	-25.482681	-2.1710026	5.997529	60.868732	-17.679014	26.843784	26.286945	19.976025	2426.3081142902374
102	1.2	0.2	2611.4155	1414.2588	5083.08	681.4383	3806.2578	1856.6287	5054.6865	834.8293	513.6667	760.4	510000	335.47104	160.75743	509.66888	-18.54971	335.47205	160.75838	508.76096	-32.23906	337.1383	160.68573	508.7477	-38.13711	-1.9974016	6.078751	77.75594	-17.03518	27.207924	26.776886	20.514767	2457.303697347641
103	1.2	0.2	1948.585	1247.6216	5050.2227	450.28113	1530.8691	1262.6598	5151.8384	776.7105	385.57144	291.4	515000	337.26428	161.58363	511.17053	-46.19473	337.26486	161.58682	512.69415	-34.60066	338.92624	161.51431	512.56866	-44.185192	-1.9819759	6.108778	63.513332	-16.605316	27.285143	26.762644	20.520464	2485.4009940624237
104	1.2	0.2	3197.9607	1375.325	5045.0444	1333.9067	2875.9053	1167.6207	5051.9067	1705.6642	637.2857	574.5	520000	338.9197	161.94583	513.44543	-31.00561	338.91907	161.94977	513.4863	-34.3333	340.60104	161.87009	512.64813	-42.36981	-2.0482314	6.1951275	103.50125	-16.40034	27.601791	27.149323	20.655352	2513.90003991127
105	1.2	0.2	2233.9763	1451.0565	5004.128	629.82574	5056.6763	17.46093	5090.6416	5032.7437	445.58334	999.8	525000	340.26566	162.22815	517.1025	-27.181324	340.2603	162.2387	513.6257	-39.90819	341.92828	162.14325	513.873	-36.0248	-2.0227191	6.11961	73.58547	-17.41254	28.194233	27.806047	20.841652	2549.552362680435
106	1.2	0.2	3704.6218	1612.4683	5085.294	823.85474	2070.113	1011.9651	5003.4175	1284.467	733.7143	409.4	530000	342.05548	163.38342	518.6212	-47.85128	342.04556	163.40738	515.83887	-93.356	343.74936	163.34991	516.8808	-80.26107	-1.9136096	6.216726	188.37361	-18.392387	28.719858	28.32692	21.398712	2579.243989467621
107	1.2	0.2	3344.0955	1465.3529	4912.661	722.3959	4305.952	1579.1777	5107.882	959.57544	671.4286	847.1	535000	343.77142	164.45108	518.7957	-37.284378	343.75504	164.48479	516.9426	-77.91843	345.4341	164.42964	517.8434	-35.65148	-1.951752	6.2105665	86.51281	-17.324976	28.986603	28.663338	21.632313	2611.2962057590485
108	1.2	0.2	1960.6332	1123.3826	4987.172	817.70856	857.3273	373.26443	1931.9105	575.641	384.7143	164.2	540000	345.2279	165.32219	519.8708	-52.292248	345.2143	165.35352	517.81616	-53.66111	346.8693	165.28352	517.24536	-61.220245	-1.8939288	6.2148504	75.131004	-18.673798	28.929302	28.517506	21.110407	2638.6670899391174
109	1.2	0.2	2515.9329	1039.3777	5009.952	1060.749	1732.3578	749.1633	3186.335	787.931	495.9	334.2	545000	346.2486	165.3788	517.781	-46.456417	346.23737	165.40115	518.56006	-53.14506	347.87238	165.29802	518.4441	-44.349545	-1.8845377	6.2073917	70.056816	-17.047668	28.565449	28.428066	21.261257	2666.4943516254425
110	1.2	0.2	3565.0374	1376.9089	5120.628	1449.6945	4683.33	677.87213	5151.776	3289.9646	705.0	915.3	550000	347.36838	165.23251	518.60876	-33.76024	347.36102	165.24834	519.3893	-38.016144	349.01456	165.143	518.6235	-54.1034	-1.7893257	6.310173	96.86097	-18.16168	29.049889	28.771738	21.574741	2699.7852625846863
111	1.2	0.2	2289.9907	1230.1166	4472.767	751.8551	5139.9253	17.716343	5177.994	5123.643	447.9091	1000.0	555000	349.044	164.68639	521.78625	-40.62386	349.0406	164.69576	521.90753	-43.42431	350.70718	164.56749	520.60876	-60.147587	-1.8294185	6.287751	83.4833	-16.635452	29.613243	29.233515	21.99418	2734.1928572654724
112	1.2	0.2	2820.874	1078.4899	5063.6655	1245.5477	1857.611	695.4128	3361.06	1095.8749	557.7778	365.1	560000	350.49304	164.50816	525.6102	-66.12626	350.49225	164.51228	522.83374	-91.85296	352.13547	164.38025	521.4542	-85.1842	-2.1150553	6.2350283	103.50997	-17.024338	29.261545	28.84995	21.164692	2762.8199622631073
113	1.2	0.2	2071.8938	1139.166	4951.4683	888.5503	5121.515	14.19006	5147.575	5099.416	410.66666	1000.0	565000	352.52478	164.19028	521.7794	-41.24361	352.52426	164.1939	529.1596	-58.026836	354.18298	164.03621	520.2183	-38.336155	-2.0129225	6.276927	63.292282	-16.642824	28.8433	28.359226	21.157677	2797.1629638671875
114	1.2	0.2	2980.9663	1485.5188	5059.9004	686.86346	5010.591	24.445114	5043.0635	4966.415	586.125	1000.0	570000	353.90292	164.36089	522.03253	-42.05107	353.90366	164.36224	522.55865	-46.914413	355.55814	164.2076	522.01355	-38.27469	-2.124568	6.2486887	77.36436	-17.63222	28.599535	28.203848	20.56939	2831.6735219955444
115	1.2	0.2	2921.7812	1457.8469	4992.8174	880.0227	5119.913	152.96655	5189.1113	4663.1167	581.6667	992.5	575000	356.24994	164.27966	524.0184	-40.809124	356.2494	164.28215	524.118	-37.036003	357.89923	164.12192	523.12506	-37.40023	-2.104053	6.2621417	64.21245	-16.799637	28.679237	28.192854	20.919884	2867.426783323288
116	1.2	0.2	2520.187	1429.6205	5083.1523	1170.6602	4469.454	1275.203	5160.75	1652.0037	498.4	872.1	580000	357.17136	164.34518	526.3149	-39.69032	357.1716	164.34706	523.56476	-48.804565	358.8541	164.17673	524.36224	-40.87286	-2.1318295	6.2432985	74.57734	-16.957258	28.732798	28.375639	21.147415	2900.819876432419
117	1.2	0.2	3177.1138	1350.4114	5003.992	823.228	2539.4695	1672.5018	5223.178	772.9045	629.0	483.3	585000	358.12527	164.31853	528.01654	-36.706055	358.12433	164.32047	525.60016	-59.972233	359.72372	164.14275	524.1881	-53.719326	-2.1394908	6.2718987	73.62075	-17.986895	28.873995	28.529446	20.78334	2930.70876789093
118	1.2	0.2	2706.347	1447.5487	5095.6514	1071.6885	5123.8843	3.3782177	5129.597	5116.264	529.1	1000.0	590000	359.08228	164.83385	532.8106	-49.783432	359.08154	164.83801	525.8848	-75.40653	360.72134	164.68121	526.4495	-67.40448	-2.0708437	6.304329	69.03111	-16.657104	28.541191	28.07384	20.638203	2968.143764734268
119	1.2	0.2	2531.273	1653.5829	5011.1	840.9792	2479.6353	2151.7563	5109.9976	487.99423	497.6	482.0	595000	361.32928	165.75233	530.0945	-43.064636	361.32913	165.75554	530.05347	-50.6575	363.00027	165.62411	529.24426	-53.474037	-1.9899222	6.2984953	77.13226	-18.802774	29.674927	29.213657	21.484379	2998.3321187496185
120	1.2	0.2	3472.8516	1523.338	5105.5146	773.4418	2163.0188	1266.3154	5191.9443	1031.3617	682.5714	417.1	600000	362.86557	166.30399	533.39716	-31.77146	362.86423	166.30862	533.32306	-52.966763	364.4972	166.13615	530.6392	-46.004005	-1.9669318	6.382797	86.68229	-16.680834	29.8558	29.559206	21.446667	3027.918555498123
121	1.2	0.2	3240.5908	1285.7651	5067.013	1267.9178	4586.986	1032.7731	5125.8857	2240.6821	636.0	901.7	605000	364.30228	166.36293	532.67737	-50.65847	364.30014	166.36772	530.019	-59.74908	365.94394	166.21112	533.0991	-53.90786	-1.9936981	6.3298554	68.856125	-16.92027	29.63706	29.24105	21.325998	3063.2702779769897
122	1.2	0.2	3563.4575	1758.3667	5107.563	1180.7819	3312.114	1658.7734	5126.8213	1127.8346	699.4286	651.5	610000	365.88242	166.32477	537.6792	-39.564323	365.8816	166.32918	536.9914	-44.27379	367.51602	166.17488	533.74536	-38.14744	-1.9687145	6.303352	72.74691	-17.669317	29.622288	29.000587	21.398666	3095.0654780864716
123	1.2	0.2	3446.5222	1594.1638	5139.2827	1329.0396	4350.089	1235.7146	5153.418	2243.6204	678.2857	843.1	615000	367.3667	166.52289	537.0403	-29.835693	367.3663	166.52625	535.5785	-43.026707	368.9822	166.36372	534.3029	-39.440514	-1.8779484	6.353418	110.4068	-17.016777	29.601526	29.295492	21.355116	3127.772988796234
124	1.2	0.2	2338.6917	1810.1448	5080.9336	515.73285	4348.468	1148.1597	5205.2017	1819.2258	460.6	838.1	620000	367.89523	166.92055	534.0203	-40.697056	367.89502	166.92297	539.08624	-37.01317	369.56647	166.76886	536.2312	-47.31408	-1.9876282	6.3236723	73.65638	-16.745049	30.139872	29.662437	21.382597	3159.846459388733
125	1.2	0.2	3660.2358	1731.6261	5098.3066	972.5935	1659.9164	511.2317	2750.4604	929.15784	725.75	324.4	625000	370.00128	167.15158	538.0374	-45.656017	369.99994	167.15529	537.483	-48.06425	371.6339	167.00372	536.7054	-59.694645	-2.0227046	6.3259797	77.21503	-16.89529	30.0183	29.638628	21.717892	3191.5993242263794
126	1.2	0.2	3448.112	1235.2079	5103.682	1580.8251	5169.6025	22.59206	5223.4277	5142.3887	678.7143	1000.0	630000	371.74258	167.23528	540.5077	-46.251724	371.7418	167.23994	538.74304	-73.06612	373.40048	167.06499	538.52185	-47.343746	-1.9796307	6.33594	68.94178	-18.353937	29.644352	29.109978	21.270353	3226.6503660678864
127	1.2	0.2	3484.7444	1447.6605	5033.0386	812.4062	1084.4015	702.30554	3036.295	490.00125	682.4286	203.8	635000	373.5217	167.20312	538.84827	-81.8014	373.5207	167.20787	540.1226	-56.715794	375.14334	167.0282	539.50977	-48.3026	-1.9630163	6.3186665	76.742195	-16.297575	30.22015	29.795864	21.906658	3253.7134358882904
128	1.2	0.2	3320.8271	1483.702	5091.335	1484.1091	4371.9556	1767.5598	5272.645	632.9996	656.625	833.6	640000	374.28226	167.41309	543.037	-49.814728	374.28098	167.4171	539.425	-35.214252	375.89282	167.23077	538.9448	-39.379658	-2.1120386	6.4140115	103.22487	-18.938688	29.909487	29.692656	21.57706	3288.495796442032
129	1.2	0.2	3946.5994	1602.5249	5103.049	1129.3821	1584.3455	1321.8169	5190.0205	624.04065	771.8333	301.8	645000	374.79355	167.65276	540.08405	-52.18167	374.79312	167.65707	537.9459	-48.96702	376.40112	167.46681	542.20374	-46.720177	-2.204501	6.379871	75.46721	-16.769432	30.027262	29.428484	21.663101	3317.114547252655
130	1.2	0.2	4106.427	1436.3048	5223.773	1971.7836	4922.5234	522.7852	5119.6455	3354.9368	799.6667	967.2	650000	375.27042	167.749	543.6634	-34.388844	375.26874	167.75223	541.74585	-54.852962	376.8839	167.57628	542.1231	-46.075325	-2.064447	6.42606	81.06754	-17.819304	30.268959	29.967442	21.69604	3352.022862434387
131	1.2	0.2	3211.6602	1746.409	5186.3247	865.9353	4517.8154	1413.5225	5184.9946	701.28827	628.625	872.6	655000	376.75772	167.43422	543.44226	-27.840776	376.75784	167.43718	541.091	-44.20176	378.39697	167.25969	540.6594	-71.987366	-1.9414437	6.427159	89.71221	-16.348173	30.163372	29.876143	21.65202	3386.201340675354
132	1.2	0.2	4208.206	1350.3876	5099.5483	1305.2183	2571.0085	2181.4917	5203.338	446.1097	822.2857	494.5	660000	378.06244	167.60774	543.05505	-38.26674	378.0619	167.61238	542.2821	-46.885487	379.67307	167.4175	544.12054	-49.6809	-2.028242	6.4169135	84.437645	-16.772856	30.156782	29.747755	21.723783	3419.229024887085
133	1.2	0.2	3660.7048	1528.4296	5239.585	1429.6766	5252.421	5.756805	5261.9756	5243.261	712.8571	1000.0	665000	379.56708	167.46217	545.8173	-46.1181	379.56534	167.46626	544.4517	-52.83906	381.1704	167.26663	542.1931	-54.47326	-1.9739125	6.36898	66.88248	-16.797289	29.566793	29.235712	21.271114	3454.548028230667
134	1.2	0.2	4177.0474	1581.5629	5171.1294	805.07983	3914.3015	1524.8564	5177.9736	1694.5504	818.6667	763.3	670000	381.00043	168.09096	543.3903	-36.10257	380.99973	168.0952	543.7565	-57.905178	382.6408	167.90036	544.31244	-75.497116	-1.910127	6.3648953	67.70913	-17.301239	30.175543	29.761532	21.55166	3487.6312396526337
135	1.2	0.2	3221.2034	1673.3616	5075.6807	439.31738	2421.0688	1331.4606	4930.628	1101.9714	636.5	464.9	675000	383.94977	168.06136	546.1032	-29.774193	383.9479	168.06793	543.76227	-37.44261	385.62698	167.8509	544.63696	-51.011017	-1.8175172	6.45014	103.926186	-17.332773	30.285055	29.88481	21.839325	3517.7875316143036
136	1.2	0.2	3161.0195	1589.984	5192.726	1131.0769	2825.384	1938.474	5164.499	697.9057	616.25	552.2	680000	385.09372	168.51166	544.584	-27.665083	385.0926	168.51755	545.5578	-50.780773	386.69247	168.28333	545.4185	-42.666092	-2.0492344	6.389486	94.67339	-16.899736	30.051603	29.619999	21.393372	3549.051423549652
137	1.2	0.2	2628.7847	1422.3053	5100.7764	569.05	4228.2715	1050.6063	5329.5073	2185.8665	514.2	795.8	685000	384.97745	168.75311	545.243	-43.1894	384.97568	168.75916	549.0082	-50.232742	386.54166	168.54343	545.5707	-44.560486	-2.088177	6.4013762	69.24753	-18.972712	30.62809	30.182238	21.75724	3584.4216647148132
138	1.2	0.2	3214.6067	1783.1705	5181.9595	828.8324	1138.2787	409.97165	2315.6243	790.31256	623.0	216.3	690000	385.2446	168.23079	551.1651	-54.965603	385.24313	168.23608	546.80963	-39.228035	386.79398	168.01332	547.903	-37.75286	-2.1025314	6.4566317	84.52055	-17.14705	31.056004	30.59659	22.19442	3620.1156463623047
139	1.2	0.2	3672.66	1735.0948	5126.0723	1101.3032	4369.8564	1684.2981	5228.378	887.02515	723.5	838.7	695000	385.15015	168.36014	547.84576	-33.99063	385.1484	168.36443	549.9509	-45.41015	386.7175	168.16399	545.5234	-46.82828	-2.1093104	6.4007287	75.226906	-19.030703	30.992016	30.677465	21.801388	3656.50200176239
140	1.2	0.2	4415.1973	1614.9713	5178.621	804.793	5199.38	23.459606	5231.438	5156.949	860.0	1000.0	700000	386.6899	167.84515	545.39343	-30.694674	386.68817	167.85141	549.40607	-53.648327	388.27628	167.616	545.9087	-46.679527	-2.0377607	6.4241533	95.18753	-16.335932	31.223564	30.781128	21.918839	3692.8820509910583
141	1.2	0.2	3332.0256	1849.174	5217.506	1050.6838	3359.151	1521.778	5277.257	992.1303	644.875	634.3	705000	388.1922	167.67032	547.16547	-29.300383	388.19037	167.67778	549.5897	-35.46411	389.76584	167.46678	546.16016	-36.80803	-2.0198808	6.492102	76.21291	-16.548023	30.547993	30.014744	21.357225	3725.1177191734314
142	1.2	0.2	3502.916	1026.9442	5124.581	2499.585	5015.0244	765.76666	5300.7373	2718.1733	679.7143	950.8	710000	390.24554	167.99117	545.9806	-38.085888	390.24387	167.99582	551.3589	-43.1573	391.82748	167.76642	545.94336	-39.680416	-2.0106158	6.5470347	73.683205	-17.55483	30.143732	29.801952	21.559538	3759.650408267975
143	1.2	0.2	2768.9246	1590.6785	5165.513	972.4886	4300.518	1234.732	5281.8984	1648.2872	543.2	815.3	715000	390.6847	168.23608	548.1028	-52.479843	390.68372	168.24051	545.96796	-33.806408	392.23233	168.01625	546.1032	-43.857903	-2.1117806	6.5057383	101.70096	-16.881605	30.196016	29.72118	21.497757	3795.3562371730804
144	1.2	0.2	3652.8784	1477.4946	5132.803	1687.4309	2022.64	1289.8192	5049.4375	857.0357	714.5714	393.8	720000	391.90176	168.42978	548.26685	-27.548655	391.90005	168.43584	549.66614	-36.065685	393.4763	168.20538	547.9328	-42.053513	-2.2117152	6.5624065	102.14057	-16.709608	30.4632	30.03849	21.502605	3826.1125934123993
145	1.2	0.2	3686.1455	1653.2887	5155.636	1347.2185	2431.0166	1990.334	5262.784	627.5089	726.5	469.4	725000	393.37683	168.16782	548.1447	-46.604534	393.37558	168.17352	550.0795	-63.82058	394.9637	167.91286	547.2527	-37.691944	-2.138564	6.6275845	83.36542	-16.7233	30.254646	29.71125	21.203295	3854.966633081436
146	1.2	0.2	4061.1038	1359.9529	5193.265	1645.8335	3909.5457	1551.7975	5232.601	905.7935	791.0	749.5	730000	393.49872	168.06487	546.86914	-31.6242	393.49655	168.07123	547.96387	-39.38632	395.01053	167.80557	546.9531	-45.560696	-2.2560244	6.58188	91.80149	-17.327562	30.063864	29.730303	21.580921	3890.4356672763824
147	1.2	0.2	3897.5151	1729.0433	5146.931	1128.5707	1629.1019	1123.8125	3689.9712	638.00586	758.8571	306.2	735000	393.8302	167.55296	551.9204	-31.600235	393.8287	167.55914	547.5639	-33.776222	395.3525	167.29553	547.9279	-31.694233	-2.2626495	6.493313	88.45777	-17.383121	29.863426	29.423054	21.179373	3921.121729373932
148	1.2	0.2	3528.5315	1769.6395	5151.0767	716.1531	5178.395	125.89128	5271.793	4882.88	687.4286	1000.0	740000	394.1942	167.7194	560.50824	-66.15429	394.19147	167.72754	552.4723	-84.23923	395.71445	167.49225	547.82837	-98.18172	-2.1909704	6.5560093	76.7834	-17.276293	30.211075	29.725166	21.366987	3957.0830092430115
149	1.2	0.2	4576.7524	1027.4873	5138.202	2523.5183	4926.9946	897.32434	5249.548	2235.4077	898.2	942.6	745000	396.35495	167.56636	554.4213	-52.936203	396.3542	167.57063	548.3132	-102.86725	397.84076	167.31169	549.8696	-83.48392	-2.1054122	6.431313	79.9214	-16.92744	30.545174	30.283783	21.6785	3991.096599817276
150	1.2	0.2	5010.9316	222.15208	5187.047	4578.175	3041.0168	1615.1517	5231.4062	1279.1383	974.4	579.9	750000	397.00058	167.39432	551.93115	-39.627113	397.0007	167.3988	553.07654	-39.032402	398.54608	167.1247	547.9978	-79.11161	-2.1005406	6.4624743	72.19502	-16.652739	30.500998	30.131678	21.736713	4022.8070061206818
151	1.2	0.2	4196.37	1293.381	5164.7007	2331.8696	2728.7004	1513.9264	5229.7827	923.0103	818.1667	521.7	755000	398.39206	166.97713	549.6019	-41.902473	398.3902	166.98099	549.35046	-40.65581	399.94208	166.69492	548.7608	-51.82709	-2.199687	6.496366	67.20798	-16.985352	29.749357	29.445477	21.173536	4056.20587515831
152	1.2	0.2	4060.1	1688.1678	5152.6885	870.4271	4046.4375	1310.6827	5221.158	1331.9816	795.8571	775.8	760000	398.85406	166.86346	555.00964	-38.33006	398.8535	166.86754	555.61096	-51.305367	400.36813	166.55318	550.06335	-36.680935	-2.2595103	6.4842935	70.868996	-18.164154	29.49052	29.222183	20.90967	4092.441931247711
153	1.2	0.2	4882.1704	408.1731	5196.8936	4079.7927	4885.333	901.07416	5278.9927	2201.544	953.2	935.3	765000	400.16202	166.15947	548.9363	-66.79987	400.16144	166.16423	552.0712	-43.586147	401.68387	165.86258	549.3761	-47.731117	-2.3604372	6.4855886	77.67515	-18.123428	29.044403	28.415817	20.547285	4127.042487382889
154	1.2	0.2	4015.4612	1458.1378	5217.695	713.3391	4438.1626	1671.3263	5296.8716	1035.8401	775.1429	843.6	770000	401.52795	166.2608	549.6725	-53.851307	401.52765	166.26204	551.32587	-47.772705	403.04425	165.93935	551.13934	-45.93873	-2.4351995	6.4229436	82.63572	-18.247501	29.066217	28.594688	20.655	4162.603896617889
155	1.2	0.2	2860.7566	1391.5127	5178.2856	1269.5186	5230.2236	6.4297132	5239.078	5217.879	555.0	1000.0	775000	402.1493	166.02159	550.0756	-46.909184	402.14902	166.02553	560.28235	-47.2148	403.68317	165.69592	550.4357	-54.222347	-2.3483849	6.4375696	92.41159	-16.580746	29.047682	28.596113	20.372814	4196.66881942749
156	1.2	0.2	3514.2368	1426.8635	5161.1807	1053.1936	4167.4243	1780.3729	5308.2354	875.2082	683.625	790.4	780000	403.65414	166.23532	562.1132	-40.242077	403.65414	166.23955	553.47064	-49.083763	405.1766	165.94534	551.7057	-56.134075	-2.1820908	6.464222	72.43929	-16.868881	29.426964	29.037115	20.59277	4232.4627277851105
157	1.2	0.2	4889.146	369.60904	5209.208	4392.296	4964.9966	1019.7283	5320.64	1906.5266	942.8	935.7	785000	404.31335	167.1959	553.73883	-25.5192	404.31253	167.2006	567.49475	-39.857876	405.84018	166.9002	553.8356	-46.730236	-2.1841795	6.468181	75.028915	-16.508102	29.887058	29.327415	21.035858	4267.168414115906
158	1.2	0.2	4616.9653	1205.2821	5212.8125	1924.7107	5261.965	5.9399095	5271.1685	5247.1343	894.1667	1000.0	790000	405.99966	166.78378	554.226	-43.879864	405.99887	166.78851	556.2071	-33.026188	407.5306	166.47052	552.8153	-67.43531	-2.111477	6.4633756	98.49864	-16.143185	29.811548	29.192574	20.90998	4304.992600917816
159	1.2	0.2	3334.0605	1625.1388	5178.8105	1025.7761	3842.5112	1107.1271	5296.7783	1741.632	638.5714	732.5	795000	407.50336	166.82634	554.8864	-46.361626	407.50183	166.83282	555.3414	-45.308712	409.06284	166.53094	554.6894	-49.594185	-2.056808	6.43691	103.40353	-17.356678	30.261969	29.797554	21.029686	4336.751367330551
160	1.2	0.2	4868.815	558.6385	5236.4624	3643.8008	3551.8704	1581.5026	5237.3374	1038.2456	934.8333	681.4	800000	408.57346	166.77077	557.90546	-56.177002	408.57422	166.77394	557.6495	-56.41176	410.08606	166.45558	555.6254	-60.640045	-2.2511933	6.4313264	70.84533	-17.134354	29.902416	29.243103	20.638515	4371.767071247101
161	1.2	0.2	2903.3093	1907.4918	5166.1914	639.3967	4113.791	1616.7806	5253.2847	940.116	563.0	786.8	805000	410.92072	166.98137	558.3678	-58.15513	410.9195	166.98552	554.9864	-59.654343	412.45865	166.68732	557.73676	-58.892075	-1.9785686	6.583435	106.94073	-17.019608	29.89178	29.391214	21.10228	4406.208860397339
162	1.2	0.2	4477.2334	1077.148	5223.86	2367.4863	5166.165	43.428303	5225.055	5082.812	858.2	1000.0	810000	411.6309	167.47076	558.2005	-39.97502	411.63165	167.47217	558.5276	-28.921928	413.15005	167.15698	557.6136	-84.06959	-2.109906	6.6275287	72.15614	-16.935545	29.980581	29.693855	20.97211	4440.377931594849
163	1.2	0.2	4443.484	1664.1204	5290.6733	724.1357	5296.547	5.4082346	5307.417	5289.1235	858.1667	1000.0	815000	413.30185	167.48297	566.71686	-31.849812	413.30063	167.48732	559.03143	-43.99534	414.84384	167.19217	558.1187	-53.26533	-2.103812	6.599105	76.23468	-17.332266	30.253174	29.808619	21.039557	4477.29020857811
164	1.2	0.2	4265.891	1275.9001	5253.304	2332.128	5235.4307	22.84134	5279.24	5197.6934	822.1667	1000.0	820000	413.47015	167.25111	559.7772	-41.792885	413.4697	167.25706	557.9538	-57.74677	414.9554	166.91054	559.05273	-35.281155	-2.2703793	6.645443	99.0066	-16.675087	30.805614	30.20931	21.508919	4513.843044042587
165	1.2	0.2	3645.7778	1538.5026	5205.6216	1370.7377	4088.0051	1672.5449	5312.511	850.03326	702.375	773.0	825000	414.4739	167.05157	558.6822	-42.900627	414.47406	167.0547	558.6326	-40.780884	416.01608	166.71843	559.34	-38.11929	-2.248485	6.545448	97.391884	-16.993238	29.844587	29.331688	20.766142	4550.451767444611
166	1.2	0.2	4527.4473	1194.076	5226.84	2152.3755	2032.3344	1360.9596	5267.2104	834.28577	869.4	382.3	830000	415.3868	167.19206	559.2157	-63.00588	415.38705	167.19447	562.76843	-53.758118	416.87936	166.87956	559.6639	-71.941414	-2.2110143	6.4777246	99.006195	-16.343458	29.936207	29.471577	21.192564	4579.377362728119
167	1.2	0.2	5200.527	41.5654	5257.351	5132.253	4357.623	1400.7275	5313.8584	1690.4751	1000.0	831.1	835000	416.32874	167.19006	560.005	-55.6846	416.3287	167.19357	567.7995	-65.97865	417.83542	166.87498	559.1576	-60.798748	-1.9863284	6.6118565	95.71036	-16.434072	30.452524	30.046194	21.351675	4614.6927535533905
168	1.2	0.2	5037.78	304.57376	5272.177	4440.1455	5251.2	29.930035	5269.843	5164.0986	970.2	1000.0	840000	417.2661	167.01291	561.7437	-75.80841	417.26547	167.01822	561.6462	-68.865166	418.7825	166.67628	558.9659	-60.1763	-2.033722	6.609343	97.08618	-17.760466	30.242802	29.621328	21.073313	4651.5362713336945
169	1.2	0.2	4066.7083	1366.772	5318.378	1895.3705	3034.3308	1930.0433	5301.335	691.6858	777.7143	574.6	845000	417.96158	166.67296	562.52246	-44.983376	417.96085	166.67723	565.2575	-46.38359	419.41586	166.32501	562.81335	-51.702866	-1.9938543	6.5674543	74.8888	-17.177137	30.644487	30.016405	21.453226	4685.860639572144
170	1.2	0.2	3788.4807	1667.4712	5170.4565	1199.2565	3128.6433	1709.3763	5230.585	485.97906	734.4286	598.5	850000	418.2356	166.52573	559.317	-43.351322	418.2352	166.5295	558.81854	-50.041203	419.7304	166.18582	558.5008	-49.550926	-1.9304717	6.67115	99.2594	-17.571012	30.401758	30.058275	21.166204	4718.887546777725
171	1.2	0.2	4505.418	916.6403	5209.8994	3179.8096	4567.583	1309.069	5233.954	1708.272	876.1667	874.1	855000	419.4118	166.24063	564.8157	-31.58373	419.41138	166.24525	559.16754	-46.888557	420.896	165.88959	558.9936	-62.670567	-2.082348	6.6789923	86.14108	-16.64175	30.32043	29.852325	21.28658	4755.875246524811
172	1.2	0.2	3513.9006	1892.1963	5210.2505	869.49475	3737.5461	1900.7812	5318.4697	1078.6826	675.0	707.1	860000	419.38644	165.61174	558.2969	-49.105698	419.3861	165.61658	557.68536	-93.89565	420.85162	165.26144	558.5096	-46.412197	-2.0796754	6.614136	83.32686	-15.901567	30.083961	29.291788	20.97696	4787.243059396744
173	1.2	0.2	3351.378	1973.7692	5207.5786	707.9366	3305.3137	1764.1703	5247.808	805.5978	654.2222	636.7	865000	420.42072	165.36655	566.19257	-50.579132	420.42075	165.37029	561.7899	-38.664627	421.89688	165.01208	559.5788	-63.03526	-2.2605927	6.639132	88.494255	-17.157282	29.92827	29.314257	20.922924	4824.096350669861
174	1.2	0.2	4225.379	1587.3945	5188.4897	1067.3004	5259.3237	19.265097	5302.4517	5236.53	821.6	1000.0	870000	421.30133	165.57475	561.4748	-73.39404	421.30112	165.57857	560.3056	-37.481937	422.8005	165.23378	562.4282	-40.612854	-2.1224961	6.7040386	76.0758	-19.810993	29.759504	29.278902	21.412903	4859.329756736755
175	1.2	0.2	4217.8545	1269.238	5200.7266	1537.6559	4526.6665	1454.4475	5333.1484	1231.6819	822.2857	853.3	875000	422.44452	165.47559	563.86304	-44.428497	422.44415	165.47847	563.64417	-61.914974	423.91022	165.1062	560.222	-67.596176	-2.4251232	6.620369	83.26752	-17.084871	29.656385	29.298464	20.854605	4897.73936009407
176	1.2	0.2	4019.1025	1298.824	5236.0522	1653.5015	4242.089	1542.8677	5255.85	975.0566	773.0	809.8	880000	423.0636	165.32887	563.229	-55.307457	423.06378	165.33354	561.6435	-54.415253	424.51654	164.96184	560.72626	-49.854702	-2.4862516	6.609213	85.33674	-17.035828	30.172596	29.276554	20.668327	4931.723754405975
177	1.2	0.2	3293.3867	1582.9583	5132.5513	1349.8881	3367.207	1879.1633	5217.5884	778.9048	644.875	655.3	885000	423.57663	165.29701	562.40826	-50.699463	423.57648	165.30273	562.2749	-26.809786	425.04306	164.93199	560.6589	-44.297485	-2.2082448	6.529639	94.31297	-18.022423	29.629694	29.184483	20.615168	4965.7590074539185
178	1.2	0.2	4942.5107	305.47287	5153.67	4334.6973	1706.9896	1314.2632	5240.1567	813.2193	972.4	337.9	890000	422.88684	165.15663	567.16376	-41.65239	422.88547	165.16226	563.2448	-36.26213	424.31683	164.80344	560.12476	-45.85233	-2.237406	6.638339	83.10544	-17.686274	29.99427	29.74642	21.100952	4995.8000831604
179	1.2	0.2	3937.9097	1620.4656	5134.377	1308.8723	4704.626	1088.0985	5170.591	1474.8495	772.2857	921.2	895000	423.29733	164.75684	562.24243	-25.13388	423.29672	164.7601	564.0527	-37.074192	424.7339	164.39894	559.5746	-34.833427	-2.306312	6.646595	85.072266	-16.94053	29.99406	29.442833	21.018831	5033.54194521904
180	1.2	0.2	3566.9106	1807.9064	5220.027	879.492	5251.342	24.54743	5279.7812	5197.0767	703.0	1000.0	900000	423.48596	164.30376	558.7726	-52.351845	423.48535	164.30937	562.0941	-40.69602	424.87527	163.9633	559.18646	-30.737566	-2.4580123	6.635666	85.44588	-16.833155	30.199825	29.634773	20.852173	5070.354834318161
181	1.2	0.2	3296.7495	1850.2509	5173.6074	744.6625	2682.4915	1385.3374	5150.9277	857.9064	650.375	521.5	905000	424.3909	164.2554	562.895	-34.673744	424.39017	164.25902	559.9101	-40.716896	425.8229	163.89561	558.73193	-37.020287	-2.5951416	6.7111526	93.85876	-17.017223	29.734657	29.370495	20.62618	5103.67916893959
182	1.2	0.2	4540.253	938.1248	5202.774	2691.9475	5180.044	241.72667	5290.869	4456.027	890.0	983.9	910000	425.1635	164.12198	559.2718	-68.81893	425.16418	164.12753	560.656	-44.289093	426.56805	163.74379	561.01904	-31.256115	-2.4024653	6.577026	78.6582	-16.32276	30.002728	29.452768	20.659233	5139.0434012413025
183	1.2	0.2	4927.1367	466.66074	5212.001	3999.019	3359.648	1925.5812	5268.3413	625.74445	953.8	643.0	915000	425.95044	163.8878	569.59686	-46.8349	425.94955	163.89204	560.6997	-37.880886	427.36307	163.51819	559.483	-39.200905	-2.5021632	6.5910406	82.4012	-17.522175	29.982445	29.276531	20.597042	5171.737505435944
184	1.2	0.2	5128.2603	44.88234	5170.1606	5052.73	2814.4893	1497.9791	5099.346	1266.815	1000.0	562.4	920000	426.8504	163.89441	562.64276	-30.39357	426.85062	163.89818	561.9824	-24.348534	428.27405	163.53519	560.2134	-35.192287	-2.4880726	6.6256967	63.939377	-17.49367	29.399109	28.83022	20.273066	5204.982547283173
185	1.2	0.2	4583.0317	1087.2764	5190.958	2155.6987	5305.802	8.082871	5321.5645	5292.359	903.8333	1000.0	925000	428.04596	164.12881	563.59717	-41.181465	428.04468	164.13292	560.2542	-54.813076	429.52313	163.76724	561.36694	-39.72076	-2.5824757	6.6513762	87.8797	-17.251568	29.295536	28.802156	20.64044	5243.5886607170105
186	1.2	0.2	3670.2263	1799.5074	5221.933	687.9925	4680.119	888.1008	5249.6646	2577.8518	714.8571	897.9	930000	430.16556	164.17203	562.6527	-25.18337	430.16516	164.17757	565.06464	-21.136295	431.5877	163.79112	562.20605	-30.266418	-2.6900866	6.597532	85.71951	-18.271992	29.156466	28.59311	20.224346	5280.317442417145
187	1.2	0.2	4574.278	1138.2566	5222.099	2068.1125	5291.085	12.667398	5317.276	5273.9214	888.1667	1000.0	935000	430.12454	164.29758	585.5967	-42.384872	430.12488	164.30031	562.9359	-24.935963	431.53076	163.93602	562.3242	-46.81617	-2.4694731	6.593319	96.13175	-17.875874	30.17932	29.749294	20.679012	5318.483651399612
188	1.2	0.2	3852.7812	1219.7697	5212.433	1764.3597	3127.2527	1867.0178	5352.24	825.52594	750.1667	585.7	940000	430.59216	164.55081	564.55536	-34.087677	430.59152	164.55594	564.04724	-36.97589	432.00372	164.1676	563.39197	-35.71085	-2.437625	6.5981627	132.9427	-18.07816	29.97146	29.47152	20.60001	5350.411550521851
189	1.2	0.2	3204.046	1614.3379	5141.1367	1384.9646	2512.2212	1752.3983	5222.137	746.4946	624.75	486.0	945000	432.102	164.16995	564.14404	-35.94368	432.10135	164.17564	570.1728	-48.66888	433.5301	163.78621	563.5446	-29.34156	-2.5310678	6.7218113	79.06737	-18.048409	29.880468	29.256184	20.744057	5382.891618013382
190	1.2	0.2	3451.7517	1759.3925	5177.2656	833.6862	4185.2817	1190.0459	5298.7583	1291.7811	672.25	791.3	950000	432.30984	163.53403	567.5757	-44.94065	432.31085	163.53566	563.74365	-35.783802	433.73395	163.13634	562.73804	-46.861107	-2.5685692	6.6932225	95.55479	-17.497753	29.54919	28.94874	20.457655	5419.293650388718
191	1.2	0.2	3761.9832	1658.4011	5211.1787	1516.5896	4525.151	1410.6312	5295.6396	1045.9552	725.5714	857.8	955000	433.1461	163.70982	565.7982	-52.49971	433.14594	163.71284	563.1231	-49.488724	434.56204	163.33725	562.68835	-53.15955	-2.6812637	6.5747075	78.72903	-16.906502	29.269852	28.870268	20.184708	5455.429024219513
192	1.2	0.2	3581.177	1653.1018	5251.311	1401.6288	4815.101	1173.3302	5268.7495	1315.1199	694.8333	925.6	960000	433.45013	163.59642	563.97034	-52.555874	433.45004	163.59949	568.242	-51.04456	434.85422	163.183	563.2629	-44.26419	-2.7324169	6.61052	73.84219	-17.863386	29.49358	29.18138	20.362722	5489.26229596138
193	1.2	0.2	4360.861	1235.7277	5238.252	2119.7798	3679.9473	1149.0586	5421.98	1538.4586	846.5714	678.9	965000	434.27167	163.03212	573.3723	-40.81654	434.27222	163.03612	565.3162	-56.157166	435.68298	162.64223	564.29297	-105.6097	-2.6860526	6.6271896	102.70381	-18.174	29.76153	29.14248	20.614223	5526.225075721741
194	1.2	0.2	4981.8867	236.51758	5155.563	4517.5015	5135.2705	73.89645	5235.3203	4994.7383	969.4	1000.0	970000	434.79263	163.33746	570.10236	-35.635918	434.79285	163.34099	566.05084	-46.348286	436.1883	162.95442	565.8944	-77.00626	-2.6477175	6.5285974	70.4073	-17.498198	29.506796	28.942413	20.0713	5563.339139699936
195	1.2	0.2	3849.9111	1828.5854	5203.8486	1202.6942	1999.1711	1219.6134	5277.092	962.7346	752.1667	384.2	975000	435.4565	163.07104	565.1966	-48.137302	435.4553	163.07617	563.85095	-51.63212	436.8808	162.6874	564.4664	-62.584766	-2.739087	6.565625	98.38503	-17.4909	28.879522	28.440458	19.927162	5593.650197029114
196	1.2	0.2	4630.6973	1219.0403	5229.4214	1907.068	4639.114	934.4399	5260.1084	2702.008	895.6667	888.4	980000	436.19662	162.6546	566.90735	-71.45033	436.19598	162.65857	566.7165	-95.89317	437.571	162.27887	565.12933	-94.561844	-2.7323833	6.5062013	121.70365	-17.751364	29.314281	28.92223	20.073833	5631.382117033005
197	1.2	0.2	3843.7168	1849.9935	5282.9175	882.16327	4377.53	1651.1635	5234.304	940.33704	739.0	842.3	985000	436.399	162.66196	565.2847	-136.48492	436.39914	162.66354	563.5948	-130.07707	437.78314	162.26848	563.5867	-129.17798	-2.839962	6.6401424	109.9257	-17.711231	28.951061	28.703386	19.952358	5666.237263202667
198	1.2	0.2	4207.124	1361.3289	5171.8813	1561.7876	3899.273	2102.8967	5291.7183	627.91046	822.3333	738.9	990000	436.9797	162.82072	567.524	-81.239235	436.9796	162.82379	565.7816	-55.55498	438.35294	162.46652	565.5851	-117.7823	-2.7042017	6.6215024	103.059166	-17.46549	29.560295	28.98811	20.240759	5701.673132658005
199	1.2	0.2	4543.15	1297.676	5228.7373	1645.6123	3360.7554	1952.5125	5273.319	752.39624	885.5	651.9	995000	438.2786	162.71	570.2314	-47.79086	438.2782	162.71411	569.3854	-68.17377	439.69397	162.32388	565.8662	-41.519928	-2.6383286	6.709887	83.37157	-17.946848	29.859304	29.310205	20.451189	5737.049731969833
