Epoch	EntIndex	EntCoeff	AverageEpRet	StdEpRet	MaxEpRet	MinEpRet	AverageTestEpRet	StdTestEpRet	MaxTestEpRet	MinTestEpRet	EpLen	TestEpLen	TotalEnvInteracts	AverageQ1Vals	StdQ1Vals	MaxQ1Vals	MinQ1Vals	AverageQ2Vals	StdQ2Vals	MaxQ2Vals	MinQ2Vals	AverageVVals	StdVVals	MaxVVals	MinVVals	AverageLogPi	StdLogPi	MaxLogPi	MinLogPi	LossQ1	LossQ2	LossV	Time
1	1.2	0.2	123.278854	37.085667	246.03296	83.18969	185.9938	3.6727417	191.9598	180.50229	24.59606	34.9	5000	-12.705022	64.60508	105.98032	-149.93733	-12.702876	64.60428	103.300644	-149.18716	-16.586811	71.80284	106.31282	-170.03496	37.334377	142.14221	17089.66	-16.516685	7.282267	7.2923913	327.90964	20.69403386116028
2	1.2	0.2	119.40472	32.24975	213.59938	78.3957	235.92545	8.301596	247.1799	225.37895	23.870813	43.0	10000	144.53131	67.4666	309.34537	-90.99596	144.53357	67.461845	306.11096	-91.93451	154.90474	65.477486	323.90814	-38.653553	2.0203001	6.6455708	40.3011	-15.87169	10.068586	9.938673	23.694693	41.17863702774048
3	1.2	0.2	283.9523	81.520035	576.6731	98.11849	212.27422	14.903054	231.17723	188.38245	55.31111	38.9	15000	264.81854	105.055405	425.2211	-117.72103	264.82312	105.03077	443.72537	-131.33662	277.37408	97.12274	418.41672	-138.21938	3.8772092	8.865792	43.16815	-16.727097	41.628746	43.11272	63.926376	64.81071043014526
4	1.2	0.2	336.05603	85.07768	706.4075	203.44037	460.70557	45.27227	525.73566	413.58664	63.35443	86.5	20000	257.55612	123.40404	425.3588	-64.53473	257.55692	123.40706	430.75732	-69.205475	265.53986	119.29861	429.81937	-64.666145	1.4721246	8.444899	75.55839	-17.162817	35.36461	35.035564	54.582893	88.89640808105469
5	1.2	0.2	446.8851	86.1048	700.3578	306.65625	360.40698	29.07161	411.41693	326.29605	89.53571	70.9	25000	226.87012	121.81506	399.71503	-65.15047	226.87134	121.805016	396.96887	-76.21366	232.64491	119.91305	394.70203	-80.93916	-0.83318174	6.6825824	39.748672	-18.511597	27.517483	28.098988	44.350243	113.07394528388977
6	1.2	0.2	378.14877	93.643394	610.77765	174.72261	334.7818	22.551624	358.2151	297.42993	79.2381	69.6	30000	201.52588	113.15249	374.7081	-38.27848	201.5275	113.14699	373.435	-61.21567	205.69112	112.24835	372.37207	-49.11125	-1.7909802	5.7837114	38.25849	-17.475857	24.881466	25.109951	37.55883	137.08914232254028
7	1.2	0.2	387.353	85.49622	682.00934	248.8175	443.44223	15.236253	473.80777	421.28918	79.39683	91.2	35000	186.37874	106.465965	353.51538	-24.644497	186.3809	106.4592	351.71423	-28.788969	189.94366	106.13301	353.51038	-53.00907	-2.0045545	5.539186	40.80244	-16.786411	20.59421	20.873755	30.859325	161.4868869781494
8	1.2	0.2	466.67322	83.07342	757.3319	335.05826	391.74448	65.52144	478.5755	307.82425	91.4	79.4	40000	180.36714	101.98527	342.04498	-25.51876	180.3691	101.97699	342.936	-23.49367	183.64043	101.87623	341.96173	-24.085241	-2.385521	5.3457747	51.745785	-18.107151	16.574387	16.874615	25.117401	185.8682222366333
9	1.2	0.2	516.1688	94.06137	824.0009	321.13464	582.9596	174.15875	1036.5859	440.27377	100.265305	114.2	45000	183.06335	100.518326	348.97168	-30.67707	183.064	100.51384	348.16635	-23.79322	186.14815	100.424774	347.89328	-32.698742	-2.5559127	5.1014843	37.661903	-17.028715	14.174141	14.451678	21.32253	210.09503173828125
10	1.2	0.2	482.87503	99.854996	830.4361	330.64102	632.6688	177.06598	1001.2521	406.35596	95.09434	128.6	50000	186.19357	101.0014	357.49112	-19.990269	186.19357	100.99898	351.99307	-21.959404	189.01718	100.90801	349.1486	-31.591896	-2.6583982	4.9367614	32.272354	-16.744047	13.598494	13.8261	20.282103	234.91062021255493
11	1.2	0.2	554.81726	140.52472	958.59845	345.68155	588.23816	94.2272	779.6518	490.2608	111.933334	119.2	55000	187.23662	99.85573	346.67117	-21.607754	187.23633	99.85297	347.06586	-20.468979	189.76442	99.66575	346.71542	-15.364013	-3.1997945	4.8010135	30.128426	-17.89882	13.34263	13.633093	19.17281	259.76440238952637
12	1.2	0.2	517.3102	144.17522	1228.5421	341.50385	496.31958	48.255608	623.824	434.65594	100.06	93.0	60000	189.83832	99.063736	344.1182	-22.994429	189.83795	99.06234	344.4941	-21.834238	192.17715	98.80934	342.3742	-25.57873	-3.7284143	4.788263	34.10241	-17.997505	12.753556	12.870374	18.091566	284.19306206703186
13	1.2	0.2	522.3375	106.6396	855.8174	348.86444	557.9274	59.00067	654.87665	453.39044	100.918365	107.2	65000	192.47206	99.25609	344.9887	-16.321384	192.47163	99.25359	344.06097	-33.04962	194.60486	98.949844	342.5093	-20.818686	-4.0036826	4.6255445	33.767143	-17.303104	12.040347	12.20735	17.20508	308.6516373157501
14	1.2	0.2	502.53775	97.69897	746.446	333.86655	518.292	40.110912	595.3038	464.79935	97.84314	96.1	70000	192.89809	99.27072	347.04877	-20.602146	192.89877	99.26751	348.45767	-22.826202	194.864	98.968956	343.6466	-28.059322	-4.322783	4.557226	34.770237	-16.88907	11.766143	12.009481	16.531723	332.98701214790344
15	1.2	0.2	522.2428	94.83918	778.039	356.29306	536.7219	60.838005	659.21234	464.59634	102.46939	105.3	75000	193.93639	98.67492	347.27615	-25.635405	193.93617	98.67295	345.34976	-19.46069	195.85352	98.374275	344.15497	-31.2711	-4.3773026	4.454319	34.42929	-17.160091	11.640379	11.7983265	15.851545	357.75362253189087
16	1.2	0.2	548.2445	99.79213	791.91223	385.79922	654.78534	131.339	900.5235	480.78455	107.02128	125.9	80000	195.20573	98.07602	343.95856	-26.794216	195.20555	98.07466	347.7226	-23.24654	197.00035	97.74394	344.45038	-23.142267	-4.6359987	4.376653	30.526114	-17.353214	11.207263	11.277965	15.015841	382.87488865852356
17	1.2	0.2	541.7775	127.83843	985.0229	364.575	573.3786	29.007454	633.2676	532.14825	104.6383	109.8	85000	197.13632	98.34631	343.83298	-27.264038	197.13661	98.344666	344.90067	-22.486067	198.83421	98.00191	343.29926	-24.671848	-4.865139	4.332363	33.384274	-18.905598	10.977598	11.054933	14.546488	407.2506642341614
18	1.2	0.2	537.6396	119.84652	942.6461	337.46625	554.3047	62.698742	689.1958	474.05374	105.791664	107.5	90000	198.46838	98.61522	345.9689	-21.716122	198.4685	98.61246	346.38055	-18.590048	200.10892	98.29079	345.652	-37.624058	-4.841644	4.291702	38.107826	-19.247608	10.977262	11.11635	14.243389	432.1513776779175
19	1.2	0.2	522.6056	95.925606	832.3329	365.8314	537.9532	114.585556	771.2487	430.1727	101.18367	112.9	95000	199.66655	98.83222	347.77283	-21.406027	199.6674	98.82974	347.92615	-27.392012	201.2648	98.4715	344.94333	-29.233318	-5.088648	4.2283907	29.46719	-17.305494	10.667821	10.755006	13.6041765	456.78489661216736
20	1.2	0.2	512.1958	111.27674	833.98065	347.09998	535.72253	81.21865	750.7705	433.75284	100.1	103.6	100000	201.30812	99.03827	348.06445	-43.14762	201.30766	99.03748	348.0873	-32.195107	202.86876	98.70195	347.84387	-31.400274	-4.9950166	4.202889	43.10879	-18.289057	10.330819	10.487834	13.249073	481.55676531791687
21	1.2	0.2	542.83185	99.004906	917.6265	398.99106	510.53897	28.575037	562.5404	473.01437	105.1875	101.8	105000	202.68033	99.45576	348.1979	-18.72151	202.68025	99.45344	349.1589	-23.09016	204.1966	99.102455	348.26996	-21.267775	-5.0773067	4.1580296	33.96912	-18.126806	10.212675	10.438051	13.037022	506.51387786865234
22	1.2	0.2	553.8983	126.147644	1008.49414	387.91776	536.66956	44.71403	609.6608	466.64386	107.54348	105.8	110000	204.24013	99.67367	350.75385	-20.507914	204.2404	99.67163	352.28955	-21.186586	205.738	99.328705	350.5778	-27.413177	-5.1288056	4.2326035	65.93878	-18.202896	10.14854	10.234972	12.675582	531.3641984462738
23	1.2	0.2	558.21326	143.49823	1004.00507	359.98727	583.0968	132.82162	901.7553	467.5509	109.86957	109.2	115000	205.46756	100.12845	355.32913	-13.86082	205.46725	100.12661	353.8075	-17.689632	206.88861	99.78633	352.8774	-19.463024	-5.2400393	4.2166276	37.58389	-17.75758	10.076348	10.283554	12.3457775	556.6083762645721
24	1.2	0.2	574.1407	135.08083	887.512	391.87515	777.452	139.89934	1055.5592	543.7753	113.63636	147.0	120000	206.13036	100.24079	355.17346	-29.798153	206.13058	100.23919	354.71646	-23.234339	207.526	99.89598	354.55634	-24.749445	-5.213633	4.224696	31.929195	-17.423615	10.185363	10.319324	12.2032585	582.0121510028839
25	1.2	0.2	558.11017	107.29559	844.01794	389.3676	579.5062	115.25464	760.4133	454.99908	111.77273	123.0	125000	207.74057	100.51203	357.63513	-29.975914	207.74051	100.51191	356.19293	-23.825857	209.1344	100.18105	357.05347	-20.365911	-5.2011027	4.3089504	264.30515	-19.458858	10.623072	10.629092	12.424414	607.0741367340088
26	1.2	0.2	547.24963	122.89862	875.8986	355.80405	580.9521	40.20062	634.5139	509.53873	109.608696	108.3	130000	208.66966	100.67203	357.29224	-29.133636	208.66963	100.67087	356.58322	-22.727882	209.98857	100.32361	356.53784	-39.880646	-5.3828273	4.1906614	33.75418	-17.575804	10.56668	10.583894	12.109636	632.5056729316711
27	1.2	0.2	547.13605	101.41164	853.926	386.23135	594.15125	118.45946	823.166	432.19638	105.914894	119.2	135000	208.91338	100.50495	358.1451	-76.74603	208.91426	100.50331	356.788	-76.74328	210.20102	100.16618	356.42252	-102.153755	-5.442755	4.1796346	35.215195	-17.263372	10.365256	10.38836	11.793436	657.772510766983
28	1.2	0.2	553.2143	105.9378	901.42395	372.47864	698.76245	136.15079	973.08777	486.33307	109.695656	135.4	140000	209.79437	100.954506	356.84564	-75.92553	209.79524	100.9533	357.97144	-75.213585	211.1021	100.622154	356.01773	-84.132774	-5.358826	4.1724296	40.06295	-16.544165	10.1822605	10.215414	11.568166	683.6910562515259
29	1.2	0.2	567.4993	196.5398	1637.2131	361.08316	679.1664	127.88236	912.0886	506.57855	111.44444	128.8	145000	210.99973	101.258575	358.04108	-43.449226	210.99931	101.25768	359.6572	-40.492157	212.2652	100.933395	361.43567	-53.51377	-5.4657326	4.1225233	35.380238	-19.393404	10.225834	10.177287	11.469702	709.2812626361847
30	1.2	0.2	593.5136	132.7412	950.25397	369.09534	566.58435	83.05707	738.5811	481.36697	117.333336	106.1	150000	212.00261	101.64634	360.74954	-23.661167	212.00362	101.64489	360.13742	-35.974	213.25203	101.33689	361.1605	-35.523796	-5.4180727	4.085948	50.39873	-17.131548	10.400974	10.377936	11.418901	734.3094263076782
31	1.2	0.2	636.3664	171.22163	1078.2274	404.0612	617.3183	176.51997	1094.4691	494.48557	125.275	119.9	155000	213.15504	102.15637	360.8954	-41.46331	213.1559	102.155846	361.1612	-34.862125	214.41365	101.842155	361.77332	-23.33414	-5.315178	4.1111608	31.84391	-17.806105	10.630173	10.566184	11.535617	759.77392411232
32	1.2	0.2	577.6026	172.3631	1417.65	366.48868	545.6913	74.20156	713.76404	463.06155	112.55556	101.0	160000	214.5801	102.59668	363.08096	-27.600117	214.58081	102.59531	363.14435	-25.35928	215.81216	102.2733	362.61258	-24.779245	-5.3817725	4.045219	34.01918	-16.634277	10.496673	10.459335	11.353853	785.274927854538
33	1.2	0.2	566.902	158.83987	1286.7181	384.2089	703.5149	85.048775	847.956	560.4795	110.28889	146.8	165000	215.43527	102.94226	363.7607	-22.201422	215.43565	102.94088	363.68756	-29.704445	216.64725	102.64308	364.482	-24.617853	-5.3125877	4.0827413	29.63921	-17.427233	10.662603	10.570364	11.268896	810.7789235115051
34	1.2	0.2	620.7065	148.50447	1029.1068	440.73288	578.5233	79.702896	711.4702	487.33148	122.902435	111.7	170000	216.41302	103.59166	365.32135	-26.840849	216.41397	103.59018	365.5316	-29.011618	217.61673	103.293846	367.04596	-36.278446	-5.2909694	4.114545	34.616066	-17.581398	10.718156	10.683637	11.313706	836.4042716026306
35	1.2	0.2	643.65936	215.63248	1451.42	384.53595	603.5708	91.44993	757.4611	473.89258	128.05128	122.4	175000	217.53322	103.970055	371.6492	-27.564163	217.5338	103.96799	369.1807	-29.300238	218.73642	103.69126	368.70126	-25.855453	-5.269497	4.109467	31.812248	-17.233551	10.782015	10.79355	11.177446	861.8812844753265
36	1.2	0.2	620.69995	141.75954	982.3022	343.95172	725.1492	215.48543	1197.7363	524.36646	122.14634	141.7	180000	219.22015	104.79235	370.8125	-27.798845	219.22131	104.790184	369.35153	-30.124622	220.4139	104.51342	369.21494	-38.823906	-5.2271094	4.0541763	41.915993	-18.015125	11.034555	11.013566	11.425881	887.827597618103
37	1.2	0.2	675.54095	198.62773	1290.4001	442.82004	634.11847	119.90423	975.4134	540.0618	132.97298	121.2	185000	220.18042	105.01122	371.858	-33.18574	220.18181	105.008385	373.04733	-18.469236	221.34288	104.73161	370.88245	-25.241106	-5.1533546	4.0723515	31.348358	-16.53689	11.348682	11.336078	11.466846	913.3555676937103
38	1.2	0.2	678.98236	185.18042	1334.0967	409.44952	750.03345	143.21924	939.6249	502.01526	135.13513	156.0	190000	221.33058	105.593185	375.79657	-21.811687	221.33179	105.591194	373.04178	-27.339714	222.50601	105.31512	372.8554	-30.33609	-5.111572	4.1245255	36.922157	-19.639923	11.517956	11.443711	11.381609	939.688707113266
39	1.2	0.2	701.32184	210.95099	1247.48	402.7227	757.8959	168.49785	1107.897	548.6596	140.27777	151.9	195000	222.68341	105.93073	377.17422	-33.270805	222.68477	105.92734	374.65256	-26.137016	223.8647	105.63786	373.92786	-19.237627	-5.0940886	4.0636134	37.12363	-17.61915	11.566314	11.531931	11.649518	966.0060963630676
40	1.2	0.2	654.51294	210.89247	1192.2968	329.28296	611.76904	96.93784	786.4463	435.666	130.97368	121.1	200000	224.3307	106.42003	375.53357	-22.362837	224.33223	106.41769	375.53085	-41.721962	225.48987	106.14664	375.53192	-33.672592	-5.1124825	4.059617	36.041054	-18.511576	11.569629	11.547509	11.376091	991.9517071247101
41	1.2	0.2	771.6026	358.4622	2054.19	396.54193	683.24133	108.91748	947.56244	557.41034	152.75757	138.4	205000	225.4858	107.33702	377.585	-29.691868	225.48756	107.33411	377.35794	-14.941778	226.65497	107.09129	376.57928	-31.974321	-4.951675	4.1437163	41.574665	-16.571377	11.75002	11.723332	11.638548	1018.3026971817017
42	1.2	0.2	808.041	293.87006	1587.1384	399.15442	677.24615	114.622765	901.2782	534.50977	162.03334	139.6	210000	227.5699	108.29991	379.81784	-20.406586	227.5712	108.29806	379.91644	-28.876993	228.71016	108.03819	380.71094	-33.200394	-4.976218	4.1176	33.685135	-17.195292	12.224135	12.117496	11.674103	1044.074521780014
43	1.2	0.2	728.6601	245.3523	1536.4904	395.90735	721.84247	81.62482	850.2313	591.3519	144.45714	145.4	215000	228.5994	108.93421	382.25342	-18.072535	228.60037	108.93218	381.80444	-19.211128	229.75288	108.68742	382.27246	-19.82512	-4.8760033	4.1414313	33.81638	-17.122734	12.347831	12.274909	11.906505	1070.6548047065735
44	1.2	0.2	780.5094	254.75734	1755.2684	425.82806	762.1283	197.80524	1037.9736	461.3972	152.93939	152.8	220000	229.96593	109.531334	382.75015	-18.652584	229.96713	109.52917	382.664	-22.85678	231.10191	109.28191	384.1567	-23.948906	-4.72695	4.1805415	44.881138	-18.323267	12.619729	12.5415945	11.99708	1097.1101195812225
45	1.2	0.2	739.1741	198.02454	1294.5527	390.0693	700.5145	247.04355	1336.967	499.53177	148.33333	138.7	225000	231.47589	110.66931	388.23428	-22.571983	231.47705	110.66952	388.08847	-26.997555	232.63466	110.45231	388.66956	-33.99374	-4.732151	4.1351204	40.315845	-17.207254	12.958143	12.780762	12.391224	1123.1255116462708
46	1.2	0.2	769.48236	241.02641	1694.939	474.87854	548.26544	31.6854	589.58527	504.61237	153.42424	104.7	230000	232.78712	111.63473	389.25464	-19.46474	232.78775	111.63453	388.4545	-24.223217	233.95267	111.43074	390.911	-21.928387	-4.5830274	4.225592	43.639576	-18.217878	13.271303	13.212919	12.608209	1149.3103168010712
47	1.2	0.2	779.79663	184.3086	1212.6495	398.16855	609.7442	115.762375	742.63226	421.8647	156.25	118.9	235000	234.84665	112.60873	392.19318	-17.81963	234.84796	112.60694	391.7511	-21.685432	236.02988	112.40705	392.46426	-22.859627	-4.412882	4.2290945	35.048065	-17.660847	13.681347	13.609161	12.933371	1175.399035692215
48	1.2	0.2	831.69464	260.69324	1512.8773	552.161	859.52734	235.78262	1209.3704	474.46262	163.58064	171.7	240000	236.38757	113.48535	394.56107	-28.949808	236.38809	113.485085	392.28964	-27.961596	237.58508	113.30663	393.42426	-30.116732	-4.245309	4.3486557	40.80994	-18.423899	14.042187	13.906307	13.151123	1202.3536322116852
49	1.2	0.2	812.18365	283.64117	1596.378	440.4048	753.53235	151.753	1018.1733	544.2003	160.54839	151.6	245000	238.3489	115.03149	399.18643	-20.135336	238.34933	115.030975	398.1054	-33.166443	239.5464	114.87342	397.35788	-22.269968	-4.1333423	4.330561	33.683125	-16.500412	14.519039	14.475638	13.309599	1228.8402726650238
50	1.2	0.2	801.6916	322.58652	2147.5916	396.0741	615.34436	84.216064	775.1268	502.7512	160.74193	116.5	250000	239.94704	115.61234	399.11652	-42.00827	239.94746	115.61264	401.95456	-23.426659	241.17073	115.445175	398.9231	-45.230152	-4.077901	4.353041	37.3325	-17.084072	14.532951	14.539513	13.365035	1254.930081129074
51	1.2	0.2	903.3644	346.01675	1876.7903	492.06155	1278.1323	1209.424	4676.657	460.1019	183.2963	246.4	255000	241.9102	116.59694	403.71506	-20.499975	241.90993	116.597115	402.3919	-17.357124	243.1185	116.42591	401.67288	-23.627548	-3.9647074	4.3425136	38.04908	-19.255724	15.047374	14.911172	13.471415	1282.3279614448547
52	1.2	0.2	879.8505	302.1391	1871.3198	490.55737	969.555	219.56203	1341.8531	564.71686	174.31035	192.6	260000	243.1824	116.802086	403.9734	-21.804636	243.18257	116.80278	402.70554	-35.248615	244.3771	116.61922	401.95795	-29.562983	-3.901321	4.349091	38.356834	-18.35624	15.269359	15.147085	13.72449	1309.9415256977081
53	1.2	0.2	906.7363	393.49197	2172.2048	451.36313	990.007	206.47272	1387.406	552.033	180.0	191.1	265000	245.2028	117.55819	409.27014	-24.094597	245.20361	117.55761	406.9043	-25.81005	246.4214	117.41069	406.33084	-30.61525	-3.8561294	4.334615	39.589375	-17.834238	15.40338	15.3627825	13.577102	1337.4001739025116
54	1.2	0.2	995.8956	361.54297	1841.0107	559.91644	1269.3812	419.94928	1807.7363	618.553	197.24	244.8	270000	246.86882	118.447136	408.02805	-23.04328	246.86885	118.44775	406.27682	-25.946356	248.09	118.292725	408.3662	-19.377066	-3.811269	4.382101	60.909428	-18.56509	15.735528	15.697589	13.746603	1365.0156924724579
55	1.2	0.2	1298.4219	701.5305	3152.4001	571.2458	892.118	178.61334	1242.1952	671.46344	260.5263	173.6	275000	248.6232	119.60283	408.33112	-26.14367	248.62311	119.60292	408.32654	-20.33423	249.86504	119.43917	407.9979	-21.75103	-3.6576583	4.4531074	54.505043	-16.928349	15.983252	15.950151	14.013646	1392.0694046020508
56	1.2	0.2	1036.6759	357.09366	1815.5946	445.37476	797.5872	151.85345	1147.2582	488.83887	208.375	148.0	280000	251.4352	120.82405	421.23883	-24.740532	251.43576	120.82417	412.27026	-45.559547	252.68614	120.67029	412.32828	-26.4125	-3.5841293	4.510831	40.70083	-17.071701	16.306849	16.183653	14.410579	1418.9876387119293
57	1.2	0.2	1141.3286	404.94708	2042.5381	641.70886	1007.3195	324.5682	1762.783	577.0404	228.72728	200.3	285000	253.82822	122.55172	418.09644	-21.548632	253.82883	122.55179	418.56235	-25.992779	255.11847	122.41954	414.773	-25.072107	-3.381345	4.5986896	44.387783	-17.459953	17.015373	16.906376	14.764965	1446.9872658252716
58	1.2	0.2	946.1598	293.28876	1698.1548	512.23016	1445.0455	1269.166	5134.7466	559.548	191.6923	280.4	290000	256.30664	124.159836	420.37732	-32.131622	256.30676	124.15875	426.61542	-21.836967	257.62277	124.04292	422.2827	-31.252632	-3.1341205	4.71774	45.442665	-17.832697	17.774874	17.820791	15.477274	1475.3845436573029
59	1.2	0.2	1001.609	398.9923	1980.4781	466.15256	1368.0024	384.64682	2238.349	992.1745	203.88	267.0	295000	258.70557	125.541145	425.06104	-29.033978	258.7065	125.54026	422.71985	-22.378393	260.01382	125.435715	422.71207	-23.442513	-3.0533943	4.789502	107.621826	-17.655054	18.283447	18.169672	15.415108	1504.1484503746033
60	1.2	0.2	1142.8616	483.54312	2470.35	577.81177	1029.3293	501.4043	2122.985	493.51807	228.85715	207.6	300000	260.865	126.7889	426.75113	-19.388979	260.86594	126.7889	428.44064	-24.50428	262.17184	126.67341	424.83856	-22.373308	-3.0854309	4.7697754	44.553608	-16.180466	18.83892	18.751575	15.999174	1531.2154395580292
61	1.2	0.2	1418.13	756.6224	3326.019	553.82446	1220.1354	308.25806	1993.823	800.87103	287.16666	240.1	305000	262.86984	127.40475	429.85196	-29.177946	262.87057	127.40398	431.42868	-35.229145	264.147	127.27065	427.69815	-25.087723	-3.0304635	4.7484493	43.918	-16.867867	19.296942	19.082563	16.283592	1559.9655191898346
62	1.2	0.2	1164.9424	328.4513	1844.1201	608.9644	1516.1985	581.9768	2723.4067	746.75616	236.63158	306.1	310000	264.11133	127.990654	429.2898	-50.95262	264.11163	127.9909	430.44946	-25.268461	265.37903	127.85957	429.18277	-31.408276	-3.096952	4.8026357	43.812386	-17.253925	19.40679	19.283766	16.28837	1587.057383775711
63	1.2	0.2	1198.29	660.0938	3466.9375	634.9174	1340.9774	534.38165	2121.2285	533.36804	242.77272	263.4	315000	265.68512	128.64148	431.74084	-34.692215	265.68484	128.64207	431.08353	-25.612673	266.96735	128.51039	431.40677	-29.73373	-2.956561	4.859557	50.485134	-17.835606	19.586903	19.493967	16.544298	1616.7176973819733
64	1.2	0.2	1381.8741	880.4657	4056.8113	619.7552	1494.3811	421.66168	2173.376	879.034	279.3889	295.9	320000	267.55646	129.64764	433.26254	-29.73283	267.55768	129.64705	432.50146	-25.883474	268.83228	129.51253	434.39853	-27.346476	-2.8638942	4.915399	47.574986	-16.713978	19.897703	19.799282	17.002792	1645.753894329071
65	1.2	0.2	1822.7394	1068.334	4935.216	503.62387	1557.4083	873.5812	3302.1162	524.43585	366.64285	311.6	325000	269.59137	130.70601	436.56146	-24.256788	269.59103	130.70595	436.45493	-31.37309	270.8699	130.57195	434.14102	-28.766947	-2.825109	4.934132	47.452812	-17.824966	20.2213	20.169935	16.904795	1675.317970275879
66	1.2	0.2	1333.7261	591.42584	2882.0083	673.62164	1292.0979	289.03574	1795.5316	783.32916	274.27777	255.2	330000	271.2715	131.61798	436.06848	-46.523735	271.27194	131.61792	441.01926	-31.644388	272.5708	131.50348	436.9343	-33.240513	-2.618783	5.0638747	47.63195	-18.705437	20.453222	20.340889	17.18255	1703.6326715946198
67	1.2	0.2	1402.695	487.14584	2276.5176	660.6076	1161.7726	545.21704	2681.743	740.6282	282.94446	233.8	335000	274.07236	132.79765	440.1069	-32.903267	274.0736	132.7968	439.8281	-20.504835	275.3757	132.6627	439.87314	-25.72732	-2.7111285	5.0200424	40.52355	-17.561485	20.990435	20.850182	17.330425	1732.2762849330902
68	1.2	0.2	1492.3225	609.68164	2903.9534	773.0549	1180.826	320.02228	1736.8337	574.6522	301.0	232.6	340000	276.46	133.67392	441.152	-20.257595	276.46118	133.67278	443.01938	-21.474186	277.80804	133.55641	441.4302	-22.60675	-2.7196805	5.1189985	48.850605	-16.476181	21.20706	21.170135	17.790298	1760.3534383773804
69	1.2	0.2	1666.6862	501.1141	2924.9158	1142.3984	3254.5283	1231.6752	5090.943	1398.4799	332.13333	649.5	345000	279.07446	135.29424	452.33682	-25.157995	279.07538	135.29214	446.34213	-24.39922	280.40036	135.15547	444.98495	-24.698595	-2.599735	5.195956	48.040005	-17.56034	21.615154	21.613327	17.800953	1793.3772535324097
70	1.2	0.2	1723.2745	925.26794	3519.2664	514.6126	2558.2632	1499.5616	4848.8916	1099.5807	346.92307	526.7	350000	280.80954	136.03195	449.8426	-29.846899	280.80997	136.03029	449.84274	-22.95229	282.10712	135.89941	447.26114	-26.18358	-2.535493	5.1906815	45.50921	-16.743572	22.260736	22.165724	18.216408	1823.1807305812836
71	1.2	0.2	1859.2533	1020.48224	4555.0747	504.16104	2957.7583	1268.5299	5078.3325	1373.3577	378.64285	580.5	355000	283.38608	136.98232	448.34723	-26.690468	283.38712	136.9805	449.1826	-32.985394	284.75485	136.84917	448.76624	-35.22156	-2.3682654	5.332241	54.351795	-16.859255	22.044239	22.008516	18.174374	1856.291438817978
72	1.2	0.2	1641.3435	1086.0369	4801.3457	595.1156	1116.3098	248.57314	1642.8654	759.4509	328.4	220.4	360000	286.1812	138.55074	455.98257	-26.530054	286.18237	138.54774	452.26425	-24.217995	287.5435	138.41956	452.64108	-30.586096	-2.2781742	5.38601	63.191685	-16.351051	22.45081	22.54269	18.43776	1884.3582725524902
73	1.2	0.2	1688.0427	847.91016	4025.2915	710.1367	1927.7097	1577.7404	5040.6245	770.80914	341.8	383.2	365000	289.2155	139.87282	456.0744	-25.764864	289.21646	139.87022	457.40582	-32.226112	290.56122	139.73697	454.96506	-21.458546	-2.1809053	5.463832	54.692387	-17.02516	23.13726	23.194452	18.782518	1915.2055885791779
74	1.2	0.2	1383.8026	682.0306	2806.3752	408.82486	2466.7478	1517.9088	5160.4556	858.53296	278.57895	482.5	370000	290.37387	140.57698	458.32837	-38.793907	290.37494	140.5745	458.99933	-29.379719	291.7388	140.41708	457.4107	-27.753593	-2.0777202	5.481429	48.625214	-16.616814	23.312347	23.475498	19.171429	1947.5461494922638
75	1.2	0.2	2626.9485	742.546	3565.9666	1423.9846	1335.1951	269.10324	1915.2739	1071.6587	529.2222	252.9	375000	292.8598	140.96103	462.7079	-21.351696	292.86044	140.95833	464.55695	-28.997183	294.24863	140.82199	458.82104	-27.980381	-2.0388389	5.520742	46.317417	-17.908644	23.5274	23.630531	19.185572	1975.6841204166412
76	1.2	0.2	2594.755	1403.5214	4977.027	1016.68115	1387.2789	700.3066	2572.1687	554.12805	523.3	270.8	380000	295.44296	142.09001	462.9252	-32.387474	295.44403	142.08795	464.88794	-25.285057	296.81873	141.95659	460.34793	-50.524586	-2.0232196	5.5645533	63.715847	-18.240171	23.562963	23.599297	19.257637	2005.4180147647858
77	1.2	0.2	1914.9479	598.1225	3229.586	1060.427	2179.441	1185.1539	4824.99	938.1937	386.23077	442.6	385000	297.25113	142.99983	466.2831	-29.459938	297.2524	142.99588	468.93835	-28.483093	298.6196	142.84222	464.66174	-31.664051	-1.9064015	5.6305075	50.516544	-18.091314	23.30086	23.50116	19.380339	2036.7609198093414
78	1.2	0.2	3113.432	1273.9905	4942.5947	1518.9598	1966.2592	1160.8229	4164.9546	792.9197	629.0	391.8	390000	300.2226	143.92493	470.7733	-19.560719	300.2239	143.92343	468.8043	-50.595467	301.6512	143.78754	466.00156	-26.012365	-1.8751681	5.657933	63.810055	-16.457733	23.42113	23.452986	18.833698	2067.419469833374
79	1.2	0.2	2391.9722	1435.0881	5003.2363	713.85864	2340.1123	894.41064	4015.906	1090.5321	486.7	467.9	395000	302.8694	144.91788	474.7836	-15.8198805	302.86972	144.9174	468.64127	-39.009483	304.30127	144.75345	467.47998	-36.39495	-1.8141909	5.645518	49.1887	-16.606201	23.599163	23.651232	18.901438	2098.4027483463287
80	1.2	0.2	2837.8535	834.5478	4432.1387	1849.5865	1854.3477	536.51587	2735.3745	1135.0214	565.0	364.1	400000	305.99417	145.4407	473.2482	-19.237488	305.9956	145.43613	471.19614	-28.657545	307.42538	145.24586	472.26468	-27.345661	-1.8451719	5.700543	83.95204	-17.759212	23.405973	23.62577	18.992546	2128.945077419281
81	1.2	0.2	2571.4424	1294.0757	4934.426	577.7157	1737.1514	998.3212	3813.3394	704.009	521.55554	334.4	405000	308.48978	146.43661	472.3363	-25.682838	308.49146	146.43198	472.39636	-24.226116	309.9283	146.23262	471.82254	-42.895985	-1.8297704	5.772996	95.5956	-18.514206	23.66624	23.763529	19.409027	2157.7536256313324
82	1.2	0.2	2278.865	1102.856	4877.792	1149.2449	3139.148	1409.7012	5106.582	1077.0088	460.36365	619.3	410000	310.88928	147.2783	480.49637	-39.33477	310.89276	147.27074	476.39963	-31.818619	312.3173	147.06628	473.92242	-44.89865	-1.7679718	5.7921796	60.55228	-17.993324	23.768005	23.855642	19.12836	2190.9639847278595
83	1.2	0.2	2025.1301	863.37225	3380.57	845.8135	2146.9766	1469.2592	5078.02	509.28558	404.07693	420.1	415000	312.30182	148.08661	478.05457	-24.89239	312.3089	148.073	480.97836	-33.646233	313.70554	147.896	476.60794	-22.904507	-1.8677355	5.7913218	74.06502	-16.964666	23.992064	24.109535	19.577675	2222.888773918152
84	1.2	0.2	2506.169	1017.8707	4728.5176	831.1975	2386.4224	1396.1409	4776.6797	756.78503	501.1	485.0	420000	313.9413	149.53561	485.88992	-31.26132	313.95227	149.51361	481.27957	-31.606375	315.36926	149.37619	478.98273	-28.66922	-1.7055472	5.8546085	58.65292	-17.869734	24.400188	24.497192	19.41049	2254.884918689728
85	1.2	0.2	1853.6011	1393.6034	4887.9634	487.3441	2149.851	1036.3209	5044.3237	1469.186	374.3846	426.9	425000	315.61523	150.8242	481.0609	-24.180593	315.63278	150.79062	482.22928	-33.015293	317.0198	150.66174	479.286	-54.38655	-1.702487	5.897298	58.834705	-16.603943	25.575768	25.546165	19.879889	2285.612580537796
86	1.2	0.2	2961.1191	1434.0673	4779.3916	743.6848	2846.5054	1096.8164	5111.1646	1413.49	601.875	566.2	430000	317.491	151.1401	483.2533	-31.86644	317.50235	151.11658	485.7805	-44.989944	318.91125	150.96753	481.71707	-66.39056	-1.5973701	5.947808	52.342575	-17.261604	25.898073	25.924074	20.346325	2317.4129984378815
87	1.2	0.2	3575.638	934.9492	4946.5664	2485.347	4236.876	1117.9474	4820.0596	1280.8405	721.5714	888.7	435000	319.35388	151.50047	484.429	-33.84501	319.36362	151.48256	489.33948	-45.97787	320.7313	151.30809	482.35104	-56.039974	-1.6049204	5.955426	52.00125	-16.901966	26.217289	26.346659	20.769691	2354.3154377937317
88	1.2	0.2	3726.1892	1143.1746	4882.6377	1801.7158	944.7545	115.13582	1137.2356	770.6352	756.2857	183.8	440000	321.5695	151.267	487.57852	-38.72173	321.5757	151.25505	486.97476	-42.004417	322.99075	151.06335	484.8935	-43.16435	-1.5072883	5.9991465	72.2287	-18.42412	25.956161	26.161411	20.468676	2384.2890219688416
89	1.2	0.2	3014.426	734.40796	3735.368	1393.6068	2268.1719	1205.3486	4500.196	1139.2682	609.1429	447.6	445000	324.0232	151.4164	486.48154	-44.034985	324.02774	151.40678	484.52774	-44.74032	325.4596	151.2016	484.6153	-44.87909	-1.5692954	6.0481644	66.30644	-16.483067	26.122519	26.177563	20.358917	2413.3126273155212
90	1.2	0.2	2688.9985	1658.4973	4950.789	652.05066	1733.9205	908.4044	3658.235	825.143	543.6	340.2	450000	326.46774	152.11853	487.6274	-65.33568	326.4736	152.10841	490.6312	-41.184692	327.91306	151.89824	487.80722	-42.427505	-1.5600393	6.075152	61.12814	-17.212303	25.808304	25.8938	20.411804	2445.372805118561
91	1.2	0.2	2885.5938	1299.9402	4926.4146	1253.028	1300.7864	435.35312	2435.5908	778.672	581.8889	253.3	455000	328.73276	153.44273	494.9182	-48.864914	328.738	153.4319	490.1431	-71.64969	330.13266	153.22372	490.69974	-43.287544	-1.7138371	6.0635047	66.29868	-16.860615	25.483948	25.62497	20.027369	2475.929214954376
92	1.2	0.2	2163.7144	1477.8416	4985.3945	688.22736	1149.9137	214.83357	1541.2695	925.5536	435.27274	226.8	460000	329.70374	154.11021	492.12903	-43.464943	329.70883	154.10022	491.09372	-35.178017	331.08606	153.89517	489.61914	-45.48645	-1.7536982	6.0874486	59.856102	-17.15537	26.089577	26.105095	20.329103	2504.7509064674377
93	1.2	0.2	3418.6804	1570.3708	4983.095	687.6315	3867.936	1198.2196	4927.938	1727.5891	701.4286	789.3	465000	331.72025	154.71957	496.41013	-42.82437	331.7251	154.70877	495.0416	-33.945942	333.1499	154.51234	495.56564	-49.022625	-1.4600276	6.07008	70.58344	-17.60294	26.098812	26.129763	20.408325	2540.2629556655884
94	1.2	0.2	3108.744	1489.2268	5029.012	1172.4401	2039.7585	550.7519	2940.2441	1370.2937	622.25	402.2	470000	334.47333	155.10602	496.53815	-41.836666	334.47733	155.09676	498.6396	-34.347424	335.87863	154.87552	494.24036	-50.3791	-1.5555215	6.131849	67.614716	-19.09853	26.450262	26.571192	20.80443	2571.409929037094
95	1.2	0.2	3454.3826	1151.9141	5002.276	1769.596	2777.5117	1213.9714	4906.714	920.3274	702.1429	563.5	475000	335.46527	155.89703	496.7288	-49.266407	335.4701	155.88776	496.61218	-34.142178	336.8933	155.6952	495.54752	-119.897125	-1.5266441	6.137799	79.71042	-16.739994	26.311794	26.304731	20.479336	2604.501608133316
96	1.2	0.2	2820.7312	1450.2916	4987.3223	882.03485	1783.4602	1168.6676	3779.7927	661.9664	570.3333	353.1	480000	338.48022	156.31317	499.22925	-43.575874	338.484	156.30708	499.65833	-53.70465	339.90558	156.0854	498.61548	-44.7618	-1.6466941	6.186109	68.40925	-18.026701	26.643066	26.40958	20.803295	2636.0315506458282
97	1.2	0.2	3240.731	1153.3411	4773.4697	941.3997	1234.0457	331.6515	2063.4526	965.17926	665.375	243.6	485000	340.27167	156.58772	500.1871	-46.882168	340.27512	156.5799	500.97427	-50.5115	341.69373	156.35205	499.96213	-89.647064	-1.5292495	6.2447143	75.494865	-18.705275	26.838032	26.885468	20.792551	2667.016827583313
98	1.2	0.2	3139.0862	1454.4243	4833.6304	862.4908	2903.1047	1581.6788	4933.8696	1343.5887	641.7143	589.9	490000	341.32114	156.31226	501.67862	-43.949722	341.32434	156.30574	498.77316	-39.531055	342.7289	156.08174	500.25436	-49.082973	-1.5216156	6.166817	69.41365	-17.561398	26.668053	26.626347	20.945131	2698.718535423279
99	1.2	0.2	2861.4653	1149.4851	4969.2183	1294.7736	1999.2117	1213.0217	5076.6914	685.03656	580.7778	398.4	495000	342.31345	156.30676	501.2639	-47.39988	342.3162	156.30211	503.15747	-53.368027	343.67453	156.06093	499.9798	-72.920074	-1.5404642	6.0653367	71.50648	-16.97594	27.17464	27.029707	20.897446	2731.1651451587677
100	1.2	0.2	2959.946	1309.8572	4862.362	858.7884	2645.0066	895.6733	4707.3115	1104.2638	597.75	540.8	500000	342.4991	156.25298	500.0952	-41.258743	342.5011	156.2481	506.80237	-30.019012	343.88687	155.98308	499.0184	-51.59012	-1.4431573	6.148669	65.33463	-16.867214	26.82089	26.670115	20.802547	2763.5490357875824
101	1.2	0.2	2944.1587	1416.4637	4791.7407	1030.6425	1443.999	1154.6055	4763.197	671.5812	603.3333	298.2	505000	344.76382	156.08215	500.07065	-45.306873	344.7669	156.07713	502.56378	-32.936073	346.15424	155.80109	501.3054	-41.814007	-1.4321008	6.2017765	78.315216	-17.503485	26.338194	26.247295	20.129002	2795.733852148056
102	1.2	0.2	3816.997	1350.9327	4929.372	1471.5273	2502.09	1276.1472	4792.412	850.52075	781.1667	496.8	510000	347.05872	155.99341	503.59918	-38.97954	347.06195	155.98538	502.15427	-28.957489	348.4813	155.73227	502.56863	-32.603962	-1.4961982	6.1432123	73.4974	-17.43707	26.629408	26.649656	20.613771	2827.4412841796875
103	1.2	0.2	3216.2412	1672.2157	4887.23	1016.98566	2249.993	1546.2228	5017.4624	776.60474	656.5	448.2	515000	349.547	156.78116	504.83572	-40.56223	349.55038	156.77533	504.90604	-31.181187	350.9748	156.5156	508.30487	-41.75705	-1.2730626	6.0856395	85.94238	-17.175213	26.013857	25.943262	20.193026	2860.522140979767
104	1.2	0.2	3846.5022	838.3021	4889.585	2601.4714	2237.4463	1128.0669	4219.2075	691.3464	783.8333	438.2	520000	351.90012	157.08215	509.7341	-38.001266	351.9028	157.07649	510.01297	-24.592495	353.30905	156.80844	505.45856	-42.85511	-1.3852807	6.098173	83.174736	-17.207779	26.086897	25.996754	20.222553	2891.4368257522583
105	1.2	0.2	3219.01	1326.794	4952.9976	1052.8413	1395.3517	402.794	2256.8118	907.83514	658.1429	272.7	525000	352.47043	157.59767	509.8853	-45.405983	352.4748	157.5911	507.77872	-35.439278	353.84146	157.30826	506.47342	-35.811127	-1.4993179	6.123159	69.38298	-17.272045	26.761213	26.627537	20.49002	2920.511210680008
106	1.2	0.2	2841.7488	1311.9633	4951.2217	962.095	1391.7122	654.333	3031.9744	724.78375	577.8	272.8	530000	353.85382	157.49458	508.69724	-48.571674	353.85635	157.48741	512.53406	-38.986996	355.18558	157.2186	505.29468	-36.97837	-1.5158666	6.1261444	71.347176	-17.576159	26.561872	26.544874	20.552559	2953.9730224609375
107	1.2	0.2	2266.5872	1311.39	4895.402	628.31396	3259.721	1638.175	5049.0537	900.6123	459.9091	648.6	535000	355.02405	157.4494	511.96808	-41.444347	355.02652	157.44539	515.4127	-32.17409	356.38647	157.15968	505.68713	-49.657295	-1.4176282	6.2107854	80.89489	-16.419703	27.045395	26.740196	20.426437	2988.6652343273163
108	1.2	0.2	3746.4482	1161.0895	4895.596	1938.884	1958.4554	962.9134	3629.7437	649.7815	765.3333	412.7	540000	355.7878	157.15115	506.13214	-30.589767	355.79065	157.14612	506.86862	-31.435263	357.13525	156.84966	506.3166	-65.39987	-1.5656548	6.0785475	62.91246	-16.82004	26.651234	26.551563	20.254633	3019.2861862182617
109	1.2	0.2	3132.669	1587.663	5015.357	719.7904	1634.2446	1229.4601	5101.432	620.90454	635.5	317.3	545000	356.13715	157.51076	511.31506	-32.069195	356.13922	157.50534	512.79987	-31.442787	357.44742	157.21936	506.13733	-38.752075	-1.5998034	6.074354	82.78501	-17.571543	26.857046	26.687187	20.525877	3050.578999042511
110	1.2	0.2	3040.6902	1600.1041	4880.071	1136.6838	2576.179	1282.7388	5105.8955	1016.32544	621.8571	507.5	550000	358.16602	157.17242	507.4318	-36.561623	358.16895	157.1671	510.97052	-36.896595	359.56412	156.88547	507.9585	-49.95009	-1.5573636	6.1596837	72.781784	-16.33596	26.318747	26.20748	19.910955	3081.363980293274
111	1.2	0.2	3221.804	1695.9032	4939.9443	921.301	1516.9438	529.12854	2378.8403	825.85126	652.8889	307.1	555000	359.56418	157.87839	510.0897	-41.689365	359.56683	157.87256	509.2164	-33.433624	360.90784	157.6008	509.46524	-40.074173	-1.659045	6.153605	99.749664	-18.87029	26.33425	26.15702	20.400839	3115.790773868561
112	1.2	0.2	2705.4854	920.2851	4932.5225	1369.9786	1644.8158	458.36212	2470.467	1016.82654	549.0	332.1	560000	360.4541	157.86078	511.9973	-43.28938	360.4569	157.85399	512.1863	-48.06445	361.79922	157.54938	510.9671	-46.28455	-1.3780018	6.175055	83.954475	-17.688082	26.784	26.697285	20.356314	3147.1390495300293
113	1.2	0.2	2592.8186	1772.1206	4859.447	509.60406	2228.911	1734.2632	4612.963	592.5248	533.0	468.7	565000	361.45267	157.51328	512.47095	-38.504047	361.45657	157.50797	510.02185	-25.259	362.7612	157.19548	509.30374	-43.15538	-1.6571873	6.154129	82.00036	-17.555893	26.850124	26.53484	20.292202	3179.614402770996
114	1.2	0.2	2946.2983	1423.8579	4773.121	1122.5653	840.7498	433.58054	1848.4333	516.6117	610.5	177.2	570000	362.2073	157.79155	513.9652	-65.638855	362.21063	157.78384	510.77084	-36.84587	363.54526	157.49017	512.8884	-49.07634	-1.8130699	6.069301	81.802025	-16.831873	26.757057	26.601732	20.40443	3209.157838344574
115	1.2	0.2	3270.1135	1404.933	4931.892	792.7821	1288.8525	234.0498	1814.1322	981.016	672.75	256.9	575000	363.40744	157.89369	513.3712	-29.192562	363.4103	157.88943	511.61566	-34.912514	364.69543	157.59753	510.42072	-44.180264	-1.7627044	6.0577893	73.50096	-18.085333	26.787996	26.518011	20.08183	3241.2355766296387
116	1.2	0.2	2955.0972	1707.0079	5083.4824	879.6262	2062.8643	1324.8153	5048.928	1019.4835	592.25	416.6	580000	364.15063	157.72673	513.88385	-27.11358	364.154	157.71976	513.28455	-37.595554	365.46948	157.43063	509.6585	-43.37547	-1.499929	6.1991515	67.13045	-16.493326	26.85035	26.80266	20.199406	3272.7861218452454
117	1.2	0.2	2776.6123	1656.3542	5053.6035	524.47656	3606.6848	1197.9407	5131.0493	1368.0094	563.1111	703.1	585000	364.64148	157.59752	516.8219	-36.840263	364.64444	157.5914	514.78174	-33.776993	365.9345	157.24934	512.0454	-39.21214	-1.6429577	6.1024585	78.575325	-17.385056	26.619837	26.484375	19.879623	3308.4517183303833
118	1.2	0.2	4648.2373	463.65533	4927.922	3722.9832	2441.1956	1180.7172	4884.3916	668.6385	954.0	495.5	590000	365.67184	156.78435	510.53204	-71.37599	365.67517	156.7775	514.1584	-55.650578	366.92413	156.4688	510.30515	-74.73557	-1.7034113	6.083327	71.91532	-16.925453	26.393093	26.407482	20.037645	3341.027155637741
119	1.2	0.2	3814.0403	842.21533	4886.503	2712.721	1661.0032	458.6032	2551.5037	935.28735	781.7143	338.7	595000	366.91434	156.7537	511.9744	-34.787376	366.917	156.74884	511.82233	-26.961903	368.1837	156.42174	512.602	-53.009792	-1.7345027	6.158543	73.95375	-18.321129	26.282791	26.096611	19.873322	3374.4720990657806
120	1.2	0.2	3468.5413	1650.4797	4899.5503	739.5563	2349.9487	1227.3385	4252.2705	1028.7073	711.8333	464.6	600000	367.95618	156.90862	511.82208	-34.18069	367.95932	156.90297	516.3936	-31.155165	369.23972	156.57217	513.2606	-36.676464	-1.6514194	6.148399	74.110214	-17.511688	25.811808	25.495657	19.757914	3405.0497374534607
121	1.2	0.2	2837.9597	1503.1558	4943.281	785.07513	1362.3652	401.396	2113.0498	871.7339	571.44446	271.7	605000	369.28366	157.00453	515.6027	-39.238895	369.28665	156.99771	515.9154	-28.012388	370.57516	156.67177	512.4462	-38.636482	-1.7656947	6.2116694	86.381065	-17.377974	25.835043	25.706276	19.437887	3436.6597204208374
122	1.2	0.2	4202.2056	1377.8231	5043.6807	1188.6809	2297.094	1512.7133	5063.9927	824.64014	846.0	459.3	610000	370.79724	157.31711	515.7307	-38.008957	370.80005	157.31067	514.4892	-32.170994	372.0624	157.00449	517.53705	-56.934334	-1.8679	6.1553516	70.61009	-17.97508	26.186522	25.944742	19.939268	3470.1832258701324
123	1.2	0.2	4258.821	1114.7427	4962.9766	1897.998	1806.1836	1194.3169	4756.917	691.0799	859.6667	358.2	615000	371.38782	157.22945	516.90845	-28.3297	371.39035	157.22426	514.01935	-29.349771	372.688	156.91014	515.69354	-41.012016	-1.8007513	6.179899	80.725105	-17.179901	26.217453	26.13652	19.79366	3502.9475603103638
124	1.2	0.2	2820.0718	1425.649	4927.822	682.5565	2695.6108	1251.3745	4739.264	1273.9995	567.55554	541.4	620000	373.03415	157.19081	518.12885	-28.048073	373.03687	157.18472	515.8089	-27.748516	374.30045	156.87605	515.4872	-36.40019	-1.8636298	6.1721373	77.362274	-16.839268	26.397446	26.315083	19.667883	3537.5358622074127
125	1.2	0.2	3290.3113	1848.8616	4944.15	677.9512	2545.8699	1628.524	5084.0635	680.77954	670.4286	505.9	625000	372.9633	156.90964	519.0338	-37.324608	372.96594	156.90367	516.331	-30.201221	374.21558	156.58026	515.9868	-59.809128	-1.818218	6.173945	69.41357	-17.054625	27.022936	26.886011	20.137857	3570.0592172145844
126	1.2	0.2	3421.058	1475.2057	4993.857	628.443	2158.0898	857.8258	3439.673	907.9864	690.125	431.6	630000	373.26248	156.49759	517.9817	-39.040134	373.2659	156.4914	519.90497	-24.24696	374.52942	156.1703	515.9851	-31.38776	-1.7321826	6.158128	81.81506	-18.04543	26.748426	26.634554	19.783003	3604.8082780838013
127	1.2	0.2	3545.455	1294.5989	4961.321	1552.2241	1870.7092	783.1266	3617.8132	799.9308	715.5714	363.1	635000	374.83856	156.49564	517.4236	-36.842785	374.84174	156.48842	516.6465	-53.18931	376.09204	156.1645	515.893	-61.467464	-1.7763016	6.2520223	107.06645	-17.34355	26.282953	26.139795	19.508629	3637.1246540546417
128	1.2	0.2	3654.0442	1816.6139	5014.5513	604.76306	2167.8032	1454.6664	4954.747	742.14856	740.6667	433.5	640000	376.10568	156.1565	516.0736	-47.027428	376.10788	156.15166	520.49426	-44.80149	377.34937	155.80022	516.7152	-76.78846	-1.7578384	6.2032614	74.665924	-16.747517	25.972637	25.832245	19.34696	3668.3241107463837
129	1.2	0.2	3276.5432	1668.4762	5012.6455	1231.123	2834.061	1220.3081	5084.5874	1438.1754	662.5	558.5	645000	376.83984	156.48283	517.02594	-61.571323	376.84326	156.47632	516.6983	-81.03776	378.08856	156.15187	516.9959	-75.313034	-1.6064799	6.173666	88.055725	-17.468933	26.201195	25.915693	19.483799	3703.847574710846
130	1.2	0.2	3184.2302	1696.603	4958.9653	917.0266	1504.7378	679.58093	2955.91	610.02716	653.0	292.9	650000	379.1278	156.42094	518.43787	-34.15494	379.13065	156.41385	528.3874	-39.82157	380.3942	156.07428	518.4745	-73.59991	-1.7693231	6.158616	76.551445	-16.580288	26.164488	26.115372	19.490715	3736.565463066101
131	1.2	0.2	4921.3022	78.89993	5005.411	4804.3037	5097.2417	9.646701	5104.005	5069.5703	986.4	1000.0	655000	379.68716	156.23663	519.2721	-35.721485	379.69025	156.23116	520.92	-31.420397	380.9074	155.88869	520.35315	-40.869205	-1.7290549	6.170298	77.61982	-16.790035	26.632883	26.479551	19.564337	3775.588620901108
132	1.2	0.2	3332.6516	1910.4164	4983.2637	693.3468	1430.5677	769.8408	3389.4268	811.4145	672.1429	277.9	660000	379.73843	156.50836	517.8117	-29.961609	379.7411	156.50235	521.5559	-40.429516	380.9355	156.15173	518.081	-65.94017	-1.6106285	6.1928	81.36822	-17.52218	26.677956	26.42303	19.742638	3805.99320268631
133	1.2	0.2	4174.265	1525.5312	5041.1943	819.79535	3969.892	1483.7896	5055.537	1154.7917	839.1667	792.8	665000	381.61868	155.52116	518.21796	-38.88988	381.62262	155.51436	519.08777	-25.938671	382.85214	155.15776	519.5352	-44.31526	-1.5695777	6.120634	85.3014	-17.680775	26.433329	26.166006	19.297337	3843.1751761436462
134	1.2	0.2	3230.7551	1625.7319	4951.6323	727.938	3219.8328	1715.2606	5086.946	813.55	657.1429	637.5	670000	382.6516	155.66113	522.28827	-34.602394	382.6534	155.65846	518.81805	-49.96802	383.86642	155.29898	517.23004	-56.623222	-1.6919937	6.0876665	68.37258	-18.120604	26.2532	25.953678	19.353136	3877.0341465473175
135	1.2	0.2	3801.8176	1513.5659	5016.78	1305.5344	3677.268	1416.4658	5144.105	782.29004	764.7143	714.3	675000	383.3797	155.59827	520.39404	-58.36243	383.38263	155.59206	528.7817	-49.547295	384.56354	155.23842	518.58215	-71.642845	-1.7997772	6.054032	85.10811	-19.773588	26.330778	26.029196	19.278763	3914.4569413661957
136	1.2	0.2	3729.469	1225.4471	5050.592	1981.6279	1837.3158	1207.7684	5086.6636	563.2353	752.1429	362.6	680000	383.15457	155.49991	518.5118	-47.04778	383.15784	155.49226	520.44556	-66.06257	384.33145	155.14377	519.20056	-44.036472	-1.6608144	6.1465807	80.1583	-16.711334	26.291132	26.202974	19.201412	3947.9273087978363
137	1.2	0.2	4191.0977	1330.1228	5030.4375	1568.9482	1450.0836	626.1298	2505.9746	792.01886	844.6	281.8	685000	384.95694	155.23772	522.9574	-39.861603	384.95947	155.23283	523.5119	-60.0931	386.20105	154.90077	520.14136	-78.717064	-1.590572	6.2572527	69.53047	-17.224596	25.9354	25.747484	19.10467	3977.0292253494263
138	1.2	0.2	3941.9526	1481.8612	5030.7104	672.6024	2912.0066	1612.9862	5045.0444	930.63574	790.1429	581.1	690000	386.406	155.16304	523.8966	-34.97054	386.4085	155.15881	523.6186	-30.47199	387.61697	154.79706	519.80255	-35.17287	-1.6751561	6.170462	94.93485	-16.80206	26.3911	26.152714	19.191793	4013.9016683101654
139	1.2	0.2	3836.2449	1826.1733	5047.1055	903.00586	1678.3967	1061.9857	4773.1094	906.4904	768.5714	334.8	695000	386.38687	155.24335	520.9387	-54.456905	386.38922	155.2377	520.32477	-31.289307	387.57404	154.85286	521.0726	-58.904175	-1.6636337	6.2013006	74.36884	-16.589174	26.440771	26.306204	19.463678	4047.572850227356
140	1.2	0.2	3571.834	1637.9911	4992.3735	789.142	1020.0919	233.79689	1498.3712	712.33795	719.6667	197.5	700000	387.68936	154.8617	523.84576	-49.254326	387.69138	154.85664	520.19855	-51.087723	388.89536	154.47942	521.78485	-47.044567	-1.5524055	6.2477384	74.40619	-16.853727	26.280376	26.070349	19.182558	4076.051554918289
141	1.2	0.2	3364.7065	1596.489	4979.2573	1450.3964	1976.7617	1220.9657	4801.9487	843.2609	682.375	393.8	705000	388.5737	154.66434	522.0108	-38.525314	388.577	154.65778	521.8719	-31.267603	389.77124	154.29007	520.5458	-55.909172	-1.6502776	6.1576066	76.41873	-16.470066	26.493044	26.264206	19.477377	4111.055857658386
142	1.2	0.2	3573.7974	1598.3998	4984.274	744.6699	4504.7827	1116.3766	5129.9614	1536.6447	727.8571	883.9	710000	389.8577	154.61604	523.6487	-38.003094	389.86087	154.60963	522.7862	-39.580177	391.03632	154.24896	522.4857	-52.093277	-1.8324744	6.141843	70.15248	-17.601885	25.706827	25.662449	18.950857	4150.002972364426
143	1.2	0.2	3571.2878	1051.352	4937.656	1888.0082	4647.7163	1170.5596	5159.9424	1191.7915	722.4286	909.8	715000	389.91965	154.79376	521.6866	-34.142895	389.9233	154.78806	524.0599	-41.402138	391.07074	154.42545	520.34375	-50.26424	-1.8335223	6.171162	96.63775	-18.097542	26.039707	25.605337	18.676878	4189.16588640213
144	1.2	0.2	4107.8354	1307.7614	5017.8345	1565.6498	4298.8525	997.8384	5055.2646	2310.4924	821.6667	853.2	720000	390.02008	155.00197	521.88586	-43.753498	390.0232	154.9977	525.71814	-47.378654	391.20142	154.65248	523.6842	-35.6301	-1.6152266	6.221034	92.98002	-17.553623	25.92907	25.757517	18.752985	4227.239072561264
145	1.2	0.2	4258.5356	1502.0703	5013.087	902.8794	4418.5435	1463.8065	5144.62	758.5375	863.3333	865.5	725000	391.225	154.62875	524.1937	-34.28463	391.22708	154.62251	522.9412	-44.21829	392.39264	154.25587	522.93677	-40.539562	-1.6667389	6.193785	79.465385	-17.214064	26.371868	26.080544	18.830189	4266.0018265247345
146	1.2	0.2	4029.273	1467.5393	4974.2666	1115.8843	5095.7993	8.877894	5105.9297	5077.873	811.6	1000.0	730000	391.97073	154.6582	532.8192	-56.948498	391.97366	154.65161	534.6049	-58.288116	393.14102	154.2833	522.1496	-47.83431	-1.6956446	6.3038964	80.56658	-17.063704	25.894625	25.897097	18.732155	4302.185524702072
147	1.2	0.2	3879.9883	1292.6199	5035.8965	1640.2155	4168.036	1406.4866	5067.11	1219.1467	783.5714	823.3	735000	393.65265	154.37663	524.8746	-57.600185	393.65457	154.37173	526.298	-61.329933	394.80734	153.99817	523.17206	-67.34613	-1.6779103	6.307932	99.47066	-16.977673	25.83056	25.701866	18.773092	4342.038217782974
148	1.2	0.2	4918.2393	34.99607	4970.576	4866.8984	2913.352	1974.7444	5130.8433	641.6398	1000.0	571.0	740000	394.7129	154.6433	523.5861	-43.840824	394.71573	154.63698	529.194	-59.600094	395.8675	154.25812	522.7429	-62.228855	-1.84157	6.2780733	110.980515	-16.999582	25.612165	25.473337	18.970963	4377.323391914368
149	1.2	0.2	3883.3298	1589.9447	5090.088	892.8972	4095.1536	1159.5858	5007.949	1831.2479	782.5	831.6	745000	396.13702	154.56544	525.26306	-51.075924	396.14075	154.56061	526.0673	-27.55133	397.3257	154.1894	523.70264	-36.717197	-1.7633678	6.364254	92.44379	-18.41359	26.009007	25.738935	18.822031	4414.760108470917
150	1.2	0.2	4489.33	978.69006	5067.5996	2306.1865	3812.0059	2013.151	5181.156	681.92224	909.8333	745.7	750000	397.60626	154.6116	527.44806	-37.171528	397.60782	154.60817	526.77856	-53.480198	398.76782	154.23529	524.5512	-59.929462	-1.98883	6.37885	87.987114	-17.122967	25.932308	25.65212	19.069574	4453.638763666153
151	1.2	0.2	3423.7078	1816.9508	5002.3066	788.37866	3978.687	1327.4438	5169.7354	598.9933	696.8571	767.2	755000	398.47733	154.54863	525.2137	-59.7765	398.47946	154.54411	525.93256	-49.99529	399.63855	154.15138	524.87445	-33.281296	-2.0052009	6.270925	77.61647	-18.095821	25.699772	25.449688	18.769037	4490.566435337067
152	1.2	0.2	4266.1616	854.5731	4956.2227	3030.41	2116.2612	1120.2053	4911.514	877.3599	868.1667	416.6	760000	398.72543	154.74536	533.694	-28.882292	398.72845	154.73792	532.1439	-36.68436	399.88882	154.35788	526.3358	-54.599743	-2.0492623	6.3322206	113.68223	-18.73214	25.36629	25.42861	18.665154	4525.230297803879
153	1.2	0.2	4414.9805	912.25916	5103.206	2635.1406	3049.15	1473.4866	5203.9272	886.1756	892.6	591.1	765000	398.92575	154.14758	525.56226	-34.307365	398.92892	154.13953	524.82306	-27.237457	400.01566	153.76001	526.53845	-40.58827	-1.9748632	6.2408385	80.32979	-17.3136	26.578688	26.522911	19.273	4559.060550928116
154	1.2	0.2	4892.8984	95.07345	5010.781	4772.4995	4517.0557	1337.1813	5249.38	1440.7731	1000.0	872.7	770000	399.2461	153.4804	525.5291	-34.924175	399.2475	153.47742	530.80066	-32.667263	400.34128	153.10072	526.60925	-41.424473	-1.8383765	6.182744	81.038666	-16.995476	26.008825	25.750393	18.685543	4597.992881059647
155	1.2	0.2	4374.418	1342.8955	5009.3813	1372.3904	5026.621	160.13985	5171.9053	4589.563	877.8333	989.3	775000	399.3549	153.60411	527.80286	-29.094578	399.35925	153.59612	524.7876	-33.20804	400.49332	153.21652	526.8988	-32.51274	-1.683518	6.3525004	79.74936	-16.563778	26.310284	26.258247	19.20663	4639.158332586288
156	1.2	0.2	4515.092	648.8948	4950.0366	3232.499	3928.9075	1619.5702	5234.1445	1344.1166	913.2	755.5	780000	399.8828	153.52785	526.67017	-31.611986	399.8844	153.5239	524.8934	-83.55852	401.03647	153.11952	526.1412	-42.091736	-1.9841334	6.3401394	71.4236	-16.712112	25.994757	25.776756	19.026295	4675.139441728592
157	1.2	0.2	4234.125	1206.0485	4918.5225	1573.8813	4936.238	549.3946	5139.4355	3289.9568	870.1667	963.3	785000	401.20084	153.52113	533.2264	-41.01275	401.20358	153.51524	527.92285	-32.736732	402.3258	153.14572	527.08075	-33.902714	-1.9360393	6.2819743	96.72887	-16.815863	26.213232	26.040121	18.707045	4716.032438755035
158	1.2	0.2	4021.3003	1184.5892	5043.3037	1539.248	3787.7837	1642.9004	5137.2065	848.54065	809.7143	739.7	790000	402.27298	153.4267	529.04987	-44.01689	402.2756	153.42023	528.12555	-54.942436	403.37845	153.03134	525.1989	-83.69471	-1.7397243	6.3866234	80.80002	-17.791891	25.892056	25.977913	18.804493	4756.156377077103
159	1.2	0.2	4774.7905	163.09406	4894.1343	4452.584	4366.578	1078.9374	4985.729	1559.2339	980.2	894.7	795000	403.27216	153.37756	525.9764	-29.523859	403.2737	153.37393	532.0578	-54.511223	404.39307	152.98386	526.8875	-33.3285	-2.012793	6.3726416	88.65457	-17.475828	25.677763	25.418135	18.4012	4795.61456990242
160	1.2	0.2	3018.5225	1598.0627	4869.2695	630.0489	4454.093	1347.0211	5261.045	750.56006	619.5	861.5	800000	404.2852	152.78242	528.54047	-79.36376	404.28888	152.77504	527.7089	-37.61489	405.39294	152.38455	526.33356	-52.806202	-2.0417993	6.3076663	83.0575	-16.842094	25.382753	25.372429	18.632185	4833.8532955646515
161	1.2	0.2	4064.7217	1258.1788	4963.936	1567.9581	3823.28	1413.7028	5004.5967	998.2675	833.8333	780.2	805000	404.72632	153.16418	526.67883	-40.954113	404.72836	153.15817	530.29095	-39.661522	405.84293	152.76315	526.40497	-46.92921	-2.127489	6.3486524	92.75237	-16.670761	25.346092	25.306622	18.524874	4872.502476215363
162	1.2	0.2	4181.581	1479.4381	4929.6064	875.49963	3594.2336	1556.911	5131.0728	1581.409	861.8333	709.8	810000	406.14374	152.63177	530.1362	-36.962566	406.14694	152.62416	528.13226	-29.91239	407.24713	152.23764	526.82764	-45.638317	-2.299043	6.3873935	120.19187	-17.469357	25.312159	25.219086	18.276974	4910.742705583572
163	1.2	0.2	3750.53	1612.5326	4857.833	768.80316	4980.4556	90.972534	5094.5186	4855.696	765.8333	1000.0	815000	406.78745	152.63985	526.6776	-77.91842	406.7902	152.63382	525.7687	-49.879078	407.84644	152.23882	527.58765	-68.09944	-2.332642	6.3362074	109.95597	-18.708645	25.339918	25.285477	18.112095	4950.043097496033
164	1.2	0.2	3648.7825	1520.7806	5018.5493	1600.0482	3789.0007	1500.8912	5136.576	1451.8376	732.7143	739.2	820000	406.58405	152.79388	527.20056	-36.39465	406.5859	152.78963	526.5873	-25.499752	407.64215	152.40154	527.7837	-63.739964	-2.0192878	6.380966	85.60158	-16.749542	25.836966	25.553965	18.330736	4988.835345745087
165	1.2	0.2	3832.071	1210.1671	5071.7944	2006.3206	4636.829	1204.9078	5106.967	1027.7637	774.8333	920.4	825000	407.87677	152.40002	527.8017	-37.54496	407.8807	152.38942	528.80927	-29.128986	408.94925	151.99971	527.492	-35.613487	-2.1813827	6.3721294	111.9845	-18.388887	25.574724	25.566307	18.262886	5027.652955055237
166	1.2	0.2	4900.7417	99.775375	5000.083	4727.638	5226.263	24.962645	5247.1143	5161.941	994.6	1000.0	830000	408.39316	152.38849	532.61743	-32.772827	408.3944	152.38435	533.19	-47.775185	409.46976	151.99756	528.50995	-46.98852	-2.1180985	6.3202825	91.71253	-17.137985	25.874887	25.75575	18.785673	5068.19775390625
167	1.2	0.2	4772.3364	354.26154	4994.351	4068.2463	3788.8882	1583.2844	5064.817	1144.7694	963.6	755.3	835000	409.04675	152.54483	530.11346	-58.82061	409.05035	152.53954	528.74054	-37.711433	410.1525	152.14645	529.2328	-48.299683	-1.9978578	6.3525605	87.333206	-18.527582	25.86944	25.675192	18.540535	5106.222972393036
168	1.2	0.2	4267.784	1466.5154	4965.8022	989.6266	4946.84	63.786514	5110.046	4868.7563	866.3333	1000.0	840000	410.2302	152.32787	530.13245	-37.454178	410.23288	152.32054	535.2423	-42.619316	411.33398	151.94589	528.53564	-49.05532	-2.0817792	6.3920727	94.03347	-17.803442	25.306967	25.234917	18.236002	5148.236196279526
169	1.2	0.2	2933.7131	1809.4167	5047.455	725.17413	4684.5884	1291.7592	5182.276	816.68854	592.3333	916.2	845000	411.45392	152.1095	532.18744	-47.086273	411.45572	152.10439	531.9845	-40.021454	412.53577	151.70222	530.3356	-42.852528	-2.2124875	6.3890586	90.81649	-16.899042	25.366917	25.374033	18.463522	5189.302992343903
170	1.2	0.2	4958.4214	82.81127	5044.597	4800.0728	4572.9136	894.5293	5126.941	2784.185	1000.0	902.5	850000	412.25134	151.9665	530.225	-54.962795	412.25336	151.96112	550.8886	-37.969627	413.34036	151.56425	531.7666	-106.60261	-2.147914	6.42101	88.27512	-17.623507	25.408016	25.388578	18.31302	5229.199380636215
171	1.2	0.2	3816.4065	1663.9138	5047.491	741.0482	4948.7046	36.99254	5034.7554	4899.245	770.1667	1000.0	855000	412.91986	151.81972	532.81195	-57.384506	412.9228	151.81276	532.2225	-64.47283	414.0067	151.42586	529.32806	-48.428413	-2.1665797	6.4861054	115.5047	-17.742739	25.34682	25.394663	18.236296	5269.10487985611
172	1.2	0.2	4914.9746	40.401085	4961.333	4843.149	4430.714	1013.04114	5130.412	2257.4438	1000.0	874.1	860000	413.6325	152.1026	545.84296	-29.81696	413.63562	152.09575	532.48535	-41.186676	414.75665	151.70566	529.8165	-58.56754	-2.36768	6.5735745	107.95163	-17.91322	25.63344	25.600122	18.512337	5308.950439929962
173	1.2	0.2	4704.2056	516.09863	5021.668	3558.847	2059.9768	1261.2545	4141.5806	556.54254	953.8333	422.9	865000	415.16205	151.91634	530.8498	-29.089014	415.1641	151.91028	536.7366	-47.22899	416.2735	151.51328	531.9238	-33.686184	-2.3731382	6.5622673	89.89659	-16.549536	25.111906	24.974653	17.932413	5346.712037324905
174	1.2	0.2	4072.4856	1223.8462	4987.5015	1808.7902	2771.3801	1405.8154	4946.529	1257.884	826.4	553.1	870000	415.7995	152.31448	542.8695	-36.46169	415.80234	152.30966	542.50336	-57.846195	416.8679	151.89653	531.94836	-36.881905	-2.6081743	6.5219245	99.18569	-16.831032	25.438702	25.335772	18.24682	5380.111639738083
175	1.2	0.2	4936.1113	77.49082	5023.09	4806.6074	3989.5813	1593.7953	5043.264	859.89105	1000.0	791.5	875000	415.94055	152.16496	532.7074	-46.481747	415.94193	152.15987	531.26495	-33.960743	416.97214	151.78174	531.4662	-40.501774	-2.3364122	6.370206	71.70751	-17.618277	25.877304	25.858255	18.60988	5419.2464389801025
176	1.2	0.2	4931.811	37.463947	4978.3535	4884.0405	2616.687	1405.2102	5070.43	809.6236	1000.0	531.1	880000	415.39926	151.98872	531.29913	-31.77844	415.40158	151.98422	531.7191	-24.329712	416.4489	151.6105	532.14124	-42.427586	-2.3536067	6.4808435	107.82659	-17.218523	26.378006	26.080101	18.416702	5455.442217826843
177	1.2	0.2	4224.935	1439.9152	4951.671	1006.88684	4924.857	147.37653	5084.5664	4701.034	868.3333	1000.0	885000	415.611	151.06532	534.2619	-30.547274	415.6139	151.05824	531.15015	-23.673447	416.65775	150.65633	531.62115	-56.100883	-2.274902	6.451089	97.78833	-16.760948	25.527143	25.438145	18.068676	5497.846777200699
178	1.2	0.2	4831.4463	88.95035	4962.744	4705.9546	4862.654	563.8775	5072.748	3171.287	1000.0	964.1	890000	416.44485	150.57103	529.56885	-33.934048	416.44672	150.56772	530.4544	-29.87256	417.5044	150.17294	529.58264	-40.908173	-2.2949364	6.458615	91.75361	-17.746668	25.170313	24.91331	18.058113	5538.663657426834
179	1.2	0.2	4369.1924	1304.3722	5003.586	1454.1042	3866.9695	1327.7717	5106.626	1718.803	879.8333	772.7	895000	416.77826	150.90652	533.8151	-40.473583	416.78003	150.9009	531.804	-39.98832	417.83234	150.52057	531.5237	-35.051815	-2.2547379	6.4403195	82.5023	-18.45291	25.287798	25.176258	17.998877	5578.529338598251
180	1.2	0.2	3881.2607	1539.7766	5085.1973	1327.2473	4562.5884	1027.8455	5215.553	2546.1138	785.3333	879.5	900000	418.04498	150.1653	533.16425	-52.59003	418.04684	150.16275	531.07275	-54.513115	419.0806	149.75679	531.3694	-55.492725	-2.402586	6.4953847	110.40539	-16.794783	25.198635	24.799314	18.010395	5617.403277873993
181	1.2	0.2	4980.654	92.4345	5095.858	4836.691	3898.1223	1485.0962	5159.234	1040.3102	1000.0	754.7	905000	419.01776	150.0228	531.65796	-55.199036	419.02084	150.01807	529.3919	-48.22036	420.06714	149.63518	531.93066	-45.797733	-2.5524125	6.5106	104.93689	-18.24881	24.89315	24.488848	17.937962	5655.841466665268
182	1.2	0.2	4936.3975	82.28838	5073.0957	4852.9307	4174.786	1296.5553	5222.199	1647.9171	1000.0	830.5	910000	420.32608	149.884	532.293	-38.80359	420.32748	149.88162	532.27075	-30.185915	421.37738	149.47476	531.25574	-41.21323	-2.5188289	6.5582256	95.71973	-18.261358	24.335443	24.043055	17.198494	5695.42328953743
183	1.2	0.2	3006.4565	1618.272	5058.4375	956.3424	4288.2827	818.70294	4969.9546	2775.916	601.44446	876.3	915000	420.76007	150.17819	531.6401	-48.367428	420.76184	150.17326	535.93463	-50.076412	421.81793	149.76857	532.56384	-50.364643	-2.5676723	6.503962	78.04194	-17.285856	24.325897	24.245459	17.85079	5737.334721803665
184	1.2	0.2	3937.49	1232.7084	5034.9053	1713.4246	2708.9517	1623.0233	5127.3936	1098.6207	792.6667	531.1	920000	420.61237	150.43648	551.14325	-48.26458	420.6145	150.43282	534.09357	-37.38241	421.6609	150.0264	532.7633	-94.02004	-2.553513	6.5351257	82.86918	-17.587326	25.324333	25.104273	17.855429	5773.214495182037
185	1.2	0.2	4898.6553	93.94691	4989.6196	4753.862	4807.258	771.07306	5187.541	2554.069	1000.0	947.8	925000	420.9646	150.12749	534.3785	-53.953594	420.9674	150.12244	542.374	-39.307487	422.0081	149.72603	534.99225	-49.32474	-2.5099726	6.428191	80.68244	-17.43344	25.206211	24.868015	18.004662	5813.946888446808
186	1.2	0.2	4494.3857	1132.4612	5108.72	1973.6842	4973.336	197.27885	5084.222	4390.933	900.8333	988.6	930000	422.03415	149.20058	533.2244	-48.300705	422.0352	149.19719	537.01184	-30.469326	423.0511	148.80429	532.69855	-37.950558	-2.4192839	6.45802	116.4354	-16.929241	25.004705	24.824503	17.8309	5856.9330513477325
187	1.2	0.2	4193.328	1015.64746	5028.7925	2737.489	3027.4321	1721.0906	4961.701	684.7205	850.1667	603.6	935000	422.76498	149.33748	537.6118	-38.041023	422.7673	149.33293	548.7464	-44.71866	423.8026	148.9436	532.7595	-40.911194	-2.380124	6.3883033	92.65991	-17.2407	25.38664	25.331549	17.957249	5894.759410619736
188	1.2	0.2	3472.5664	1562.3356	5089.6387	775.1345	3905.4714	1242.8179	5154.6895	1643.5282	695.5714	784.6	940000	422.75534	149.60873	540.6835	-76.99463	422.7585	149.60039	541.4604	-53.52163	423.7798	149.2149	533.8349	-86.312485	-2.4729466	6.4427257	111.84897	-17.26068	25.188974	24.885143	17.771177	5934.038986682892
189	1.2	0.2	4379.8545	880.9526	4958.3833	2624.3315	4482.861	1326.7025	5202.5947	1164.1636	902.8	881.4	945000	423.366	149.75587	532.5995	-93.18747	423.36795	149.75221	540.2848	-68.24261	424.41217	149.36035	534.3358	-111.02129	-2.38966	6.4894996	149.08662	-18.045301	25.291483	25.110165	18.113644	5972.67462682724
190	1.2	0.2	4338.214	885.99603	4938.747	2478.0645	4243.702	1197.1309	5253.117	1985.0486	888.5	823.4	950000	425.566	149.23683	538.1266	-44.314342	425.56766	149.2341	534.7844	-48.181667	426.62244	148.84712	532.91425	-55.08242	-2.4209838	6.558336	100.45137	-19.683584	24.855207	24.57117	17.622347	6013.6129467487335
191	1.2	0.2	5033.331	42.238506	5094.493	4977.08	3344.2422	1510.977	5188.917	1264.0522	1000.0	674.9	955000	426.20706	149.62354	547.9542	-73.28418	426.20877	149.61935	535.7185	-68.730064	427.24338	149.2213	535.7221	-61.217175	-2.5555482	6.535724	90.88615	-18.134102	24.812443	24.598625	17.795588	6051.73886179924
192	1.2	0.2	4944.983	87.50244	5105.0366	4852.199	5089.833	74.393234	5154.921	4942.6846	1000.0	1000.0	960000	426.94177	149.69995	541.2011	-75.33287	426.94376	149.69548	535.17444	-52.452503	427.98825	149.29439	536.57294	-106.41185	-2.4212213	6.60503	105.62549	-17.1657	25.059153	24.689669	17.98037	6093.815832614899
193	1.2	0.2	3906.2148	1454.3403	5111.2036	980.2451	4640.791	809.5469	5105.9014	2725.73	774.6667	925.0	965000	426.8857	149.98978	538.8883	-62.209614	426.88705	149.98521	536.57764	-40.571648	427.90012	149.58553	535.8271	-58.557507	-2.5262713	6.4447193	92.18267	-17.828737	25.01886	24.93232	18.246546	6133.8877012729645
194	1.2	0.2	5012.6787	23.406515	5035.0034	4968.4785	4305.242	1261.0809	5149.5034	1901.4111	1000.0	847.4	970000	427.37613	149.33884	537.0075	-64.80785	427.37888	149.33243	534.6987	-76.52419	428.41647	148.9202	536.3602	-102.29767	-2.4614096	6.57614	158.32545	-16.49952	24.91078	24.820211	17.78827	6174.074198007584
195	1.2	0.2	3628.862	1581.6864	4941.3	958.28357	2989.659	1816.0544	5128.671	745.6674	734.1429	592.3	975000	428.2301	149.03325	535.95496	-79.78891	428.23047	149.03151	541.49695	-69.81645	429.24316	148.6401	536.4762	-97.02052	-2.5531304	6.4845533	86.048004	-17.292515	25.196352	25.141676	18.252018	6212.179502725601
196	1.2	0.2	4487.208	988.70337	5051.4478	2282.3938	4707.077	1075.2845	5173.608	1610.7557	912.3333	913.5	980000	427.82867	148.84953	545.82056	-63.99196	427.83014	148.84744	534.77704	-51.20225	428.80444	148.47002	535.6673	-56.192955	-2.4836013	6.427038	92.66344	-16.610184	25.603975	25.29442	17.8616	6254.921982765198
197	1.2	0.2	4085.444	1377.0178	5009.5073	1332.7301	3618.9243	1449.635	5230.735	1476.3722	818.6667	694.8	985000	427.75964	148.73306	546.0151	-91.7325	427.7617	148.72592	541.6018	-58.565384	428.73117	148.35153	536.4937	-86.45591	-2.470607	6.439695	131.904	-18.372404	25.596752	25.60443	18.212742	6293.632493972778
198	1.2	0.2	4471.353	585.22424	4970.695	3380.283	4704.898	661.564	5141.7764	2867.4001	904.6	939.0	990000	427.45407	148.5892	536.8702	-34.87823	427.45572	148.5867	536.9353	-41.69048	428.43216	148.19441	535.29346	-45.507965	-2.3290844	6.508565	86.18866	-17.659805	25.514685	25.277294	17.994408	6333.729082107544
199	1.2	0.2	3410.433	1614.8341	4994.0444	567.6237	5190.4526	32.440056	5215.5254	5107.8223	685.7143	1000.0	995000	428.62283	147.81062	536.91644	-51.062347	428.62454	147.80643	536.97766	-48.143257	429.62784	147.43156	534.7183	-42.980316	-2.2854981	6.429208	93.51817	-18.64181	25.828365	25.63142	18.356703	6375.116100549698
