Epoch	EntIndex	EntCoeff	AverageEpRet	StdEpRet	MaxEpRet	MinEpRet	AverageTestEpRet	StdTestEpRet	MaxTestEpRet	MinTestEpRet	EpLen	TestEpLen	TotalEnvInteracts	AverageQ1Vals	StdQ1Vals	MaxQ1Vals	MinQ1Vals	AverageQ2Vals	StdQ2Vals	MaxQ2Vals	MinQ2Vals	AverageVVals	StdVVals	MaxVVals	MinVVals	AverageLogPi	StdLogPi	MaxLogPi	MinLogPi	LossQ1	LossQ2	LossV	Time
1	1.2	0.2	122.082726	33.55733	227.48741	78.21463	269.8709	6.8257127	280.65637	263.56342	24.312195	49.1	5000	0.5137866	50.775574	103.602394	-128.58177	0.51274526	50.773388	103.57194	-126.68848	-2.2353096	57.168404	108.314095	-169.7719	27.559002	214.49274	23007.977	-16.47286	4.774432	4.7933702	851.14105	20.532668828964233
2	1.2	0.2	125.12483	40.763363	280.08783	83.09793	275.50058	19.936415	324.2703	247.73169	24.885	57.3	10000	146.29445	73.4324	330.55444	-53.246677	146.29333	73.4439	331.22263	-34.014748	157.23639	72.601	340.14346	-30.055506	1.8642312	5.1474605	34.88725	-17.112566	10.007586	9.872165	23.741476	40.563462018966675
3	1.2	0.2	309.37048	71.00551	558.22144	210.61278	266.74387	7.0443296	279.38623	256.1434	59.440475	49.1	15000	284.7868	109.49424	437.2745	-115.662926	284.7837	109.51508	426.8915	-107.062645	298.04742	99.76699	429.68948	-110.134254	3.0865793	8.222237	44.298786	-16.146353	39.088673	38.241108	64.13101	63.94694948196411
4	1.2	0.2	293.26282	61.683453	475.70703	163.53633	248.75	23.81666	293.57864	216.7613	56.606743	48.5	20000	276.2618	126.79288	437.16483	-91.24445	276.26154	126.810776	441.91403	-89.3793	284.23962	121.62861	440.93088	-99.764366	0.76474905	8.329148	52.69545	-17.448423	38.002728	36.603577	57.731014	87.52603054046631
5	1.2	0.2	366.59958	69.19357	589.8283	241.70247	371.06976	26.893425	419.98376	337.92	72.94118	70.3	25000	232.77072	124.63816	428.74582	-83.05797	232.77383	124.64309	432.9871	-64.78665	238.01546	122.511734	425.80225	-91.29602	-0.7605606	7.118757	43.6678	-17.31541	34.558712	32.600647	48.871845	111.08095622062683
6	1.2	0.2	389.75464	79.004944	598.3018	202.81956	396.2996	38.523457	485.68652	357.6599	77.55385	86.8	30000	194.94414	111.713425	386.72333	-63.45482	194.94406	111.717445	397.19833	-63.85699	198.9722	111.05851	383.5659	-90.09992	-1.2046602	6.016102	53.973858	-17.765154	25.006899	23.679691	36.39824	134.8718764781952
7	1.2	0.2	413.05746	86.05695	778.73956	230.65152	578.3879	163.152	848.868	360.97745	84.18644	119.3	35000	178.27922	99.446266	347.1307	-42.65217	178.28099	99.44316	349.03665	-42.955616	181.67337	99.11816	343.2853	-81.76297	-1.8128905	5.632957	34.67382	-17.011404	19.224707	18.574623	28.432266	159.01560187339783
8	1.2	0.2	507.11728	98.1863	830.73785	329.8336	435.47467	87.3087	562.8271	294.93008	100.408165	93.0	40000	176.7091	93.726036	326.4081	-33.18512	176.71114	93.72257	328.64438	-29.581345	179.70221	93.25598	323.09195	-39.375362	-2.4691124	5.469416	37.8293	-18.31083	15.117904	14.723936	22.615984	182.63033485412598
9	1.2	0.2	499.86838	128.3265	976.4839	343.5674	455.50528	52.914974	578.92584	382.70917	97.94231	95.4	45000	182.47864	94.735954	328.64502	-53.342434	182.47942	94.73591	327.99866	-42.430416	185.37366	94.29036	325.5932	-50.882454	-2.85617	5.2681913	42.52707	-17.075247	13.213788	12.737387	19.787426	206.73747944831848
10	1.2	0.2	479.69583	95.26015	743.3572	350.74957	609.38104	102.44546	770.06226	460.72342	93.50944	123.9	50000	186.7454	97.847404	335.30383	-39.67776	186.74574	97.84956	334.7865	-33.75917	189.40765	97.52068	333.88843	-58.77141	-3.2674992	5.075516	31.274298	-16.695158	12.70156	12.130007	19.205444	230.72890639305115
11	1.2	0.2	517.9725	114.746666	778.9306	305.24466	567.765	88.74236	733.26996	455.9357	104.208336	114.5	55000	187.57967	98.28123	343.23773	-22.47863	187.57985	98.284096	337.6559	-26.641714	189.99484	97.94871	338.71628	-27.589678	-3.5869174	4.904591	35.30584	-18.115532	12.362637	11.885318	18.37962	254.72075629234314
12	1.2	0.2	545.96625	122.45084	896.94446	355.2959	494.30966	100.31922	717.7152	409.2693	107.46809	103.6	60000	188.46553	97.8518	340.4868	-17.825909	188.46613	97.855385	339.07178	-28.062845	190.72806	97.563515	337.47568	-27.311743	-3.8018663	4.7028236	33.773808	-17.665705	12.098321	11.469114	17.306208	279.05500984191895
13	1.2	0.2	529.4987	107.64396	799.152	328.5073	454.038	18.805174	482.34607	420.69778	103.666664	83.7	65000	191.00237	98.06867	342.55792	-25.577074	191.00201	98.07166	340.91452	-34.30386	193.17708	97.78548	342.9495	-45.97699	-3.9646046	4.644639	34.760815	-17.876516	11.637133	11.150728	16.469484	302.93314599990845
14	1.2	0.2	516.34033	106.499985	869.1395	350.17773	561.90753	158.51369	897.47003	397.93417	100.78	112.3	70000	194.36188	98.72842	346.3711	-22.271374	194.36209	98.73138	345.09998	-27.53448	196.45438	98.417046	343.70453	-43.980522	-4.049424	4.668457	35.26415	-17.444023	11.3249235	10.904323	15.84789	327.3311274051666
15	1.2	0.2	513.60065	134.39127	989.2478	326.73056	440.63467	33.76574	491.06573	392.23517	100.375	79.6	75000	196.79634	99.77638	348.539	-17.304743	196.79631	99.7783	348.22287	-19.996325	198.75339	99.488815	346.1533	-26.658594	-4.27477	4.543001	34.848064	-17.290466	11.437843	11.118339	15.610637	350.7336347103119
16	1.2	0.2	513.6165	128.94424	1098.1122	283.10352	645.2841	185.17386	1120.0612	498.48035	101.37255	131.3	80000	197.7458	100.107994	350.82123	-16.593075	197.74583	100.10963	351.28928	-29.366499	199.61914	99.81521	348.6894	-29.07022	-4.3434973	4.4970293	59.347767	-17.364769	11.517876	11.277207	15.243366	375.79693722724915
17	1.2	0.2	528.88837	113.57033	873.4489	327.1269	593.20667	130.87279	804.4209	428.0906	103.833336	117.8	85000	198.62453	100.199455	350.08572	-20.391148	198.62418	100.201324	350.96347	-24.404638	200.41383	99.88402	350.17297	-44.33937	-4.520443	4.456878	34.806286	-17.646496	11.504172	11.210081	14.963378	400.1246154308319
18	1.2	0.2	543.13605	108.931755	836.59375	344.09998	661.2664	96.54662	821.4488	534.51697	106.14893	131.9	90000	200.79807	100.376755	352.40958	-36.126892	200.79845	100.37875	352.80008	-29.05971	202.52306	100.062775	351.37534	-46.363583	-4.498978	4.4873657	35.08359	-17.237137	11.299977	11.0776205	14.610546	424.59354972839355
19	1.2	0.2	536.23016	120.18877	1083.1858	330.65192	464.20233	23.010012	504.91962	415.8076	102.791664	85.1	95000	202.55365	100.92521	357.3034	-36.67429	202.5541	100.92692	354.47015	-37.36855	204.23488	100.66194	355.33484	-68.01086	-4.5041685	4.5735326	35.051636	-18.61817	11.145149	10.986223	14.14989	448.7322885990143
20	1.2	0.2	539.2277	95.60728	776.56616	371.91785	479.76337	59.344402	634.44183	429.96747	103.591835	88.4	100000	203.7743	101.5377	356.72372	-22.020514	203.77357	101.53818	357.29816	-26.2076	205.36987	101.26357	354.60464	-20.777184	-4.5286517	4.5275216	37.221268	-17.848116	11.286331	11.206631	14.201771	473.2361888885498
21	1.2	0.2	522.0545	109.96471	1045.6588	401.0318	546.6605	41.080322	604.9839	457.6428	99.86	103.3	105000	204.57349	101.82264	357.54324	-44.020576	204.57347	101.824	356.409	-40.134186	206.13286	101.51134	356.66217	-23.055393	-4.556998	4.520967	40.308434	-17.517206	11.298618	11.122296	13.956202	497.6476833820343
22	1.2	0.2	536.0616	99.60454	840.22186	341.84058	534.7511	90.20696	636.1203	389.20355	102.18367	98.7	110000	205.51248	101.92735	358.04584	-15.389539	205.51245	101.92816	358.91772	-20.302187	207.03073	101.650345	356.60178	-30.629555	-4.70946	4.484685	37.346024	-17.675188	11.111168	10.996434	13.582444	522.0925991535187
23	1.2	0.2	526.7126	109.01212	1062.2052	380.09607	563.5241	43.502155	626.85223	489.6839	100.38	105.4	115000	206.76294	102.028946	363.82816	-35.064064	206.7629	102.03085	359.3303	-30.743977	208.2685	101.738625	356.78244	-27.850159	-4.771221	4.473678	32.703262	-17.307312	11.086251	10.840481	13.378717	546.663045167923
24	1.2	0.2	560.0846	130.1972	880.0598	355.84103	486.13443	35.854347	519.00543	419.5087	108.23913	88.6	120000	208.21794	102.10122	367.64798	-41.107555	208.21814	102.10264	360.0937	-27.418156	209.6618	101.80903	357.21786	-35.229084	-4.8293815	4.454532	36.167755	-17.235056	10.998719	10.809693	12.988584	571.0238935947418
25	1.2	0.2	580.4364	116.01637	922.0005	403.2353	472.57074	44.51058	551.19684	407.44672	110.73333	89.5	125000	209.22253	102.68637	363.66458	-49.056587	209.22278	102.68795	361.72906	-60.5581	210.65466	102.4063	360.65338	-38.33059	-4.797124	4.4829507	39.55282	-18.196508	10.868974	10.739795	12.735865	595.3673551082611
26	1.2	0.2	575.3277	108.15036	907.6568	414.5488	554.36255	93.49317	721.86145	429.7865	111.933334	105.3	130000	211.08603	103.20605	362.06726	-53.111877	211.08627	103.20716	365.62616	-54.979362	212.47026	102.90898	360.12872	-50.571632	-4.985116	4.4246464	37.85888	-17.714382	10.868733	10.705586	12.474136	620.2434260845184
27	1.2	0.2	529.2019	82.59001	760.2803	351.12967	585.48865	138.43541	898.5168	381.95786	102.02041	114.1	135000	212.04787	103.85146	364.22552	-30.654469	212.04753	103.85296	364.08124	-37.8309	213.41776	103.55364	365.58276	-37.660297	-4.9417763	4.416651	39.002056	-17.05756	10.954309	10.802293	12.391599	645.0024080276489
28	1.2	0.2	585.1732	98.68468	894.4742	430.49805	652.9154	89.40321	830.191	471.8567	112.25	123.2	140000	212.80615	103.83426	364.60934	-18.699957	212.8064	103.83542	363.94824	-52.548412	214.13814	103.5468	362.69498	-47.201412	-4.9725657	4.4459367	38.363007	-17.58397	11.1261835	10.93276	12.453904	669.7176277637482
29	1.2	0.2	545.40955	132.90652	883.8705	328.7886	583.125	83.90766	764.6018	484.24945	105.93617	110.2	145000	213.33508	103.851074	365.6913	-17.539038	213.33667	103.850685	366.20776	-25.554394	214.63571	103.53853	364.02313	-20.976604	-5.0502496	4.3464003	34.64256	-17.828335	11.01582	10.837753	12.049248	694.4618101119995
30	1.2	0.2	575.57794	132.59071	902.0285	367.39294	687.87317	135.78204	911.103	544.74567	110.28261	130.3	150000	214.28072	103.731026	364.09845	-35.473633	214.28049	103.73201	363.09537	-26.252686	215.59576	103.43134	364.18146	-36.60095	-5.129725	4.3420677	47.640728	-18.047024	10.977503	10.760054	11.984094	719.7186260223389
31	1.2	0.2	567.2319	121.88907	1011.8044	402.6082	560.77954	83.22179	732.1821	474.59998	108.152176	102.5	155000	215.92046	104.35879	366.63156	-36.19691	215.92102	104.35907	367.54108	-24.326801	217.18835	104.04703	367.84848	-44.124256	-5.146651	4.363582	40.344955	-17.252953	10.962664	10.816177	11.904545	744.3266265392303
32	1.2	0.2	579.6086	128.6455	1085.4751	374.54913	528.5192	116.87493	861.9066	447.7955	110.73333	98.4	160000	216.73631	104.68867	367.45697	-50.146706	216.73668	104.68977	367.146	-38.139244	218.0256	104.3778	366.02655	-61.57393	-5.100565	4.404491	49.790108	-16.959225	10.997835	10.860635	11.698299	769.0035538673401
33	1.2	0.2	619.1849	188.36725	1276.1005	356.46405	664.0004	139.28632	949.10913	488.52307	119.78571	131.3	165000	218.11499	105.15133	369.24823	-72.11756	218.11491	105.152016	371.35294	-35.765175	219.37137	104.85572	368.23755	-45.732677	-5.207337	4.287298	33.52842	-19.32496	11.045335	11.01818	11.730335	794.3069686889648
34	1.2	0.2	613.19385	178.1305	1356.4873	374.0001	546.65247	103.411255	663.66125	339.6468	117.833336	106.2	170000	219.23828	105.4216	369.70755	-58.41471	219.23833	105.42213	370.57068	-48.97649	220.50114	105.11513	370.91092	-38.117813	-5.1097665	4.3232994	42.006073	-17.22627	10.937533	10.872643	11.528821	819.0649785995483
35	1.2	0.2	601.7196	122.88185	944.3723	411.0575	550.96906	111.250435	734.857	372.77274	116.65116	110.1	175000	220.55585	106.16621	372.12027	-42.08095	220.55553	106.16764	371.2343	-44.484898	221.79736	105.86998	371.46732	-33.23334	-5.114711	4.3170147	38.37637	-16.784771	11.202824	11.091446	11.576281	844.1886067390442
36	1.2	0.2	587.79596	121.42487	869.3317	426.05237	694.9951	89.15133	882.73566	568.41376	115.11364	133.4	180000	221.92424	106.79452	373.8018	-44.47467	221.92455	106.79561	373.5287	-28.367369	223.14851	106.49723	373.80103	-26.318457	-5.173417	4.2634587	36.006054	-17.27749	11.376264	11.162878	11.610372	869.6934704780579
37	1.2	0.2	627.06647	153.7025	1195.4868	371.3353	612.57446	118.04962	864.5021	461.49435	121.268295	117.5	185000	223.04832	107.09337	374.4751	-43.85697	223.0487	107.094955	374.22263	-41.220013	224.28188	106.78373	377.15225	-46.51481	-5.0260615	4.271882	34.59737	-17.768753	11.693153	11.467683	11.692391	894.9654688835144
38	1.2	0.2	588.7562	135.08824	891.4902	364.4288	613.56024	60.3745	686.685	488.7285	114.0	116.7	190000	224.17905	107.48613	375.3107	-77.778725	224.17865	107.4875	377.29337	-45.58561	225.40245	107.17297	375.51584	-51.58111	-5.0898275	4.239633	61.48817	-18.02655	11.743812	11.659116	11.720192	920.1529347896576
39	1.2	0.2	621.75946	133.41428	944.7446	421.38736	600.61566	45.569542	678.6331	532.02704	121.525	111.6	195000	225.03775	107.60719	378.69696	-49.44015	225.03746	107.608574	377.64932	-42.782486	226.2376	107.30786	375.0089	-49.3779	-5.0321436	4.250303	35.641064	-18.134222	11.837159	11.775607	11.607185	944.857985496521
40	1.2	0.2	627.61005	148.83693	1027.4451	395.00644	565.44836	38.92876	639.99634	498.32422	121.833336	104.4	200000	225.76117	108.01141	378.03882	-37.953854	225.76093	108.012245	379.90045	-37.023624	226.94864	107.71732	377.8644	-43.11365	-4.987332	4.2526655	37.692493	-16.647154	11.787929	11.643524	11.455012	970.3343303203583
41	1.2	0.2	646.5597	125.5532	938.89935	435.81473	586.699	46.187813	691.36206	525.77466	123.65	109.3	205000	226.46738	108.43267	378.89902	-45.580513	226.46771	108.433495	379.14948	-45.80192	227.64893	108.13724	377.78223	-43.86204	-4.9641113	4.268278	33.16823	-17.659735	11.909513	11.791657	11.560695	995.3904340267181
42	1.2	0.2	640.8675	139.7008	971.06	323.3054	632.1025	174.07321	945.95074	471.84802	123.87805	122.4	210000	227.82399	108.63603	381.07654	-32.82531	227.8239	108.637085	379.87436	-43.503296	229.01022	108.34182	381.03082	-42.708447	-4.914862	4.254652	39.401665	-18.14777	11.808912	11.716892	11.307742	1021.0252923965454
43	1.2	0.2	613.9293	119.38352	975.3788	431.52338	770.6411	140.40248	1085.742	582.03326	117.333336	148.1	215000	228.50708	109.14465	380.87317	-30.871607	228.50604	109.14582	382.70026	-52.277294	229.67758	108.85661	380.1366	-51.936813	-4.8639336	4.2062144	48.055145	-17.024914	11.889423	11.759477	11.460987	1046.373342037201
44	1.2	0.2	657.45374	180.5697	1575.1903	447.30936	667.4585	135.64767	887.7483	498.12924	127.25641	130.1	220000	229.58948	109.34848	381.37186	-47.815662	229.5892	109.35112	381.5183	-34.512436	230.77599	109.04926	381.15594	-47.023125	-4.8688087	4.189308	37.9038	-17.385452	12.047488	11.887806	11.372656	1071.8931198120117
45	1.2	0.2	672.5962	160.9617	1043.8473	433.38742	616.8258	43.287525	713.31616	550.81775	129.28206	115.9	225000	230.77748	109.807785	384.18365	-30.352493	230.77777	109.80942	383.64746	-47.746223	231.94728	109.5321	382.9999	-47.968777	-4.951174	4.171429	44.025826	-18.646255	12.20462	12.094755	11.467657	1097.507069349289
46	1.2	0.2	662.25995	143.16959	1069.302	421.5262	566.2881	25.114126	608.9011	540.673	127.53846	105.9	230000	231.83307	110.71771	383.76303	-35.36971	231.83218	110.71888	386.989	-39.477623	233.019	110.44758	384.6588	-34.789898	-4.8684673	4.1944985	33.53875	-17.04776	12.181064	12.071569	11.345231	1122.6696062088013
47	1.2	0.2	617.962	137.97919	1055.2443	394.0444	607.94434	41.939663	681.8281	520.8237	117.023254	112.6	235000	233.74338	111.477325	387.75162	-21.294285	233.74335	111.47757	388.35364	-35.373463	234.94461	111.22465	387.48593	-35.131752	-4.7597885	4.2169657	36.99675	-17.073439	12.144281	12.083503	11.407461	1148.4188797473907
48	1.2	0.2	695.98883	163.1383	1074.2477	396.3432	650.94836	43.602386	753.83484	590.0816	135.2973	122.9	240000	234.6439	112.31499	388.28616	-47.45299	234.64395	112.31616	392.7443	-24.048222	235.8188	112.05104	388.70782	-24.513958	-4.744606	4.252503	56.92316	-17.91939	12.384441	12.239928	11.5075865	1174.071890115738
49	1.2	0.2	759.74445	242.16724	1493.1793	389.99554	603.16144	62.472984	665.7989	469.30658	144.37143	110.3	245000	235.33896	112.45774	389.51007	-23.58832	235.33905	112.4591	392.57376	-30.584024	236.51915	112.213844	388.71472	-56.098083	-4.626438	4.2769647	48.895256	-17.678041	12.478083	12.325308	11.609952	1199.5606026649475
50	1.2	0.2	880.5133	206.73587	1424.3789	521.96484	652.5598	55.465508	785.56976	599.2103	170.3793	122.8	250000	237.01524	113.13229	392.7863	-48.65289	237.01546	113.13283	393.36395	-36.146145	238.23392	112.905624	391.45636	-29.249722	-4.50143	4.30675	43.78151	-17.75334	12.562599	12.518877	11.440815	1225.208544254303
51	1.2	0.2	803.8064	220.18385	1443.135	490.4765	722.37024	88.874725	901.8882	553.8623	154.09375	134.4	255000	238.71576	114.3817	397.5299	-21.78326	238.71585	114.38255	395.0799	-26.44853	239.9477	114.16248	395.5942	-44.72395	-4.4308996	4.3504424	43.577763	-16.649466	12.84679	12.828846	11.7338505	1250.8437922000885
52	1.2	0.2	908.27277	274.35947	1565.0349	514.0775	635.61554	39.779377	709.6453	579.3206	176.28572	116.2	260000	240.6085	115.35933	397.95483	-21.287243	240.60867	115.36002	397.79913	-20.59473	241.84041	115.15161	398.32013	-31.651134	-4.34296	4.32542	46.28131	-18.68379	13.280348	13.177495	11.773089	1276.3014929294586
53	1.2	0.2	912.3658	267.99765	1389.6558	417.00266	825.58527	106.52697	988.0941	713.61115	176.2069	151.9	265000	242.54695	116.24556	402.14484	-26.099876	242.54713	116.24561	400.38745	-17.503155	243.78798	116.04439	401.3398	-31.892262	-4.160909	4.4107714	40.091743	-17.110083	13.618572	13.5433445	12.28669	1302.630972623825
54	1.2	0.2	970.06177	312.26584	1576.6193	533.5452	891.5584	269.9775	1447.1174	656.5253	188.48148	167.1	270000	243.98369	117.14728	401.78308	-27.336231	243.98431	117.14686	405.04764	-27.327408	245.23221	116.948875	404.5233	-24.853313	-4.0701804	4.387478	54.967743	-16.927475	14.033317	14.010978	12.425722	1329.3239555358887
55	1.2	0.2	987.9375	406.80252	2288.8767	550.53625	833.9862	140.03024	1041.7802	568.8953	190.88461	159.3	275000	246.0881	117.890366	405.03793	-28.909645	246.08813	117.89133	405.98257	-23.975853	247.36911	117.67015	405.90747	-26.940472	-4.0177584	4.385603	74.53146	-17.119877	14.069722	13.972838	12.319833	1355.5142533779144
56	1.2	0.2	1174.491	635.29395	3297.0774	484.3265	808.8282	207.54099	1216.9092	447.29987	230.09525	158.5	280000	248.69098	118.84786	408.0786	-19.641865	248.69069	118.84897	407.77542	-24.17331	249.96162	118.64586	407.5346	-26.698439	-3.993523	4.3734865	49.673775	-16.674929	14.465772	14.396475	12.522568	1381.4170451164246
57	1.2	0.2	1041.2301	332.9761	1762.1097	450.26562	1008.75616	131.30878	1226.6306	785.2845	200.96	189.9	285000	250.42169	120.09808	412.59943	-30.022055	250.42064	120.099304	417.20273	-24.077827	251.7181	119.91972	413.52713	-38.343296	-3.8260753	4.448579	40.406666	-16.9301	14.870267	14.813977	13.066633	1408.214753627777
58	1.2	0.2	1018.4609	383.11157	2048.187	488.61432	904.3154	146.69092	1174.5804	631.9154	198.84	169.7	290000	252.99585	121.216324	415.21368	-21.965214	252.9951	121.218285	415.86148	-42.989082	254.29436	121.017784	414.07358	-37.78748	-3.781377	4.4881835	48.08398	-19.048021	15.231772	15.234123	13.055477	1434.8008589744568
59	1.2	0.2	934.6203	470.00455	2595.1543	436.51718	929.08093	109.756355	1166.948	795.05707	183.64285	176.7	295000	255.33392	122.32482	420.53323	-25.952108	255.33385	122.32607	420.5007	-23.750776	256.64948	122.150604	418.0922	-22.157345	-3.6601362	4.5520134	38.467445	-17.72036	15.701399	15.577669	13.399537	1461.8769400119781
60	1.2	0.2	928.5333	401.68506	2237.4487	439.39655	829.52216	280.13907	1381.4528	561.5095	179.78572	160.1	300000	256.92136	123.03875	421.42126	-30.184553	256.92123	123.04081	421.73474	-41.65975	258.19537	122.8307	419.94998	-25.229315	-3.6329517	4.5394025	36.377434	-17.322393	16.267065	16.114077	13.806587	1488.6353888511658
61	1.2	0.2	1545.5739	879.02374	4159.5747	730.3901	865.69305	145.40022	1194.0095	730.1302	302.3125	168.4	305000	257.84253	123.28443	421.83728	-29.450628	257.8421	123.28613	420.258	-19.297577	259.10626	123.05419	419.37445	-24.187962	-3.5748193	4.5588527	45.06874	-18.757854	16.045042	15.879645	13.59195	1514.8779838085175
62	1.2	0.2	1273.8187	827.4802	4592.433	596.2231	982.16437	158.99117	1194.6853	704.7882	247.04762	186.6	310000	260.21768	123.931206	421.90143	-21.614044	260.2171	123.93428	422.81824	-50.2661	261.51852	123.73175	421.92926	-28.95953	-3.5555758	4.545182	48.176025	-18.031357	16.021877	15.929524	13.504369	1542.584966659546
63	1.2	0.2	1354.6421	582.1574	3213.4482	688.8725	823.7546	200.45303	1340.9193	589.2427	264.33334	154.6	315000	262.9652	125.146454	425.3947	-34.97425	262.9649	125.14745	428.14703	-40.56744	264.28	124.93502	424.68472	-39.515747	-3.4900472	4.555712	45.522957	-17.540405	16.412415	16.273754	13.787657	1568.2470676898956
64	1.2	0.2	1248.569	715.5289	3280.389	595.8805	1221.1842	397.5377	2138.9646	750.38965	240.8421	234.1	320000	265.12302	126.47624	429.36087	-25.401255	265.12302	126.47802	428.8946	-29.716658	266.45203	126.278595	428.492	-42.683804	-3.2068944	4.6504717	38.284126	-17.316404	16.848612	16.721312	14.142159	1594.4105217456818
65	1.2	0.2	2545.5645	1550.7117	5123.098	642.905	1864.2604	685.9138	3554.2295	965.12463	498.9091	350.8	325000	267.9199	127.90655	434.10403	-21.025187	267.9197	127.90773	434.73886	-38.531	269.26312	127.71371	433.71143	-26.189205	-3.104288	4.699749	46.926136	-18.693047	17.32911	17.242062	14.224872	1624.8473060131073
66	1.2	0.2	1559.5847	1257.8861	5114.4644	557.2183	721.2852	411.02716	1660.5133	421.91455	301.52942	142.0	330000	271.16693	129.03464	438.6614	-32.579147	271.16714	129.03514	440.30417	-36.226006	272.51956	128.84604	438.78656	-44.094303	-2.9702404	4.7385097	46.020275	-15.882453	18.256397	18.064583	15.01224	1651.9303653240204
67	1.2	0.2	2024.2833	1185.9315	4012.1975	640.764	1366.7063	582.28955	2378.1855	747.3567	388.92307	254.4	335000	273.77582	130.84917	440.9647	-21.872318	273.77628	130.84952	441.18637	-31.283545	275.1706	130.66852	439.48532	-46.078037	-2.886607	4.836098	51.983757	-16.787754	18.515018	18.441181	14.947916	1679.7867503166199
68	1.2	0.2	2715.63	1755.747	5150.022	897.7331	991.0456	361.14905	1715.4539	737.3463	524.7778	185.4	340000	278.1952	132.85553	450.68936	-50.714504	278.19553	132.85455	447.66498	-43.007156	279.64383	132.70715	445.1295	-19.564999	-2.6124668	4.9543376	47.183273	-17.66188	18.991604	18.989067	15.568005	1706.0518779754639
69	1.2	0.2	1564.6816	1142.1042	5179.5537	558.6099	3017.0308	1433.0757	5209.877	935.00104	302.17648	570.5	345000	281.94913	135.47746	450.9806	-22.811977	281.94998	135.47693	451.76035	-45.219067	283.40915	135.32901	450.0833	-41.479446	-2.485009	4.988541	43.005447	-17.51308	19.967203	19.81045	15.950048	1737.6389963626862
70	1.2	0.2	1859.9672	1337.483	5154.621	458.7784	833.7316	448.1696	1799.2664	463.49643	362.35715	166.7	350000	285.5814	137.32231	456.44174	-31.202686	285.58176	137.32172	459.90927	-51.1407	287.0712	137.18678	456.74728	-35.43196	-2.25985	5.075205	51.93152	-17.094406	21.076147	20.8821	16.905493	1765.0430431365967
71	1.2	0.2	1806.0343	1478.291	5147.1514	587.761	2936.0164	1423.7355	5270.119	1385.8566	350.3846	554.1	355000	287.4779	138.44122	461.94824	-21.388512	287.47827	138.44022	460.0573	-33.267292	288.94495	138.30617	459.9083	-26.071966	-2.1594443	5.0896153	58.714172	-16.806978	21.77697	21.70694	17.561485	1794.2531456947327
72	1.2	0.2	1982.9756	1245.5901	4989.7256	461.45624	2706.3218	1255.6599	5251.654	1203.9956	387.2143	514.5	360000	289.36874	139.92088	463.93637	-38.46964	289.37	139.92117	463.67853	-23.136051	290.86954	139.78702	466.10107	-34.48066	-1.9999642	5.242093	56.318336	-17.673664	22.558372	22.40831	17.73146	1826.6601600646973
73	1.2	0.2	2517.0872	1316.0256	5172.6143	867.3614	1303.925	559.4316	2497.2458	675.82336	492.0	244.7	365000	292.04965	141.5234	471.12766	-33.778515	292.05005	141.52328	467.8468	-27.507498	293.52985	141.39433	464.94666	-39.613792	-1.9073507	5.3303404	89.3125	-17.218302	22.930183	22.770626	18.130386	1854.6280884742737
74	1.2	0.2	1368.5	609.90125	2891.977	512.06726	1306.1003	367.08414	1965.227	934.222	265.4375	245.1	370000	294.33463	142.25998	471.38638	-23.856483	294.3355	142.25786	471.9195	-37.756935	295.81384	142.10944	468.01294	-35.090366	-1.8618785	5.333453	44.187355	-17.991423	23.979254	23.840221	18.69685	1880.1089158058167
75	1.2	0.2	2512.7178	1683.5597	5165.6816	461.70435	837.8755	63.603626	961.16797	706.6454	487.33334	156.4	375000	297.49933	143.64845	472.3415	-25.170732	297.50055	143.64857	473.49945	-23.59557	299.00064	143.5345	471.76593	-26.885286	-1.6274297	5.427002	58.660606	-18.043	24.600496	24.437908	19.484697	1910.1938474178314
76	1.2	0.2	1792.2441	1269.371	5140.6973	538.3457	1924.2913	1320.1294	4352.8403	774.93463	353.15384	368.1	380000	300.33774	144.96425	475.23782	-42.174915	300.3385	144.96292	476.84457	-56.4368	301.80368	144.82353	474.6606	-37.17192	-1.6993285	5.4282074	78.98416	-17.178513	25.207582	25.030838	19.411009	1938.1754302978516
77	1.2	0.2	2898.4248	1472.5488	5185.6772	812.62146	1611.6462	1304.5076	5202.9746	604.95776	563.375	310.0	385000	301.6405	145.27939	479.21036	-26.972944	301.641	145.27896	478.8746	-37.366394	303.10944	145.13385	477.20416	-36.833485	-1.5422499	5.47999	55.683037	-16.838097	25.532438	25.190239	19.787535	1965.2108781337738
78	1.2	0.2	2483.93	1430.3358	5156.039	858.6614	923.88654	376.01474	1569.421	485.8047	480.91666	172.7	390000	304.12225	146.51595	482.61194	-52.705254	304.1234	146.51572	484.31427	-52.07373	305.59094	146.40446	482.2992	-40.87377	-1.5220053	5.5257044	54.285114	-17.18108	26.010344	25.681246	20.043892	1995.2210881710052
79	1.2	0.2	2038.3013	1414.302	5075.676	795.8388	1271.1345	630.9776	2763.3237	550.2928	395.3846	239.8	395000	306.37173	147.71861	483.00073	-45.43904	306.37292	147.71983	485.35376	-44.525238	307.82965	147.59117	481.81497	-60.015694	-1.4032414	5.6325874	95.560715	-17.836689	26.347532	26.114086	20.066511	2024.0525305271149
80	1.2	0.2	3155.2979	1673.408	5170.573	664.73505	1424.8572	549.30005	2455.941	811.59174	618.5	267.3	400000	308.2118	148.52293	487.87247	-41.48565	308.2123	148.52365	490.50952	-67.21443	309.71585	148.4024	485.23605	-45.107033	-1.2116908	5.720104	60.232895	-17.417418	27.15205	26.809187	20.600777	2052.299666404724
81	1.2	0.2	1449.9374	1101.0724	5138.5874	443.01578	1009.6331	274.3714	1387.4681	586.97363	283.1875	188.4	405000	311.29733	149.51265	489.5581	-36.030148	311.2988	149.51299	492.01306	-39.042797	312.82413	149.3871	487.89	-38.338898	-1.290557	5.6719794	58.091488	-17.08163	26.889822	26.633093	20.75762	2078.409483909607
82	1.2	0.2	2745.4565	1579.8558	5168.5034	955.69147	2621.9617	1162.1582	5288.923	1322.9404	532.2	493.7	410000	313.11755	150.30429	490.18723	-72.77677	313.11893	150.30385	489.88913	-58.71293	314.6007	150.15569	491.93307	-47.31805	-1.3207772	5.715338	81.32323	-17.135532	27.484716	27.077414	20.607243	2110.3553771972656
83	1.2	0.2	2419.4272	1599.9829	5206.0435	790.31964	1530.2513	728.4577	2595.7078	666.7733	475.0	289.0	415000	315.0775	151.1413	497.09018	-53.946945	315.07883	151.14203	494.57648	-58.49688	316.56104	151.0158	490.54987	-49.37962	-1.3753827	5.768759	73.3541	-17.429539	27.600754	27.35834	21.233963	2138.2406935691833
84	1.2	0.2	2556.2454	1710.873	5162.7925	650.3149	3376.834	1581.5433	5337.302	1324.3009	498.6	635.5	420000	318.14944	151.88486	493.87863	-49.688805	318.14914	151.88475	495.47714	-66.93699	319.66818	151.74203	493.8645	-57.61514	-1.1851639	5.886901	57.6147	-16.763086	28.037766	27.813236	21.242733	2170.328863620758
85	1.2	0.2	1704.1555	759.0834	3858.5671	789.57465	2180.6743	1456.6793	5081.8955	1001.10706	332.0625	403.4	425000	319.55432	152.23529	496.61423	-71.621895	319.5562	152.23401	496.7035	-36.701782	321.0382	152.06822	495.33704	-67.23662	-1.0640435	5.9363837	73.27161	-17.0814	28.664267	28.339636	21.606413	2201.302311182022
86	1.2	0.2	2587.8184	1449.2693	5129.332	900.6373	1540.1996	452.67548	2106.3489	762.8733	502.0	294.8	430000	321.17743	152.82959	500.01553	-59.485916	321.1779	152.83017	500.6464	-40.93473	322.66287	152.6726	497.3606	-62.03318	-0.9151488	5.956672	55.874893	-16.80806	28.984001	28.523457	21.714464	2230.363697528839
87	1.2	0.2	2116.995	1024.7468	4285.075	1258.4729	1995.6334	868.73883	4069.8596	983.7614	414.0	383.9	435000	321.6046	153.3216	507.71786	-36.297115	321.60587	153.3208	502.81787	-28.322355	323.02264	153.15228	497.5305	-26.66025	-1.15801	5.8457947	69.96142	-16.31033	29.545284	29.251339	21.89961	2260.505449295044
88	1.2	0.2	1827.1902	974.5756	4087.5552	728.1834	1447.2052	518.62915	2433.5598	739.03326	357.2857	271.6	440000	321.91312	152.90286	504.6838	-28.480099	321.91476	152.90207	502.14526	-42.534374	323.29892	152.72769	496.1795	-45.604992	-1.1560115	5.8588734	60.3205	-16.369986	29.555119	29.254324	22.066423	2289.4770686626434
89	1.2	0.2	2412.2861	1361.2781	5181.9507	750.2592	2639.037	1375.9622	5262.8	975.30316	467.36365	501.5	445000	323.58957	152.59297	503.84955	-53.423283	323.59018	152.5935	498.2367	-90.14485	325.00797	152.38991	496.91675	-79.691864	-1.0526062	5.931694	54.056904	-16.72114	29.545301	29.249472	21.870655	2321.6009483337402
90	1.2	0.2	1858.411	1292.8824	5046.663	723.9831	2863.2312	1403.1349	5303.6455	1217.4209	363.92856	546.0	450000	324.2101	152.48819	495.70377	-28.09572	324.2105	152.48892	497.1797	-40.749725	325.56732	152.27945	496.13434	-37.074295	-1.0743331	5.9103136	53.493553	-16.79022	30.076681	29.589996	21.816507	2353.6685338020325
91	1.2	0.2	2778.9155	1460.8951	5125.9263	544.4964	1641.1116	488.8688	2652.2654	990.7863	545.7778	314.0	455000	324.46432	152.26112	496.20514	-39.54275	324.46497	152.26242	499.05997	-34.702736	325.8479	152.07373	495.93103	-37.35666	-1.0908436	5.934399	52.656666	-17.845274	29.524437	29.233154	21.194637	2382.888789653778
92	1.2	0.2	3234.2124	1661.7411	5191.6963	1116.7457	4660.4805	1235.9589	5295.692	1994.1979	627.125	883.1	460000	326.32498	152.55461	496.80267	-31.152897	326.32602	152.5546	497.5014	-32.65709	327.65298	152.34143	496.61438	-34.519787	-1.3694779	5.869652	87.270424	-16.887386	29.413942	29.113628	21.339405	2417.929449081421
93	1.2	0.2	3460.2312	1046.443	5129.6055	1513.5802	3776.86	1294.4808	5221.874	1274.5242	670.0	720.3	465000	327.65396	152.84444	499.6374	-53.995163	327.6544	152.84628	498.5671	-44.966393	329.01834	152.63501	497.06464	-45.624813	-1.190719	5.986186	55.956024	-17.032501	29.398129	28.985567	21.488708	2450.480676651001
94	1.2	0.2	3063.4927	1570.4308	5108.283	1126.646	1998.0336	1120.0355	5180.4297	1100.4576	593.7778	384.0	470000	330.50302	153.17326	503.04547	-26.4682	330.50385	153.17346	503.27725	-25.029314	331.88568	152.95703	500.4332	-57.16268	-1.2564816	5.9938483	92.294426	-17.039143	29.141415	28.773811	21.150219	2482.1459534168243
95	1.2	0.2	2137.9258	1243.7552	5166.7324	683.6422	1971.3773	1275.0204	5189.6533	594.4563	415.81818	382.1	475000	332.4818	153.97229	502.611	-45.01759	332.48276	153.97064	502.65958	-36.462975	333.8637	153.78145	503.2214	-36.379642	-1.1937767	5.9834437	56.665638	-16.875147	29.304575	29.088148	21.451923	2511.0509066581726
96	1.2	0.2	2575.8374	1502.0106	5095.8076	826.08057	1268.5417	443.22232	2289.2363	821.08716	496.8	243.2	480000	334.41092	155.11671	503.4552	-33.17257	334.4119	155.11754	509.7475	-26.162891	335.8088	154.92822	503.64078	-32.716145	-0.93688947	6.0630274	66.42858	-17.793419	29.631014	29.212683	21.39785	2540.2903039455414
97	1.2	0.2	2611.3672	1110.8723	5104.1333	1406.2532	1150.4996	206.63919	1556.2228	885.08704	508.8	219.8	485000	336.4234	156.10889	505.93915	-101.528015	336.42398	156.10985	506.0337	-53.314312	337.77774	155.8875	504.53894	-36.654064	-1.0650787	6.0698695	58.734615	-17.670391	30.337816	30.085001	21.881289	2569.3172590732574
98	1.2	0.2	3244.258	1553.5107	5221.196	1305.584	3424.3281	1490.0223	5281.3174	1232.4686	622.75	650.1	490000	337.80273	156.37686	508.0466	-38.10387	337.80264	156.37775	508.26224	-31.434763	339.1573	156.15598	506.82526	-35.22254	-1.0315396	6.0510125	54.112553	-16.583008	30.941433	30.651571	22.318142	2602.606211900711
99	1.2	0.2	2842.8086	1487.2965	5169.6196	885.8325	1026.0928	506.17627	1959.2018	503.75348	562.0	203.2	495000	339.15857	156.48886	510.69693	-35.18888	339.1599	156.48802	511.31815	-34.66713	340.52002	156.25797	507.63818	-36.141304	-0.9593034	6.0842447	58.5044	-17.548838	30.851233	30.63764	22.011719	2631.672045469284
100	1.2	0.2	3550.7417	925.8525	4783.1284	2200.5322	2474.2024	1232.9961	5259.9272	661.4959	690.4286	477.1	500000	341.04343	156.38762	507.39963	-26.90451	341.04434	156.3875	510.26163	-23.740017	342.3937	156.1593	508.7983	-50.074184	-1.0422192	6.075098	56.820545	-16.921812	30.326382	29.990074	21.99038	2662.918264389038
101	1.2	0.2	2382.0862	1562.342	5106.1616	483.21948	1753.527	797.98444	3553.6404	862.83014	464.63635	332.7	505000	342.73807	156.87537	509.27008	-39.91936	342.73813	156.87555	522.36755	-31.717896	344.11322	156.6556	510.1729	-29.502806	-1.0315905	6.0002236	82.5011	-17.233114	30.763126	30.411991	21.84963	2693.6250383853912
102	1.2	0.2	4441.764	1531.4235	5163.8867	1018.1773	4079.2078	1588.288	5381.104	1362.6306	866.6667	763.1	510000	343.35526	157.0053	512.20374	-35.546684	343.35513	157.00784	509.00485	-31.917803	344.68784	156.77448	510.64883	-57.143456	-1.059328	6.0907307	63.915493	-20.829615	30.975554	30.760529	22.136606	2728.8546936511993
103	1.2	0.2	2225.2402	1399.0801	5227.8877	635.16	1632.8079	1234.5936	4410.0967	633.84216	428.41666	307.4	515000	344.81198	156.8162	513.17126	-53.954445	344.81308	156.81601	511.84222	-43.111633	346.1202	156.54713	507.71115	-32.481407	-1.1845493	6.0733805	54.427963	-17.241028	30.841246	30.503769	21.875416	2759.685316801071
104	1.2	0.2	2441.0386	1530.9276	5132.922	720.04553	2023.7188	1346.5562	5083.006	683.7559	471.0	394.0	520000	346.07016	156.88382	513.5951	-26.8316	346.0713	156.88237	518.0131	-34.16684	347.4092	156.6299	509.08096	-37.918713	-1.1382298	6.0840087	75.60773	-17.744839	30.189507	30.089018	21.721182	2787.967654943466
105	1.2	0.2	2684.623	1903.7305	5307.468	669.416	2101.5806	1444.3066	5343.246	667.3716	519.7	394.8	525000	347.09424	157.30501	512.8466	-50.401993	347.09396	157.30734	511.85507	-21.532814	348.38184	157.05193	510.58417	-50.044113	-1.1852772	6.068379	81.07583	-18.447187	31.162321	30.72392	22.218761	2819.704912662506
106	1.2	0.2	2365.3748	1466.6499	5176.1763	692.4985	1025.453	381.89282	1805.1318	648.98004	457.66666	193.4	530000	348.64273	157.20486	514.07446	-28.552847	348.6434	157.20526	513.5183	-38.37204	349.93414	156.95085	510.75433	-34.2311	-1.2875416	6.07009	60.176098	-17.230604	31.439434	31.188633	21.94727	2850.2490384578705
107	1.2	0.2	3077.4956	1543.1385	5263.5225	1076.1364	3593.5032	1507.7966	5298.6597	1525.7982	597.4286	693.6	535000	349.3913	157.28159	511.06165	-34.71066	349.39056	157.28276	512.72675	-44.66122	350.6797	156.99403	511.46478	-41.68671	-1.3406425	6.0350113	71.44201	-17.705156	30.611368	30.51688	21.837038	2881.355216741562
108	1.2	0.2	3827.5547	1700.7833	5194.0737	705.7457	2947.6528	1401.7979	5392.362	1449.1578	743.875	550.3	540000	350.2532	156.94914	510.66583	-48.34607	350.2543	156.9482	511.69547	-41.797874	351.51508	156.6708	509.02234	-68.79187	-1.4240247	6.1110125	71.46741	-16.057257	31.322828	31.06203	21.97821	2917.2828500270844
109	1.2	0.2	4214.8066	858.2443	5284.6064	2907.769	4552.627	1552.4169	5363.585	1178.8403	800.3333	854.8	545000	351.38437	156.9784	513.1266	-48.948994	351.38513	156.98033	514.34827	-34.28969	352.60388	156.68875	509.49368	-38.776394	-1.3843732	6.1050887	53.21958	-17.049753	30.533472	30.203636	21.51257	2952.179338693619
110	1.2	0.2	4272.894	1573.1738	5230.526	892.668	4750.8945	1226.9888	5278.1035	1204.918	822.6667	902.4	550000	352.55948	156.8948	514.9972	-53.03537	352.5596	156.89603	515.27057	-75.15687	353.82275	156.60034	510.0605	-77.063065	-1.4101361	6.049306	66.493065	-18.398045	30.97468	30.521969	21.932724	2988.278172969818
111	1.2	0.2	3545.3801	1238.0422	5229.797	1741.375	2710.1265	1064.6202	4481.531	1204.6783	688.1429	508.8	555000	353.56357	156.41208	511.3518	-30.789207	353.563	156.41324	512.51404	-42.930344	354.78494	156.10574	510.09726	-61.839565	-1.2863895	6.1043553	104.96851	-19.249369	30.709593	30.500065	21.570286	3020.168089866638
112	1.2	0.2	3000.765	1305.0933	5282.3784	1530.1627	2872.7104	1408.8672	5327.9087	1039.0171	578.0	543.6	560000	354.9836	157.1176	514.5524	-101.94694	354.9845	157.1187	520.86365	-100.49879	356.2606	156.85098	512.7442	-82.90848	-1.3297093	6.0862584	60.113922	-16.62333	30.445831	30.214725	21.63585	3053.5442531108856
113	1.2	0.2	5223.0625	44.001587	5265.291	5141.5474	3632.3345	1317.3824	5336.437	1563.0785	1000.0	685.5	565000	357.69995	157.85313	516.3863	-69.75962	357.6996	157.85413	518.4959	-77.7279	358.9333	157.57	516.233	-91.37027	-1.2794257	6.138526	112.689255	-17.459885	31.092432	30.914225	22.00605	3087.871107339859
114	1.2	0.2	2961.1643	1800.1772	5244.0786	923.20044	4546.763	1454.8522	5290.953	851.8613	570.7778	863.5	570000	359.003	158.04433	516.4431	-87.61842	359.00262	158.04726	519.5189	-74.0826	360.25516	157.75043	516.7864	-96.20528	-1.326881	6.1397176	74.18055	-18.294432	30.792742	30.528917	21.755217	3124.4827744960785
115	1.2	0.2	3187.4985	1952.4974	5222.85	732.47406	3469.4421	2076.172	5377.1436	627.04193	620.875	646.2	575000	360.8444	158.45625	524.4777	-85.86699	360.8447	158.4589	521.26135	-73.67776	362.10397	158.1455	516.7485	-65.060524	-1.3388001	6.161031	69.52078	-17.304321	30.895668	30.60057	21.979042	3158.3847308158875
116	1.2	0.2	3752.1902	1663.3573	5256.695	698.5417	3448.345	1829.1549	5373.244	928.1738	722.5714	647.9	580000	362.43597	158.9397	518.5645	-52.125874	362.43524	158.94217	518.3867	-62.895878	363.74075	158.6298	518.4337	-104.39094	-1.3533953	6.230016	64.1365	-20.38458	30.954397	30.577826	21.840809	3192.4874732494354
117	1.2	0.2	3600.9592	1452.6036	5225.8633	586.3339	2355.0815	1175.5524	4412.764	971.2914	694.0	451.7	585000	364.2576	159.51047	523.2159	-47.80405	364.25937	159.5104	522.1052	-38.470642	365.49774	159.20778	521.6774	-76.596	-1.3450086	6.1643014	58.605602	-16.334965	31.36952	31.03365	22.189543	3224.1662318706512
118	1.2	0.2	3305.3696	1514.156	5144.379	1011.8392	3933.2742	1254.2618	5275.5254	1653.8093	638.7143	746.3	590000	365.7105	159.34917	521.0332	-31.029636	365.70926	159.35187	522.3864	-27.342077	366.92227	159.02863	519.4822	-53.134914	-1.365065	6.2077913	85.56631	-17.255934	31.343142	31.324833	22.369377	3257.413355588913
119	1.2	0.2	3666.2146	1755.5151	5218.416	900.0165	3554.3352	1554.0542	5291.2373	811.8643	703.5714	678.4	595000	366.12155	159.4444	520.93945	-27.827236	366.1204	159.44635	522.1336	-46.27135	367.33682	159.13107	519.99567	-45.92347	-1.349335	6.1382194	61.232563	-16.912338	31.506586	31.274668	22.190622	3291.5803446769714
120	1.2	0.2	3484.4116	1714.7021	5262.669	1439.5486	3951.7632	1944.03	5236.8975	751.7679	672.625	754.9	600000	368.1858	159.356	521.5825	-54.03469	368.1853	159.3585	522.8858	-48.245518	369.4457	159.04355	520.63385	-39.873665	-1.4031472	6.210968	67.00012	-16.556124	30.717216	30.543655	21.710138	3328.208006620407
121	1.2	0.2	2749.8481	1638.9906	5187.888	691.8261	1160.5939	359.20593	1957.3059	842.4202	527.2222	216.3	605000	370.37012	159.766	523.32806	-50.177303	370.37057	159.76765	525.8901	-59.145042	371.6184	159.44763	521.95184	-51.275833	-1.3387728	6.1989045	76.48459	-17.69231	30.55935	30.279097	21.560228	3356.9424860477448
122	1.2	0.2	3705.524	1738.302	5253.287	1165.7709	5036.3115	638.0359	5305.4233	3165.8518	715.8571	953.7	610000	371.27908	159.49493	524.1758	-23.254166	371.279	159.49686	523.6849	-29.254726	372.4686	159.13966	522.28906	-38.09746	-1.4812208	6.17826	67.03062	-17.674204	30.839672	30.501041	21.55131	3394.397780895233
123	1.2	0.2	4867.781	727.6668	5299.8584	3259.3445	3886.9915	1673.4629	5372.0854	1588.8302	934.3333	729.7	615000	371.90482	159.38588	534.80084	-43.74917	371.90424	159.38997	522.43536	-84.957275	373.1214	159.04501	522.36304	-32.764835	-1.349226	6.2784085	74.622444	-16.30989	31.051111	30.779493	21.871817	3431.546216726303
124	1.2	0.2	4374.7437	1642.922	5231.1255	710.0259	4426.7324	1547.6031	5286.0474	1256.1716	844.3333	849.1	620000	373.38412	159.4512	523.7681	-60.40466	373.38345	159.45357	527.63196	-52.704216	374.5952	159.12105	521.7463	-59.536224	-1.3645164	6.2683387	61.696205	-17.105629	30.461878	30.181326	21.35665	3468.1576056480408
125	1.2	0.2	2552.941	1495.114	5185.074	611.8196	3293.457	1902.6874	5340.0386	523.27094	497.3	626.7	625000	374.31262	159.72455	527.3801	-92.71341	374.31213	159.7276	527.226	-38.15457	375.51852	159.38846	521.66644	-67.92636	-1.4212774	6.2881227	66.4308	-17.4283	30.774935	30.358618	21.765596	3502.0752246379852
126	1.2	0.2	3528.0837	1927.0417	5240.537	863.5212	2859.3657	1359.6769	5342.2783	1102.8812	681.5714	536.0	630000	374.07855	159.7092	525.68085	-77.60838	374.07877	159.71344	523.8952	-69.91094	375.22314	159.36386	521.3707	-69.673996	-1.5245341	6.2551484	69.6984	-17.842293	31.410088	30.678179	22.135864	3534.2042739391327
127	1.2	0.2	3813.03	1247.6821	5197.596	1893.8182	3369.2769	1803.2247	5307.043	884.8377	732.0	641.2	635000	374.8887	159.1394	525.727	-64.6969	374.88834	159.14311	525.1185	-65.10124	376.06516	158.80827	521.43494	-58.670128	-1.4526856	6.274845	65.13008	-17.255766	31.325283	31.025173	21.995062	3568.865585565567
128	1.2	0.2	4298.497	1277.4396	5188.6436	1834.9128	2139.022	1115.2373	4611.899	1064.5312	838.0	404.9	640000	376.22018	159.24295	537.19226	-48.067722	376.2188	159.24629	525.9419	-40.415325	377.3938	158.91177	523.2904	-82.238266	-1.3472993	6.295727	61.843754	-17.511194	31.03102	30.751087	21.844673	3598.1395177841187
129	1.2	0.2	2924.4377	1744.0096	5269.655	1074.3151	1975.9504	794.2852	3417.6792	1050.1313	571.2222	366.4	645000	376.5499	159.21413	525.6454	-44.801693	376.54993	159.21758	524.1619	-33.419167	377.73837	158.85936	523.8036	-60.291843	-1.3272899	6.29461	60.39753	-16.859943	30.888214	30.464163	21.57804	3630.2518882751465
130	1.2	0.2	4578.727	1352.2753	5253.8047	1558.7511	4648.04	914.09894	5314.847	2785.098	884.3333	881.3	650000	378.82193	159.19759	524.4111	-55.671944	378.82227	159.2016	524.04395	-45.80542	380.0205	158.84616	523.7067	-44.815678	-1.4380691	6.2561173	69.782394	-16.852089	30.877438	30.300985	21.422525	3668.2812283039093
131	1.2	0.2	2965.1455	2041.9338	5266.844	378.34155	3653.8157	1644.7522	5334.53	1429.5033	571.3333	699.0	655000	380.30164	159.34502	527.67206	-76.50017	380.30078	159.3481	528.4396	-58.417496	381.4544	159.00151	523.4689	-57.192757	-1.5766295	6.2361813	62.76911	-17.655033	30.018309	29.740763	21.16264	3704.218985080719
132	1.2	0.2	4113.4653	1570.8691	5281.192	862.7375	4572.9746	875.29865	5337.8784	2716.4048	787.8333	865.7	660000	381.4945	159.58304	531.4748	-48.527004	381.4947	159.58478	528.3574	-48.63965	382.6762	159.24185	526.90643	-95.06989	-1.5014591	6.249529	62.5174	-17.156359	30.269701	30.073936	21.419037	3740.212158203125
133	1.2	0.2	3841.2856	1600.0869	5289.274	1061.8008	4932.491	973.7314	5410.133	2313.279	743.4286	918.1	665000	383.13354	159.83969	526.9005	-45.18503	383.13327	159.84367	526.89355	-38.59207	384.35562	159.46933	526.5653	-67.77859	-1.6318107	6.3061123	64.473434	-17.510271	29.989286	29.601307	20.952465	3778.2279851436615
134	1.2	0.2	4820.637	586.7718	5217.7964	3660.7336	4831.3135	1220.0483	5256.1987	1171.3667	931.2	923.1	670000	385.04724	159.80894	533.9663	-57.343086	385.04733	159.81157	532.0256	-35.848377	386.22543	159.42635	526.4486	-53.944607	-1.6863786	6.4056363	69.53643	-17.316053	29.747644	29.437456	21.270672	3814.3114609718323
135	1.2	0.2	3549.3376	1699.7344	5233.972	921.6806	4620.1177	1385.0503	5367.0684	720.20874	685.125	871.3	675000	386.1263	159.8286	533.4678	-52.969196	386.12433	159.83331	531.59735	-61.025925	387.2942	159.43913	526.6294	-54.000893	-1.800289	6.4276414	71.86583	-16.836384	29.75484	29.393188	21.118423	3852.6754875183105
136	1.2	0.2	3183.6865	1988.8634	5271.61	429.40164	4926.5083	1437.9	5434.7837	613.03394	607.625	912.4	680000	386.72238	159.55176	528.12555	-85.14627	386.72137	159.55635	529.9769	-70.61694	387.84088	159.15953	526.95776	-81.43311	-1.7751371	6.2942066	64.406006	-17.494705	30.009003	29.64736	20.901316	3889.541841030121
137	1.2	0.2	4298.8403	1398.2582	5271.354	1553.9813	3981.5188	1358.613	5353.62	1348.2448	821.6667	748.6	685000	387.268	160.00955	532.60297	-43.40233	387.26703	160.01477	531.69025	-65.47346	388.46384	159.64513	530.29816	-65.51041	-1.468239	6.3926907	72.531425	-16.542297	30.175238	29.808212	20.922625	3925.113152742386
138	1.2	0.2	2859.38	1659.742	5296.6597	715.0395	2602.5881	1165.3385	5313.722	1269.7811	549.5	494.9	690000	389.79495	160.55664	533.6794	-49.197037	389.79486	160.55998	532.5192	-36.39839	390.99985	160.19562	529.6413	-72.06384	-1.5588003	6.386802	75.52623	-17.3953	30.195986	29.781565	21.139269	3960.1595854759216
139	1.2	0.2	3141.2993	1753.577	5264.388	787.3631	4502.8174	1228.0736	5296.072	2113.883	600.625	856.2	695000	391.65558	161.02644	535.89514	-25.09189	391.6547	161.03094	533.3876	-49.520035	392.8407	160.6549	532.4565	-40.797237	-1.6782893	6.4106336	82.12654	-19.071917	29.98038	29.721975	20.887613	3996.6268270015717
140	1.2	0.2	3701.5764	1592.5979	5253.179	991.00916	5314.052	7.433809	5325.483	5302.728	715.6667	1000.0	700000	391.81366	161.0685	537.0063	-56.32496	391.8133	161.07138	534.17474	-77.949326	392.96967	160.69771	531.02814	-59.097004	-1.6218073	6.4256926	62.676994	-19.388514	30.790894	30.53424	21.591682	4032.86239862442
141	1.2	0.2	2827.248	1911.2844	5315.2446	726.6945	3431.375	1127.1582	5475.4365	2317.4375	538.7273	627.8	705000	392.80032	160.84123	536.51056	-61.9965	392.7988	160.84865	535.6002	-64.30785	393.945	160.4697	531.18475	-67.70841	-1.4559855	6.4157486	71.33172	-16.855888	31.230185	30.563808	21.40012	4070.753193616867
142	1.2	0.2	3240.7456	1689.8073	5259.4956	917.63574	3088.4497	1435.1798	5365.9272	1415.5638	624.8571	576.6	710000	393.18683	160.51225	534.98425	-45.449215	393.18594	160.51608	533.74	-47.382683	394.33682	160.15024	530.91437	-66.03479	-1.5090252	6.3200736	62.667587	-18.30648	31.125885	30.847948	21.55296	4102.709338188171
143	1.2	0.2	4590.1934	1211.4073	5265.5786	1910.4897	2206.9897	700.8902	3579.2415	1198.0284	882.3333	415.1	715000	393.51395	160.6375	534.07916	-48.436802	393.51355	160.64163	533.925	-42.313873	394.64752	160.26382	533.75714	-50.93659	-1.6346234	6.3897142	92.67009	-16.073729	31.415113	31.005655	21.729416	4136.4328956604
144	1.2	0.2	5198.1074	14.2794285	5217.4814	5177.8335	5027.544	691.05774	5357.3203	3197.1863	1000.0	939.6	720000	393.96603	160.59766	536.6738	-69.5757	393.96573	160.60162	542.07355	-55.99286	395.1043	160.2341	532.4274	-71.66451	-1.5574607	6.3406324	82.423	-17.341352	31.412262	31.026997	21.977888	4174.32580947876
145	1.2	0.2	4419.8804	1302.1495	5239.0923	1632.1761	4623.317	1226.7048	5356.9766	1102.3777	851.8333	872.9	725000	395.67334	160.13466	540.4659	-45.28747	395.67242	160.13797	532.66296	-31.788486	396.81152	159.76308	535.0835	-45.68589	-1.6129465	6.3170395	92.48797	-17.25352	30.804827	30.37876	21.298018	4211.809619903564
146	1.2	0.2	3702.7883	1628.479	5254.2456	1365.5901	4988.4785	527.23395	5292.2017	3511.217	707.5	957.5	730000	396.76392	159.87918	536.00385	-42.13354	396.76318	159.88403	532.5247	-72.429634	397.8874	159.4878	532.3984	-40.538662	-1.5852375	6.328368	118.4427	-17.704704	30.820873	30.366737	21.336208	4247.274467229843
147	1.2	0.2	4757.807	940.6707	5217.2827	2655.5098	4882.003	1235.9792	5313.8906	1174.3541	919.3333	923.7	735000	397.0606	160.2065	545.1749	-44.786552	397.05923	160.21259	535.06213	-42.36737	398.1675	159.809	533.1862	-56.4541	-1.7923174	6.3859544	83.13922	-17.219233	30.215137	29.819176	21.07976	4287.281998634338
148	1.2	0.2	4655.166	905.7755	5293.728	2803.247	5122.3276	653.4589	5355.014	3162.1013	894.6667	959.0	740000	397.95245	159.45274	536.65344	-65.97894	397.95078	159.46135	542.2394	-62.790936	399.04877	159.07486	533.83057	-93.200966	-1.5904986	6.3151646	65.280045	-16.732315	30.775423	30.137213	21.132444	4326.964492321014
149	1.2	0.2	4136.0327	1598.7778	5352.3	1756.7272	3747.0989	1365.7283	5354.665	1337.3949	787.1667	708.4	745000	399.25653	160.28757	546.82837	-63.420677	399.25467	160.2927	537.2423	-76.11935	400.3886	159.93918	535.85583	-74.93139	-1.648001	6.3734903	63.263588	-17.199951	30.527597	30.326845	21.171616	4361.672196149826
150	1.2	0.2	5243.845	54.70596	5288.566	5137.4326	1884.024	934.6344	4022.371	1041.6046	1000.0	361.4	750000	399.72708	160.1326	534.9999	-27.7956	399.72607	160.13957	539.3254	-28.815363	400.82883	159.75235	533.1863	-37.227562	-1.8649473	6.333839	83.2543	-18.044243	30.91303	30.310003	21.090954	4393.969450235367
151	1.2	0.2	3259.959	1487.0884	5298.5386	967.3883	4692.446	1080.9315	5362.3765	2058.267	620.75	880.5	755000	400.32172	159.86914	541.5284	-43.658577	400.32053	159.87585	535.8105	-37.32976	401.42667	159.48682	533.9424	-39.75534	-1.6212378	6.38469	81.99027	-17.143545	30.435549	29.910458	20.924421	4431.406685113907
152	1.2	0.2	2830.6692	1752.7809	5303.6743	907.3832	4138.376	1736.858	5469.3564	1251.5608	541.0	762.8	760000	401.53345	159.97784	538.96045	-68.00586	401.53284	159.98085	538.45154	-37.358776	402.60843	159.60345	535.4671	-32.97562	-1.6000562	6.392885	67.10103	-18.558933	30.237202	29.80442	21.142208	4467.530886173248
153	1.2	0.2	4523.941	1103.7084	5289.1255	2227.756	5389.49	12.779769	5410.2427	5370.4116	861.5	1000.0	765000	401.60416	160.04337	539.3841	-32.26891	401.60168	160.05022	538.1931	-49.306618	402.69226	159.66833	535.07684	-71.65148	-1.4134743	6.4164834	68.32952	-17.227053	30.521832	30.301702	21.02713	4507.217950820923
154	1.2	0.2	3963.2595	1598.4103	5276.558	1285.5267	5091.1865	913.50757	5413.409	2350.8445	760.5714	945.5	770000	402.85748	159.61714	537.06757	-48.67951	402.856	159.62547	537.92615	-60.332718	403.9551	159.23853	536.5978	-56.618355	-1.7058542	6.3771815	71.41656	-18.196005	30.083694	29.85926	20.62204	4547.127465248108
155	1.2	0.2	4371.0884	1840.064	5312.132	691.0514	5050.0786	1005.5951	5436.2227	2051.415	826.6	932.9	775000	404.58734	159.515	543.29736	-62.854206	404.58606	159.5177	539.7861	-40.91921	405.7437	159.1102	535.3688	-47.51306	-1.5951838	6.469634	84.87686	-16.74295	29.93239	29.72315	20.868776	4582.812283039093
156	1.2	0.2	4670.7485	1306.5763	5310.948	1750.7345	1743.7035	376.9452	2254.0144	1128.8881	891.6667	330.4	780000	405.24362	159.47586	536.59937	-43.101204	405.24274	159.4818	538.2047	-48.12769	406.27975	159.09445	536.4407	-79.802086	-1.6552695	6.348206	103.764015	-16.306974	30.324795	29.80896	21.073673	4616.57954788208
157	1.2	0.2	3632.0874	1982.5479	5272.5537	806.21844	5355.383	23.487259	5380.156	5294.956	693.125	999.2	785000	405.84018	159.73776	538.8508	-39.170635	405.83728	159.74704	540.16473	-47.12296	406.9263	159.37312	537.4858	-33.981476	-1.5945458	6.4747972	84.8776	-17.448612	30.372616	29.95571	21.061893	4658.0339415073395
158	1.2	0.2	3640.846	1947.0074	5297.2383	439.9889	1933.5345	1059.4111	4558.2197	953.74725	691.2857	361.7	790000	406.44034	159.64926	537.6817	-39.429424	406.43756	159.65868	543.071	-30.384693	407.54172	159.27002	538.91656	-37.282887	-1.5811121	6.480407	78.46234	-17.388506	30.614544	30.196005	20.865395	4690.195809364319
159	1.2	0.2	3694.803	1868.9019	5283.0415	895.69464	5379.826	7.114557	5389.9585	5362.308	704.1667	1000.0	795000	407.76212	159.5264	537.5063	-36.163406	407.7603	159.5344	537.5683	-40.77397	408.82132	159.14487	537.802	-37.54362	-1.5180597	6.4700003	73.85433	-17.780472	30.811186	30.327503	21.08176	4726.9467968940735
160	1.2	0.2	4075.9739	1434.0819	5309.1113	1620.4762	5355.2134	8.456497	5367.2803	5341.5103	773.4286	1000.0	800000	407.5725	159.12909	541.3653	-49.87831	407.5708	159.13591	539.76154	-51.731308	408.64142	158.72595	538.39453	-50.665516	-1.6221944	6.4489775	72.73175	-16.794136	30.397078	30.074953	20.850655	4768.089440822601
161	1.2	0.2	4105.3726	1550.3442	5223.5405	1453.3405	5347.5166	6.1803794	5356.673	5336.5728	789.3333	1000.0	805000	408.30496	158.66609	541.091	-71.112724	408.30283	158.67276	540.80145	-36.64479	409.35626	158.26544	537.1061	-44.58188	-1.6028684	6.4416895	79.34015	-16.621813	30.290749	30.091778	20.793524	4806.092602014542
162	1.2	0.2	4810.19	913.2637	5259.9893	2770.692	3011.4192	1600.781	5394.6357	1102.4897	920.1667	565.8	810000	408.96167	159.17453	547.476	-34.570145	408.96005	159.18155	545.57025	-49.645943	410.0361	158.79674	538.52655	-50.799625	-1.4265395	6.424855	100.08702	-17.654444	30.506662	30.068672	20.886791	4843.019309997559
163	1.2	0.2	3914.4417	1505.3976	5316.2534	1303.4618	4948.964	1100.2736	5324.043	1648.1986	744.5	934.2	815000	409.93542	158.98283	542.7396	-55.064163	409.93506	158.98643	555.6629	-45.02659	411.03195	158.57425	539.92096	-59.16216	-1.6081342	6.431487	130.40356	-18.04023	30.805973	30.414099	21.056263	4879.79412817955
164	1.2	0.2	4360.1763	802.74713	5226.3184	3284.7766	5342.712	12.98511	5363.554	5325.694	835.1667	1000.0	820000	411.22736	158.87798	539.25275	-69.87679	411.2254	158.8855	542.7842	-58.89385	412.28635	158.47246	538.5778	-56.87228	-1.5989115	6.442724	73.82489	-18.634247	30.097551	29.772963	20.62498	4919.005196809769
165	1.2	0.2	5242.33	14.9990635	5260.853	5220.084	3478.4114	2262.5437	5343.9805	558.5329	1000.0	659.5	825000	412.67773	158.90636	542.976	-60.92406	412.67502	158.91443	542.78766	-58.97228	413.74295	158.54095	539.71063	-61.8134	-1.7574784	6.4057655	94.26244	-17.582487	29.744673	29.288862	20.160118	4955.037405490875
166	1.2	0.2	5223.631	23.333427	5256.9165	5192.317	4765.289	907.7303	5423.6343	2806.4702	1000.0	881.8	830000	414.00272	159.16316	540.9836	-51.080025	414.00125	159.17201	543.58185	-61.854603	415.04294	158.75781	540.01556	-63.905743	-1.8439139	6.479362	77.24736	-18.359598	29.431767	28.97675	20.30038	4993.519060373306
167	1.2	0.2	4445.9097	1634.4155	5323.424	805.324	5125.4883	686.9926	5383.2227	3067.1267	846.8333	957.6	835000	414.9648	159.04779	543.0832	-36.67274	414.96194	159.05742	543.4404	-39.59521	416.00748	158.64609	541.6831	-62.15067	-1.8047509	6.424879	72.70492	-18.614801	29.845964	29.472086	20.560492	5032.729477405548
168	1.2	0.2	4983.307	494.68137	5244.9	3994.6042	4925.0625	1350.9879	5386.612	872.2338	957.4	918.5	840000	415.4086	158.7086	543.50244	-24.027216	415.4065	158.71753	545.68915	-49.813347	416.4838	158.28291	542.9299	-38.02083	-1.6761507	6.5149527	95.4574	-16.8612	29.963192	29.51747	20.449127	5071.193882703781
169	1.2	0.2	4488.3477	1759.667	5323.286	554.3264	5325.9478	21.780876	5357.105	5286.669	853.1667	1000.0	845000	415.86935	158.16103	555.8604	-32.217876	415.86646	158.17023	564.0721	-41.634506	416.91687	157.7447	541.4993	-42.811104	-1.5526106	6.4187903	62.4038	-18.345064	29.793709	29.33582	20.464487	5111.461120843887
170	1.2	0.2	5278.37	32.855705	5325.6025	5232.4663	4878.7744	1393.9028	5369.6484	697.67114	1000.0	914.0	850000	416.37198	158.27354	541.3658	-63.459106	416.3705	158.27747	544.7343	-36.70171	417.45612	157.87599	541.9935	-51.959766	-1.665931	6.5176015	85.08017	-16.625782	29.893576	29.737894	20.66287	5150.7653205394745
171	1.2	0.2	4697.5317	1202.6113	5276.488	2009.3433	3139.2695	1388.9508	5355.016	1584.1577	894.8333	596.2	855000	418.23434	158.78403	542.8591	-66.534325	418.2326	158.7906	546.41846	-45.01543	419.30646	158.37967	542.9021	-44.038506	-1.7803687	6.5384054	101.077194	-17.080212	29.347824	29.10912	20.201286	5187.61569237709
172	1.2	0.2	5230.1147	37.18878	5275.03	5168.1875	5393.492	15.063781	5417.382	5363.8657	1000.0	1000.0	860000	419.74973	158.46806	543.7912	-40.989506	419.7476	158.47523	546.88165	-31.539299	420.83044	158.04897	543.8752	-37.811104	-1.7607061	6.557375	84.35957	-16.347054	29.376003	29.16955	20.332232	5227.58181142807
173	1.2	0.2	5283.517	24.287752	5310.028	5242.139	4252.2173	1518.1206	5380.3013	1613.8789	1000.0	798.7	865000	420.66492	158.65878	550.48065	-30.905432	420.662	158.67061	544.94226	-45.389496	421.7305	158.2656	543.43414	-41.20362	-1.6072873	6.5511265	87.19228	-17.08266	29.528912	29.144484	20.210632	5265.53355717659
174	1.2	0.2	3978.3223	1728.4243	5227.8066	439.6774	5339.2627	145.06265	5402.992	4905.7734	764.8571	991.5	870000	421.66708	158.3306	552.33936	-50.57869	421.66394	158.33948	554.03217	-72.362625	422.69733	157.92186	544.38495	-61.64368	-1.8840559	6.4557085	103.179955	-19.193737	29.5584	29.26315	20.500814	5306.55526804924
175	1.2	0.2	5246.365	77.56322	5328.8354	5120.947	5386.517	8.536549	5402.9487	5370.815	1000.0	1000.0	875000	422.2664	158.00076	547.4656	-44.790268	422.26486	158.00772	549.7284	-30.102015	423.32257	157.58766	544.2057	-62.30869	-1.8355345	6.4385757	70.43533	-17.064596	29.139671	28.837826	19.758015	5346.450017929077
176	1.2	0.2	5229.021	40.106365	5271.217	5154.381	5400.4697	11.419581	5424.29	5385.5845	1000.0	1000.0	880000	422.98376	157.87747	546.1227	-45.870853	422.9823	157.88513	549.52344	-31.575073	424.03226	157.4533	544.38763	-35.27733	-1.9694753	6.4829364	76.94988	-19.11589	29.233	28.760704	20.251438	5386.423322200775
177	1.2	0.2	3934.04	1861.4928	5280.0234	704.6913	4895.1104	1323.3405	5348.986	925.1481	755.0	919.4	885000	424.18896	157.99062	546.96826	-50.46006	424.18436	158.00299	549.62085	-42.08046	425.25977	157.58987	545.8927	-58.355667	-1.8967264	6.4736085	73.509315	-16.041569	28.527573	28.193268	19.50276	5424.443982839584
178	1.2	0.2	4695.754	712.62244	5259.5483	3413.3271	5415.083	7.464213	5426.2407	5399.285	911.0	1000.0	890000	425.35837	158.1592	551.65155	-26.860384	425.35605	158.16895	549.416	-39.407364	426.38623	157.75217	547.5489	-53.96704	-1.8767449	6.411312	85.39431	-19.774876	28.756437	28.220018	19.97479	5466.251011610031
179	1.2	0.2	5247.3267	48.39198	5304.307	5159.2583	3245.0205	1356.8959	5450.1694	1528.7992	1000.0	605.7	895000	426.0814	158.44293	553.057	-38.179718	426.07697	158.45499	552.6666	-35.55233	427.1284	158.05461	548.03015	-56.998978	-1.7524046	6.4611073	72.64681	-16.94018	28.820078	28.465832	19.913752	5502.535765171051
180	1.2	0.2	5160.745	198.66852	5322.1177	4773.073	5432.707	9.197145	5453.4897	5420.815	978.8	1000.0	900000	426.58752	158.45027	551.45087	-44.571407	426.58426	158.46388	548.6661	-48.0041	427.63828	158.05348	546.83075	-73.44415	-1.7434264	6.513651	90.10134	-16.544754	29.393715	29.218746	20.272549	5542.228353977203
181	1.2	0.2	5261.571	58.757572	5351.054	5168.3525	4812.6924	1405.7012	5310.831	595.91095	1000.0	912.6	905000	427.26395	158.75055	547.8416	-39.303814	427.26035	158.75885	553.9447	-62.819523	428.30835	158.3469	548.4032	-31.012386	-1.7919085	6.39392	69.12636	-16.942833	28.79661	28.796135	20.023087	5581.467494010925
182	1.2	0.2	4902.673	741.30273	5334.1367	3423.9407	5388.5435	16.554226	5411.7524	5356.421	930.8	1000.0	910000	428.83362	158.37868	552.8896	-51.132988	428.83194	158.38539	554.77136	-81.04531	429.9221	157.99129	549.56165	-68.944695	-1.7155064	6.402204	70.44306	-17.20099	28.605467	28.423023	19.936613	5620.284314393997
183	1.2	0.2	5296.5283	28.273201	5336.4014	5265.494	2152.5205	1491.9281	5409.3423	901.5783	1000.0	400.4	915000	429.9572	158.75471	553.29974	-34.791977	429.9547	158.76283	555.85895	-40.48662	431.02335	158.34653	550.9363	-31.424324	-1.7768272	6.4083033	82.66757	-18.171474	29.088282	28.8366	20.1547	5654.658442020416
184	1.2	0.2	3834.871	1824.2246	5328.458	840.7967	5369.8125	4.8435154	5375.2666	5358.638	727.5714	1000.0	920000	430.3933	158.79918	550.8052	-55.53028	430.3906	158.80754	552.59094	-40.100803	431.4479	158.3839	549.7186	-74.23236	-1.9472913	6.504059	96.515915	-17.051449	29.117002	28.865803	20.156162	5695.314016819
185	1.2	0.2	5245.9233	36.479538	5318.067	5218.674	3600.9043	1403.6204	5407.8945	1920.4702	1000.0	678.5	925000	432.59494	157.82738	551.23376	-91.28775	432.59122	157.83841	557.14105	-79.33302	433.65823	157.431	550.7137	-119.713394	-1.8812344	6.41718	74.14624	-17.555454	28.304087	28.159012	19.502954	5732.693822145462
186	1.2	0.2	5239.4834	59.228657	5310.628	5157.838	5376.2563	8.375234	5397.221	5364.797	1000.0	1000.0	930000	433.93796	158.10556	553.09796	-34.38403	433.9341	158.1186	567.8847	-42.01349	435.00128	157.70738	551.69543	-77.70113	-2.0330014	6.4369345	69.05001	-17.328062	28.008675	27.604519	19.870346	5773.455971240997
187	1.2	0.2	4210.7974	1341.9456	5294.3003	2110.6584	4932.153	1352.4817	5402.6147	875.14087	803.1667	917.4	935000	434.9203	158.55777	565.17755	-64.64777	434.91623	158.5698	558.6123	-55.879272	436.00565	158.13837	552.7913	-95.58617	-1.8390553	6.4589596	78.24908	-16.297787	28.399643	28.328691	20.20436	5812.798470020294
188	1.2	0.2	5318.7266	60.609226	5390.0728	5232.739	5455.8833	8.351107	5468.0767	5441.5283	1000.0	1000.0	940000	435.3198	158.7714	563.2961	-84.13299	435.31506	158.7846	560.8101	-125.59819	436.35565	158.37904	553.9084	-79.31499	-1.9163291	6.479069	81.49847	-17.329378	29.500324	29.3444	20.464672	5854.293927669525
189	1.2	0.2	5302.302	52.828907	5377.3193	5250.007	5516.536	14.381506	5544.072	5498.795	1000.0	1000.0	945000	435.47308	158.23367	558.3281	-69.1834	435.4698	158.24467	554.0214	-83.00536	436.54272	157.81566	555.07764	-87.19889	-1.9231684	6.4504347	79.21536	-17.117998	28.883312	28.530563	19.774197	5895.020586967468
190	1.2	0.2	4827.148	1092.4182	5406.3857	2387.103	4117.8003	1399.3184	5503.384	1325.1104	908.5	748.9	950000	436.57147	158.46445	561.14874	-78.27609	436.56775	158.4769	555.9101	-45.251114	437.6353	158.04863	554.22485	-49.670452	-2.0507205	6.4698033	67.20851	-17.011032	28.486074	28.192156	19.826445	5934.606360435486
191	1.2	0.2	3548.3462	2038.583	5356.345	895.9034	5310.5522	9.529898	5324.6216	5294.1406	670.5714	1000.0	955000	438.02148	158.24426	557.8503	-23.809206	438.01874	158.2548	554.30054	-35.043037	439.10794	157.81302	555.4561	-36.353268	-2.0685525	6.5682087	70.986374	-18.0432	29.118948	28.874035	20.41177	5974.382344722748
192	1.2	0.2	4649.101	1334.18	5309.616	1669.459	5292.33	9.639214	5306.053	5276.7944	885.8333	1000.0	960000	438.7499	158.51918	556.40594	-54.689034	438.7459	158.5307	557.2528	-44.53779	439.81372	158.07368	556.5886	-59.851715	-1.9371171	6.5059085	90.97691	-17.055702	28.779394	28.572119	20.002195	6016.4542689323425
193	1.2	0.2	5268.0464	84.146	5390.3105	5131.789	5284.2217	51.140484	5363.4927	5209.8784	1000.0	1000.0	965000	438.72296	158.45819	558.8976	-34.91085	438.71756	158.47554	559.9088	-33.458515	439.7584	158.0548	555.8903	-65.56832	-2.1138458	6.5353274	85.45766	-17.74034	29.052456	28.760557	20.03885	6057.183474302292
194	1.2	0.2	4469.2314	991.18866	5286.6616	2900.213	5034.6514	1087.0779	5430.5425	1774.0028	848.5	932.9	970000	438.857	158.44264	563.68384	-26.101898	438.85358	158.45502	564.12714	-32.691467	439.8682	158.04318	556.69653	-38.22662	-2.104011	6.6083517	72.44976	-16.764473	29.024307	28.943596	20.182245	6097.606812000275
195	1.2	0.2	4752.9087	1106.9207	5345.0137	2539.9077	5295.6704	10.126703	5317.381	5282.3276	895.6	1000.0	975000	438.9228	158.20566	555.14105	-35.99037	438.91867	158.21817	569.3047	-38.741592	439.9733	157.77112	555.33453	-50.058113	-2.066717	6.646812	98.556984	-17.821125	29.172852	29.026257	20.25939	6136.51762509346
196	1.2	0.2	5261.0347	73.60592	5352.9365	5173.7207	5404.626	17.677505	5428.332	5380.184	1000.0	1000.0	980000	440.36664	157.84134	558.44324	-36.823574	440.36307	157.84949	556.6157	-49.40995	441.46616	157.42758	555.38324	-69.36839	-2.0802996	6.656594	91.20921	-17.780142	28.280197	28.332382	19.71607	6177.847230195999
197	1.2	0.2	4699.6343	1403.6288	5410.5425	1562.3646	5425.3228	14.162806	5443.0483	5398.2534	883.6667	1000.0	985000	442.89474	157.79254	560.60986	-31.594828	442.8913	157.80344	557.51044	-34.69526	443.97705	157.35391	557.89465	-49.790432	-2.226019	6.5953927	93.578	-18.312044	27.779217	27.678677	19.630861	6220.2414128780365
198	1.2	0.2	5309.6157	19.594093	5335.7617	5285.1177	5449.8896	43.606735	5480.7793	5349.621	1000.0	1000.0	990000	444.04608	157.8046	558.7329	-35.76685	444.0417	157.81836	558.3915	-57.57528	445.11475	157.37654	561.66846	-42.035957	-1.9931643	6.615522	108.5368	-18.85395	28.2292	28.098484	19.639404	6261.635450363159
199	1.2	0.2	5227.1377	57.305965	5279.6875	5120.634	5389.456	7.860908	5401.4844	5374.587	993.8	1000.0	995000	444.1715	157.45638	562.1952	-51.896675	444.16684	157.46823	563.4018	-42.11001	445.1876	157.0311	557.53485	-37.098763	-2.1601398	6.6113853	79.82781	-17.933273	28.030691	27.903744	19.650932	6302.596296548843
