Epoch	EntIndex	EntCoeff	AverageEpRet	StdEpRet	MaxEpRet	MinEpRet	AverageTestEpRet	StdTestEpRet	MaxTestEpRet	MinTestEpRet	EpLen	TestEpLen	TotalEnvInteracts	AverageQ1Vals	StdQ1Vals	MaxQ1Vals	MinQ1Vals	AverageQ2Vals	StdQ2Vals	MaxQ2Vals	MinQ2Vals	AverageVVals	StdVVals	MaxVVals	MinVVals	AverageLogPi	StdLogPi	MaxLogPi	MinLogPi	LossQ1	LossQ2	LossV	Time
1	1.2	0.2	122.16216	34.841625	254.16147	83.142456	265.55768	13.043081	281.4716	237.88287	24.336586	49.2	5000	0.82188994	48.67755	98.402275	-130.55852	0.8252307	48.674442	99.24322	-133.17108	-1.9353174	54.825844	102.02366	-194.6232	24.765785	178.35301	20538.766	-16.66377	4.499847	4.513576	566.074	20.724711894989014
2	1.2	0.2	123.12263	36.676327	301.44672	78.61977	215.73833	6.587475	230.10031	206.33513	24.495098	39.7	10000	144.48347	72.92525	318.76517	-62.344486	144.48314	72.92163	316.409	-66.17534	155.2642	71.78268	330.07172	-42.83657	2.1118705	5.868645	32.782433	-17.290606	10.068743	10.071266	23.111347	40.842554807662964
3	1.2	0.2	252.25891	72.190414	479.21545	114.7471	312.89993	23.899784	355.19727	284.345	49.346535	56.0	15000	272.41663	108.635544	420.98163	-214.42926	272.42053	108.61408	412.55994	-180.01035	284.82758	100.25221	417.43005	-205.99617	3.2766793	7.8516917	56.827286	-17.670393	48.738903	48.62661	71.23027	64.30507636070251
4	1.2	0.2	317.82605	59.546917	483.10263	147.74704	529.7191	54.016495	658.0432	467.8266	58.360466	98.5	20000	259.39285	124.9749	419.90808	-94.46973	259.39206	124.98834	414.51004	-89.6919	267.40228	120.494316	416.1698	-104.969955	1.2054408	8.494264	120.1761	-17.138132	40.282017	39.255154	60.579014	87.99468779563904
5	1.2	0.2	408.6822	87.27554	656.04016	230.26595	552.7975	65.12291	700.44806	490.61838	81.590164	107.9	25000	220.47597	120.49944	409.17676	-83.415276	220.4778	120.50262	405.60068	-70.57044	225.98021	118.70331	402.58023	-83.90203	0.0832397	6.5359244	52.185844	-20.44098	28.22626	27.847132	42.847855	111.86396646499634
6	1.2	0.2	406.3737	97.106064	965.71405	289.36435	405.1629	102.46461	698.0481	318.0269	85.56896	89.7	30000	202.19943	111.74309	387.8318	-90.02442	202.19899	111.74103	386.9594	-73.136116	206.82845	110.91743	388.0167	-84.03534	0.11640477	5.169463	39.11262	-17.674114	24.407106	24.612295	36.26576	135.5542495250702
7	1.2	0.2	413.1826	90.72689	688.8651	271.23987	312.56607	22.560604	345.32834	273.52267	86.86207	65.6	35000	195.17351	107.885666	356.0498	-88.36651	195.17287	107.88571	355.5043	-119.08594	199.17001	107.28754	353.57156	-285.7705	-1.1227583	5.146116	125.858154	-17.336555	20.821344	21.02274	31.148136	159.3240122795105
8	1.2	0.2	430.2941	108.82593	683.9651	269.4307	420.09686	41.375134	516.59973	372.83554	87.91228	85.0	40000	190.67953	107.73478	359.55432	-46.85357	190.6786	107.735306	353.84995	-48.176216	194.16388	107.40359	352.99213	-58.519924	-1.9853493	5.1902843	31.415236	-16.898026	18.387	18.53009	27.363506	183.34880542755127
9	1.2	0.2	455.6175	104.74848	733.53485	250.76952	576.41766	136.78723	934.9905	455.65463	88.03509	111.9	45000	185.19235	104.477875	355.93637	-21.013496	185.19127	104.47988	350.90924	-26.559822	188.28313	104.32868	350.55798	-33.3269	-2.2882664	5.0172467	28.979158	-17.281006	15.787543	15.802832	23.35424	207.53206944465637
10	1.2	0.2	503.94092	137.69453	1036.7319	316.8493	465.56744	81.36027	628.0744	369.19232	96.19231	85.8	50000	185.09126	100.03772	344.8511	-50.475544	185.0907	100.036476	347.2483	-17.87857	187.97917	99.74032	347.26724	-26.213612	-2.8105779	4.9404235	28.134342	-17.909472	13.128132	13.34129	19.878052	231.39656400680542
11	1.2	0.2	502.30826	101.75042	900.1864	350.5643	416.88135	24.489016	476.76712	382.76242	96.82353	74.7	55000	187.62903	98.29053	337.60513	-17.071445	187.62923	98.28891	339.2609	-29.723612	190.23488	97.94549	338.86374	-22.493198	-3.4593842	4.8959193	38.84477	-17.621965	11.58477	11.699815	17.256165	254.99703240394592
12	1.2	0.2	487.64838	104.30427	868.8907	322.30106	499.86993	133.75479	864.4914	409.6974	93.5	94.9	60000	190.33461	98.74588	343.4091	-17.061401	190.33395	98.744606	339.7121	-41.687107	192.78671	98.38354	338.91135	-20.05155	-3.8773623	4.816958	31.52359	-18.818026	11.148017	11.34282	16.43421	279.23456144332886
13	1.2	0.2	518.9055	139.39696	1011.08417	335.21326	463.84106	15.882738	486.33582	441.5869	103.208336	96.5	65000	191.61916	98.94389	342.30103	-18.388088	191.61829	98.942856	342.0921	-16.180893	193.84418	98.58858	339.95935	-19.077562	-4.307358	4.765331	31.265726	-18.923563	11.180075	11.312338	16.135424	303.3405907154083
14	1.2	0.2	513.8208	118.767456	839.61304	346.72995	596.66943	72.127014	725.50464	483.66565	102.95918	117.8	70000	192.87029	98.63467	343.22687	-23.212502	192.87042	98.63152	343.33774	-24.415785	194.95451	98.26645	342.2651	-17.269188	-4.4925313	4.6994987	36.078278	-17.504148	11.1026325	11.280575	15.656265	327.8996567726135
15	1.2	0.2	514.6724	96.484184	706.5105	344.88705	444.91217	47.806183	559.4464	387.9658	103.895836	96.5	75000	194.30338	98.877235	347.30032	-16.898703	194.30275	98.876144	345.85242	-24.964437	196.31993	98.5517	344.2154	-24.189146	-4.4772744	4.6736765	50.221825	-17.051332	10.965472	11.200365	15.122641	352.15896582603455
16	1.2	0.2	556.0479	115.46717	883.1938	344.18875	543.2871	111.62522	761.70044	422.71802	111.35555	113.9	80000	195.6331	99.49005	347.05356	-24.86971	195.63316	99.489265	346.54108	-25.502037	197.54025	99.17689	346.1973	-24.366947	-4.59275	4.5780573	36.158306	-17.103472	11.271484	11.333616	15.05873	376.7084321975708
17	1.2	0.2	594.6718	172.20401	1092.0686	312.38895	634.618	81.13913	799.9852	542.64417	121.51219	125.3	85000	198.46844	100.4656	352.78442	-19.834484	198.46844	100.46542	352.41782	-25.811121	200.4082	100.186584	351.83173	-32.775887	-4.325435	4.66075	29.125648	-17.16133	11.507687	11.5272045	15.054225	401.2652428150177
18	1.2	0.2	592.42645	138.39258	981.5444	399.91833	682.3509	211.01044	1179.9484	487.20673	117.52381	137.6	90000	202.21303	102.114975	358.78745	-16.875885	202.21277	102.11511	356.36032	-21.808363	204.08017	101.82037	355.04593	-29.649673	-4.3745337	4.625473	38.12228	-17.062485	11.534973	11.543969	14.689045	425.7943432331085
19	1.2	0.2	513.2403	103.57635	837.86847	300.19492	606.4955	95.64601	728.59924	411.2115	103.38776	120.6	95000	203.79301	102.93326	358.94028	-24.58698	203.79234	102.93352	358.84668	-20.953787	205.60718	102.627686	357.4025	-21.652544	-4.3954177	4.6309066	31.963438	-17.489162	11.699251	11.654249	14.672148	450.4857482910156
20	1.2	0.2	588.8092	157.18088	1149.5214	376.47418	453.67276	55.314156	566.2236	383.19473	115.790695	88.6	100000	205.21007	103.108536	359.30762	-20.464247	205.21031	103.107704	360.2972	-25.861158	206.97903	102.78056	358.41156	-19.30329	-4.3538375	4.57131	30.047544	-16.436808	11.557882	11.632726	14.51217	474.67355370521545
21	1.2	0.2	573.5862	130.30536	891.79	407.14896	525.2915	87.19365	723.27124	440.88992	112.318184	98.7	105000	207.279	103.66522	364.2461	-16.260323	207.27881	103.66443	362.30426	-27.464176	208.99603	103.31625	362.3788	-33.36458	-4.378651	4.6777287	33.25662	-17.753946	11.392991	11.409553	14.01943	498.88929533958435
22	1.2	0.2	591.02014	152.67955	1076.8876	365.2595	502.7768	61.537605	613.4983	410.35406	117.023254	98.4	110000	209.34183	104.18946	364.091	-20.509945	209.34232	104.18661	363.6507	-18.902145	211.00201	103.855675	361.74982	-21.254566	-4.4012523	4.677681	46.697758	-16.972174	11.463074	11.523528	13.968202	523.3380346298218
23	1.2	0.2	589.2337	182.6531	1077.7681	339.0641	564.98755	147.28946	929.34064	417.24344	115.318184	111.1	115000	210.01233	104.4111	364.4254	-24.334814	210.01257	104.409935	365.26227	-23.65346	211.61908	104.07892	362.31253	-25.378925	-4.4058547	4.7256265	34.02597	-18.217808	11.543292	11.61864	13.682725	548.2065687179565
24	1.2	0.2	539.63666	113.70313	869.397	354.3135	635.12415	163.61473	912.42236	394.6197	103.9375	124.3	120000	211.25458	104.4939	366.42383	-16.376806	211.2544	104.49235	367.1399	-23.58292	212.84158	104.16738	365.11624	-14.503957	-4.6041045	4.606457	56.159935	-17.995361	11.47163	11.629864	13.60759	572.9756786823273
25	1.2	0.2	559.9618	122.17683	892.0899	361.8538	518.40515	66.08338	701.38654	470.62015	108.95556	97.3	125000	212.96101	104.74396	370.70065	-15.448827	212.96141	104.74207	369.7507	-24.131481	214.50879	104.38957	365.49658	-16.885159	-4.592173	4.5948167	32.517902	-18.04098	11.336381	11.486653	13.153639	597.291198015213
26	1.2	0.2	573.96716	141.5919	981.2964	397.26477	569.7832	142.79538	982.67566	430.8271	113.022224	111.0	130000	214.06886	104.97619	368.24197	-19.142933	214.06882	104.97475	368.51022	-18.254206	215.5723	104.607216	366.35422	-16.98213	-4.87963	4.565528	37.30473	-16.959217	11.445628	11.489514	12.91814	622.741265296936
27	1.2	0.2	528.0492	122.55551	857.71216	336.39752	476.70782	32.496197	524.7929	391.61795	104.78723	87.9	135000	214.55754	105.22015	367.99237	-24.368326	214.55814	105.218506	367.85123	-40.559883	216.03418	104.878395	367.17914	-24.367859	-4.9184365	4.528718	37.637054	-17.43155	11.275403	11.329277	12.6364	647.1770265102386
28	1.2	0.2	567.4894	131.99373	1062.2065	382.82904	565.103	113.95524	763.09186	410.39685	111.8	110.5	140000	215.50114	105.83686	369.0926	-19.084656	215.50117	105.83541	371.04968	-25.500095	216.9422	105.499115	368.8716	-20.824757	-4.8589377	4.4800825	32.015537	-18.651567	11.443439	11.612763	12.748934	672.1670825481415
29	1.2	0.2	576.0224	144.06343	1042.3934	369.6862	682.6427	122.551186	868.81824	505.2451	114.454544	139.5	145000	216.42358	105.867195	368.69257	-24.64383	216.42393	105.865555	369.14258	-25.419353	217.83072	105.532776	368.51794	-22.279064	-4.840516	4.48195	38.68844	-17.151115	11.7098465	11.777814	12.748676	697.4024324417114
30	1.2	0.2	606.0135	157.20149	1033.9246	358.3506	532.2035	108.24866	747.7206	440.5237	119.95238	99.2	150000	217.16855	105.87461	370.24216	-35.910763	217.16904	105.87195	368.91544	-19.20801	218.52168	105.5176	368.9149	-19.520227	-5.0181413	4.4254274	36.686478	-16.79321	11.941385	12.078773	12.722418	722.3117933273315
31	1.2	0.2	571.733	133.86813	1120.6132	394.3856	542.2606	82.61893	739.8109	464.78757	110.4	101.2	155000	217.99617	105.9742	371.54883	-21.30981	217.99638	105.97298	374.5166	-26.944162	219.31044	105.590904	368.8973	-15.777156	-5.163725	4.3519015	41.072285	-16.620914	11.961134	12.03812	12.523959	747.0203566551208
32	1.2	0.2	561.2555	133.83531	913.9646	314.82843	614.7442	218.84962	1032.3633	377.98654	110.08889	124.9	160000	218.13547	105.633575	369.9462	-21.429436	218.13524	105.6322	370.5613	-22.899698	219.41545	105.255165	369.35675	-13.521906	-5.14442	4.3247333	38.881824	-18.670603	11.829176	11.901504	12.210224	772.0100703239441
33	1.2	0.2	602.3897	146.40936	1046.7917	383.25464	627.1229	97.45018	760.7706	486.94974	116.4186	119.2	165000	218.4871	105.454285	368.86166	-18.422567	218.48712	105.45369	368.39746	-36.127037	219.74646	105.08961	368.24063	-22.964863	-5.2650633	4.291196	30.097012	-17.761267	11.538395	11.659226	11.72271	797.1192071437836
34	1.2	0.2	570.0686	128.59915	969.03186	357.5237	634.3948	156.49033	1007.99164	468.33	110.31111	119.3	170000	219.44778	105.75785	367.5026	-20.901445	219.44795	105.75541	367.61203	-23.6296	220.67769	105.384796	367.24924	-23.951086	-5.2145767	4.278685	35.62347	-17.380182	11.427281	11.578111	11.585966	822.1610610485077
35	1.2	0.2	576.5757	110.954575	839.7847	397.8357	578.7148	116.04046	861.6061	466.8148	112.933334	117.7	175000	220.21872	105.78709	370.42593	-32.810165	220.21849	105.78667	369.1283	-22.620281	221.43149	105.41279	368.00385	-20.341646	-5.188913	4.3170075	31.431564	-17.351292	11.622161	11.634136	11.530763	847.6569485664368
36	1.2	0.2	603.8497	154.3328	1207.9259	398.14185	528.44604	76.86959	663.84357	447.03598	118.64286	98.2	180000	220.86168	105.88537	369.4613	-48.94148	220.86133	105.884766	370.92453	-24.525606	222.06244	105.51088	369.1192	-32.799747	-5.2232494	4.217307	32.954624	-16.654509	11.628175	11.720434	11.474719	872.5937628746033
37	1.2	0.2	683.9291	208.52808	1299.0792	389.94733	595.573	110.87191	779.191	476.72983	134.7027	121.6	185000	221.50134	106.391	371.61646	-14.574069	221.50073	106.390884	370.68958	-24.782564	222.69467	106.030594	370.31784	-18.148441	-5.0812054	4.244969	32.90382	-17.523886	11.647441	11.81441	11.337404	898.0429425239563
38	1.2	0.2	703.0515	219.82504	1343.0414	437.21246	571.541	73.025925	772.404	506.40228	138.38889	116.4	190000	222.9881	106.70165	373.54926	-19.075151	222.988	106.70252	373.8469	-29.016815	224.17293	106.32463	372.4001	-16.734404	-5.17928	4.2425604	34.079933	-16.683542	11.96364	11.940178	11.52015	923.4640929698944
39	1.2	0.2	674.8269	202.6793	1286.8059	384.5522	666.1561	123.536514	919.4601	517.58746	133.97298	130.5	195000	224.39687	106.81652	372.6332	-68.70133	224.39651	106.816154	373.0272	-49.65813	225.57413	106.43494	373.0603	-28.33618	-5.122891	4.181632	32.092804	-16.81582	11.877557	11.826685	11.222484	948.7041625976562
40	1.2	0.2	685.7853	171.26433	1283.2128	459.04288	608.20984	105.96308	774.85394	415.7689	135.08109	117.6	200000	225.54097	107.37664	376.97122	-22.9457	225.54141	107.374725	375.98944	-20.540771	226.68462	106.99573	373.92062	-29.022785	-5.307007	4.095633	36.49677	-18.793612	11.8812685	11.95793	11.25182	974.1817307472229
41	1.2	0.2	647.298	156.26004	1104.4214	389.85135	685.53625	125.563416	963.64087	524.1369	125.35	137.6	205000	226.23923	107.56805	374.83667	-19.715218	226.23949	107.567055	376.03336	-36.525646	227.38446	107.18267	375.29184	-19.464436	-5.240972	4.161446	39.05304	-17.103518	12.063451	12.120049	11.44383	999.7784640789032
42	1.2	0.2	703.85626	245.9013	1470.4874	395.688	719.34296	192.01463	1110.3486	463.46738	137.41667	141.2	210000	227.26688	107.84679	377.92593	-17.93681	227.26678	107.84531	376.5672	-41.122536	228.38379	107.47722	376.25305	-25.678816	-5.231807	4.14418	32.411648	-18.445843	12.017949	12.147851	11.088393	1025.2668769359589
43	1.2	0.2	664.1395	157.87006	1022.01996	372.1193	601.97864	83.89134	777.93396	499.36215	129.79488	113.4	215000	228.25198	108.0204	376.4599	-21.117027	228.25217	108.02005	378.48828	-30.151114	229.38759	107.652374	376.493	-17.405014	-5.143044	4.2175856	49.92459	-17.207098	11.96538	11.913187	11.178363	1050.798044681549
44	1.2	0.2	735.3209	193.16693	1189.2799	422.56805	577.73987	123.4513	744.646	384.6281	143.62857	112.8	220000	229.71834	108.64123	379.5153	-24.911592	229.71828	108.64093	378.3528	-17.006565	230.86327	108.28064	378.66617	-25.168034	-5.0691385	4.2285333	36.570854	-17.428844	11.975677	12.030581	10.973653	1076.4808859825134
45	1.2	0.2	746.85547	215.44307	1299.6656	407.3532	723.11633	281.05875	1312.2604	395.70862	147.24243	143.2	225000	230.9751	108.90864	380.72046	-16.903444	230.97508	108.908104	381.21674	-24.610075	232.09415	108.54541	380.8437	-21.544353	-5.1173053	4.171722	44.307705	-17.467983	11.97766	12.028324	11.101746	1101.7025141716003
46	1.2	0.2	719.0561	208.21811	1219.3989	414.86652	512.56165	91.93839	686.64026	373.55203	140.2973	106.0	230000	232.23782	109.64162	382.3445	-45.400574	232.23729	109.64182	383.23047	-21.124273	233.37029	109.2829	380.8359	-23.684559	-5.0238495	4.218706	42.735115	-18.117191	12.16511	12.122556	11.100604	1127.893755197525
47	1.2	0.2	631.7415	149.59093	1077.4127	411.47092	602.64105	93.97431	771.3291	460.75992	123.05	116.6	235000	233.22365	110.25391	383.33945	-36.08241	233.22392	110.25454	382.7814	-16.586119	234.33826	109.89359	383.40485	-29.091688	-5.006012	4.248245	37.922527	-18.014088	12.089017	12.128152	10.926597	1153.2814376354218
48	1.2	0.2	740.46466	212.61258	1335.5266	328.17328	692.92706	165.3543	977.4058	528.00085	148.52942	138.1	240000	234.23404	110.579895	383.9369	-22.799236	234.23347	110.58037	383.62164	-22.740482	235.35382	110.22493	384.00885	-23.559652	-5.009746	4.277049	48.01575	-16.855215	12.39671	12.422373	11.315814	1179.4541618824005
49	1.2	0.2	773.9699	218.97014	1431.7715	483.49008	783.7106	125.59041	1022.34186	610.3518	151.3125	149.9	245000	235.1058	111.2938	386.86703	-38.40513	235.10497	111.2951	387.2118	-32.017036	236.2084	110.95347	385.99548	-19.282936	-4.9384356	4.2547417	40.648586	-16.994612	12.380285	12.386907	11.119941	1205.0015096664429
50	1.2	0.2	886.0795	285.28906	1405.6869	424.12173	564.4424	41.072765	666.34894	520.2921	176.13792	105.8	250000	236.44543	111.898994	389.1025	-40.215454	236.44565	111.89893	388.54465	-34.507706	237.56699	111.5475	386.97256	-17.850576	-4.7717648	4.2828493	39.22924	-17.399977	12.602145	12.611438	11.296191	1231.0129284858704
51	1.2	0.2	784.9699	219.04837	1353.7177	475.32785	690.8583	138.70418	1004.16455	565.03094	154.54546	135.5	255000	238.43079	112.62359	390.48856	-30.078493	238.43092	112.622215	392.19952	-24.928493	239.57236	112.29599	390.95465	-27.778427	-4.7675796	4.278651	35.07628	-17.369589	12.804239	12.858877	11.397521	1257.3798899650574
52	1.2	0.2	810.9703	266.36035	1756.0122	435.44977	751.76807	132.62842	915.1852	595.0093	158.06451	145.1	260000	240.14983	113.645424	392.2987	-29.51932	240.14929	113.64584	392.12784	-30.941183	241.31236	113.32305	394.1937	-23.79971	-4.5261607	4.362975	36.58698	-16.816742	13.154708	13.071872	11.510783	1283.4974780082703
53	1.2	0.2	840.5446	246.79161	1344.5984	482.1123	545.888	42.983807	609.9518	458.52786	167.7	101.0	265000	241.35942	114.482605	395.0545	-30.292633	241.35979	114.48331	396.21967	-19.550009	242.51479	114.1746	393.85257	-26.189732	-4.566991	4.3745084	38.276527	-16.45093	13.070516	13.081733	11.49212	1309.3336007595062
54	1.2	0.2	923.47125	445.14017	2417.9114	386.35526	894.24255	180.60052	1240.2377	527.1809	182.74074	175.5	270000	243.33481	115.10679	397.17374	-28.208784	243.335	115.107155	398.97388	-39.428265	244.49352	114.78446	398.42422	-19.0099	-4.399806	4.5022087	38.322556	-18.04942	13.557984	13.53752	11.782662	1335.638994693756
55	1.2	0.2	861.4246	367.3843	1861.3378	384.99722	690.7699	113.028656	856.9765	522.97174	169.8	130.9	275000	244.593	115.57154	398.09735	-35.07342	244.59291	115.57214	396.99948	-17.28177	245.7393	115.252884	398.32343	-28.686848	-4.4305687	4.473652	65.100876	-17.786499	13.767766	13.625976	11.8025055	1362.0310997962952
56	1.2	0.2	923.9446	407.16675	2008.4447	494.67337	706.0314	129.61072	937.3316	474.09848	182.51852	136.3	280000	245.86357	116.334755	401.22205	-19.483412	245.86307	116.3369	398.74442	-19.655106	247.02802	116.025055	400.32898	-46.548058	-4.307331	4.546396	31.887018	-16.969633	14.113021	13.959758	11.991378	1387.9684784412384
57	1.2	0.2	835.6311	242.24336	1404.3406	503.36676	780.2152	231.64856	1391.1151	522.1309	168.68965	152.2	285000	247.69635	116.99884	402.21655	-31.734114	247.69626	117.000305	402.98807	-22.897928	248.86345	116.70514	402.4212	-39.170906	-4.3498588	4.512795	47.6621	-18.840334	14.276994	14.14032	12.32933	1414.0321714878082
58	1.2	0.2	999.92487	438.01044	2349.2593	470.2715	987.3237	258.85385	1520.6289	682.82855	200.23077	198.3	290000	248.93684	118.05289	403.9259	-17.801432	248.937	118.05222	403.95544	-36.855583	250.10052	117.77731	405.04895	-25.075617	-4.226439	4.594692	44.483013	-18.386091	14.477883	14.4264555	12.295905	1441.7534420490265
59	1.2	0.2	1081.1543	562.0824	2651.4966	485.51505	898.63495	215.58983	1366.8038	614.18115	218.40909	178.8	295000	251.07686	119.47651	407.1942	-40.992397	251.07715	119.47704	406.82068	-16.84746	252.2763	119.215996	405.93808	-21.523514	-3.9973965	4.640129	35.668564	-17.459723	15.138953	15.073754	12.740931	1467.9393208026886
60	1.2	0.2	1019.90765	551.29675	2783.1248	508.6779	638.36475	86.0756	855.5689	549.1833	206.16	122.6	300000	253.31633	120.87038	413.70505	-29.034052	253.31604	120.87223	411.11264	-27.663189	254.52467	120.628525	413.06818	-28.108847	-3.883669	4.724208	37.958527	-17.983564	15.891314	15.675288	13.488531	1494.6357877254486
61	1.2	0.2	1076.9517	510.40085	2195.9082	395.30637	682.9557	111.8084	966.7112	591.30286	215.47826	128.8	305000	255.44237	121.77293	413.6569	-55.305637	255.44229	121.77349	415.92566	-39.326023	256.666	121.53694	415.35864	-44.449337	-3.7276719	4.707344	50.700405	-18.322697	16.258966	16.070574	13.5266285	1520.8324615955353
62	1.2	0.2	1100.2551	616.93176	2739.8215	444.81433	574.31116	61.663303	721.8169	511.01672	216.04347	107.2	310000	257.24402	122.818436	416.49875	-14.497251	257.2441	122.81914	419.9221	-19.153067	258.48502	122.61125	417.419	-17.121613	-3.5813248	4.761892	37.001854	-17.099522	16.432583	16.370153	13.437412	1546.7822415828705
63	1.2	0.2	1115.959	429.82126	2264.524	540.6567	868.9627	313.21057	1514.6277	560.95734	223.95454	163.8	315000	259.10843	123.81052	420.03665	-33.49227	259.10782	123.81273	421.58563	-22.379581	260.36725	123.60736	419.46912	-20.45468	-3.4108493	4.8762193	44.04734	-18.859325	16.861301	16.666664	13.7965765	1573.454250574112
64	1.2	0.2	1189.3938	690.3673	3070.209	497.91196	799.286	312.94043	1662.0646	560.1471	238.2381	154.7	320000	260.7352	124.69133	423.95065	-17.902052	260.73553	124.693375	422.30362	-14.773469	261.96915	124.46485	421.33252	-38.032135	-3.4716222	4.8609004	40.127426	-17.054718	17.128424	16.892628	13.9206915	1600.2199082374573
65	1.2	0.2	1343.1284	679.0739	2930.3115	651.16327	1211.9856	408.66077	2247.81	809.1069	270.1579	240.4	325000	262.72037	125.58165	423.09726	-20.552273	262.71994	125.5838	424.2398	-21.225216	263.95773	125.36186	422.64087	-22.316103	-3.3281724	4.902509	50.929516	-16.936516	17.424444	17.123594	14.093937	1628.5141496658325
66	1.2	0.2	1240.6283	498.04953	2379.987	585.50214	1684.735	555.2898	3013.8838	935.2153	250.0	329.8	330000	265.02414	126.81203	425.0156	-36.877003	265.0241	126.81343	425.9265	-18.127625	266.31052	126.61127	427.2224	-27.109327	-3.2200131	4.9981537	49.003826	-17.502705	17.967552	17.750391	14.603087	1657.178447008133
67	1.2	0.2	1091.2844	435.31113	2582.8335	464.38477	1231.7815	670.03125	2968.7273	667.17346	219.95238	243.8	335000	266.8492	127.71738	429.54587	-23.579403	266.8494	127.718765	429.447	-38.75508	268.10974	127.49602	428.80295	-49.212933	-3.1296275	5.0182157	54.26712	-18.01824	18.658236	18.289665	15.074705	1683.731948852539
68	1.2	0.2	1559.067	1027.2737	4031.946	516.0444	1641.323	807.8227	2954.9338	524.74976	310.41177	314.9	340000	268.55258	128.22887	433.783	-19.293724	268.55255	128.23085	430.03195	-22.15421	269.80667	127.995636	430.27905	-22.312197	-3.0876992	5.0474315	40.254414	-17.282677	18.582224	18.355583	14.956253	1713.3814179897308
69	1.2	0.2	1318.5914	582.10187	3189.8782	704.35834	1724.041	1196.5681	4875.185	838.7514	258.6842	333.9	345000	270.65054	128.70197	433.55414	-27.257763	270.64935	128.70583	434.0046	-20.243816	271.94434	128.50696	435.86395	-26.889797	-3.013768	5.066564	44.078278	-18.158487	18.611126	18.27939	14.975823	1741.8753473758698
70	1.2	0.2	1358.2236	605.4735	2971.0488	604.9047	1585.4152	766.31805	3522.2102	688.5231	269.89474	310.5	350000	272.26474	129.60812	438.06766	-17.497698	272.26492	129.61122	436.44623	-20.346827	273.5504	129.39906	434.8404	-23.07913	-2.838155	5.1675253	48.097797	-17.250734	18.904642	18.66448	14.900337	1770.9192471504211
71	1.2	0.2	1613.8606	1176.0991	4170.2866	475.17255	1447.3475	837.08984	3404.9634	742.88574	318.25	280.5	355000	274.2696	130.71878	439.46024	-36.90123	274.26846	130.72215	440.42072	-22.386816	275.57452	130.51668	436.94434	-20.372751	-2.8223126	5.183586	47.49036	-16.895838	19.23222	18.86122	15.279098	1799.483152627945
72	1.2	0.2	1917.1204	1186.9922	4233.3945	597.2439	895.6343	133.05933	1096.9519	680.79346	382.92307	171.9	360000	276.53113	131.71521	443.95416	-24.342861	276.53098	131.71883	440.74854	-21.722843	277.82462	131.51897	440.92975	-21.973724	-2.6445906	5.2311597	52.01191	-18.807333	19.826672	19.46836	15.744237	1826.8784189224243
73	1.2	0.2	1584.4132	807.04456	3424.556	490.04926	1269.8754	360.69043	2082.0176	854.16693	316.15384	246.0	365000	278.12247	132.6998	442.75552	-18.563168	278.1225	132.70204	442.15646	-23.855444	279.4457	132.50586	442.1236	-33.75904	-2.7079854	5.1998296	38.507065	-16.263512	20.060942	19.672924	15.877148	1851.7662146091461
74	1.2	0.2	1729.3124	1107.0496	5036.445	500.08136	853.6779	306.47998	1429.8068	602.1714	342.46667	160.0	370000	280.05563	132.97583	445.2905	-30.817099	280.05615	132.97878	446.23938	-37.57737	281.3559	132.78482	443.03586	-34.970352	-2.5517998	5.270949	44.572105	-18.438684	20.059086	19.715647	15.718592	1879.4604151248932
75	1.2	0.2	1618.1951	1215.6567	5043.01	797.5201	1618.6619	338.56818	2329.44	999.1601	322.35294	322.7	375000	282.4063	133.84753	447.84656	-25.146364	282.40512	133.85143	448.4302	-23.416595	283.7284	133.67151	447.78076	-32.11441	-2.4491837	5.3526444	47.959496	-18.166397	20.341677	19.909452	15.851479	1910.3131561279297
76	1.2	0.2	1956.737	1321.5834	4983.8086	531.91	1085.502	470.72302	2219.62	637.4682	389.0	209.7	380000	284.85626	135.36935	451.55103	-35.41483	284.85568	135.37411	452.6121	-21.076962	286.20233	135.19885	450.46497	-28.094395	-2.3385525	5.4201155	49.055706	-19.1256	20.887423	20.47023	16.370155	1938.188416004181
77	1.2	0.2	1505.9302	1013.7068	4730.6953	587.82446	1738.5762	337.35327	2162.2942	1174.6548	301.64706	347.1	385000	287.10562	136.396	453.40048	-49.249958	287.10504	136.39926	453.95547	-42.442154	288.42975	136.1917	453.41782	-24.879602	-2.253913	5.5054426	51.142235	-16.906843	21.531796	21.200418	16.877468	1967.9453110694885
78	1.2	0.2	1506.2526	959.90533	4897.0273	522.83295	1855.8073	735.4204	3506.6184	1074.7335	300.0625	363.7	390000	287.9364	136.67497	453.1377	-19.652342	287.93628	136.67938	456.97757	-41.7772	289.23032	136.45808	452.53238	-44.040504	-2.3537931	5.474706	47.988014	-18.002293	22.079538	21.505484	17.075626	1996.6293666362762
79	1.2	0.2	1923.9913	982.14166	3978.1067	809.5951	1105.3743	400.4671	1770.3094	639.45667	380.64285	218.9	395000	289.12357	137.37474	455.92657	-35.912193	289.12204	137.3798	457.30878	-38.363987	290.3895	137.17004	453.87622	-39.236137	-2.3918881	5.4842043	53.175728	-17.780241	22.23007	21.871716	17.215973	2025.9150462150574
80	1.2	0.2	1686.65	1074.0244	4625.993	687.3898	1511.6196	578.2985	3017.7258	869.3035	335.57144	291.9	400000	290.2618	136.96269	455.642	-27.8458	290.2611	136.96753	461.97375	-32.124294	291.54004	136.75055	452.71667	-22.706953	-2.413502	5.486934	50.343536	-17.196703	22.271389	21.89924	16.810465	2053.6716253757477
81	1.2	0.2	1379.8087	594.13934	3035.7935	552.12146	1094.7432	417.5088	2073.1138	769.2162	274.0	211.6	405000	291.42355	137.45232	457.5933	-39.46481	291.423	137.45695	456.84283	-34.023403	292.7065	137.2387	455.308	-31.55807	-2.3678007	5.4553833	49.037365	-17.160429	22.299585	21.820026	16.978703	2082.5495085716248
82	1.2	0.2	2455.6802	1369.3916	4917.7856	838.1628	1707.5693	1021.5103	4347.375	891.86615	489.0	338.7	410000	292.78125	137.93848	458.13464	-32.22501	292.77936	137.9444	456.87317	-22.708218	294.03687	137.73703	457.39716	-27.152128	-2.3759096	5.460418	75.53402	-18.018904	22.32061	21.879189	17.106777	2111.6020386219025
83	1.2	0.2	2007.2374	827.40967	3551.6238	990.39996	1328.5248	315.31638	1965.5178	908.10425	398.54544	260.6	415000	294.09433	138.30933	456.71808	-23.258629	294.0937	138.31511	457.15686	-22.602665	295.34747	138.10019	456.9257	-26.869503	-2.3837361	5.470798	51.16126	-17.374517	22.6945	22.134523	17.072477	2138.1530351638794
84	1.2	0.2	1884.6014	1417.1577	5026.1196	581.8003	1335.0747	578.05475	2596.675	803.76	379.26666	266.1	420000	296.03165	138.52348	461.55972	-31.821924	296.03064	138.52766	460.5941	-41.274437	297.28976	138.29718	459.34726	-46.601128	-2.3652806	5.429129	57.505505	-17.910757	22.676317	22.255949	17.149902	2169.422475337982
85	1.2	0.2	1471.8665	496.27075	2432.7202	562.4409	1271.5607	258.8536	1739.3245	955.9414	293.70587	251.2	425000	298.62158	139.407	464.00595	-52.588272	298.62128	139.41177	462.26215	-29.873756	299.9322	139.19165	461.05386	-37.337025	-2.2689738	5.506737	55.08602	-16.502384	22.765167	22.436342	17.267292	2198.0166852474213
86	1.2	0.2	1529.4333	654.21234	3248.9768	775.8921	3022.0718	1371.9974	5115.5493	1251.399	302.64706	597.0	430000	300.18057	140.67184	465.50177	-18.590303	300.17923	140.67708	462.3974	-31.528736	301.44977	140.45358	464.30716	-39.245224	-2.299694	5.5194488	54.111595	-19.852278	23.26474	22.9	17.353504	2230.9028193950653
87	1.2	0.2	1978.4237	1134.4518	4731.957	632.55334	1681.2834	919.3276	3106.9631	748.498	391.75	332.5	435000	301.01428	140.92516	468.76672	-24.999884	301.0122	140.93164	468.26138	-17.664234	302.3112	140.68385	463.29044	-30.401752	-2.2512136	5.6388116	63.51196	-17.685759	23.445486	23.084173	17.657278	2259.8830754756927
88	1.2	0.2	1987.5017	1341.0402	4905.1875	792.6522	1867.3044	880.61163	4141.3086	893.4129	400.46155	369.7	440000	302.43146	141.3696	469.21246	-38.705505	302.4306	141.3757	470.0301	-33.073704	303.71097	141.16573	465.64938	-34.629066	-2.1932406	5.610439	60.310253	-18.318884	23.73967	23.306501	17.67506	2290.6043984889984
89	1.2	0.2	2662.856	1205.4618	4904.1606	1030.9967	2131.1577	1438.4166	5012.1807	823.07904	535.625	421.7	445000	303.8012	141.75398	468.70612	-33.01798	303.7982	141.76295	469.9953	-27.242254	305.033	141.53502	466.32016	-27.393026	-2.2669764	5.580294	47.665234	-16.79782	23.986984	23.465403	17.97039	2318.753815174103
90	1.2	0.2	2202.1318	1410.6927	4916.283	742.06964	672.33075	219.30112	1173.4497	431.04794	438.69232	130.3	450000	305.43732	141.9774	470.22726	-35.81296	305.43558	141.9834	469.72928	-24.15825	306.71817	141.76814	468.2667	-28.152597	-2.12445	5.563805	53.772736	-17.358246	23.835716	23.6206	17.909552	2348.8784449100494
91	1.2	0.2	1990.2307	1392.3333	5046.5767	586.1697	1427.4479	462.99866	2129.894	836.64984	390.76923	275.4	455000	307.29852	142.81302	470.85806	-39.08177	307.2947	142.82309	472.3342	-33.05922	308.5462	142.61601	470.47	-39.44132	-2.1507845	5.617579	52.676575	-16.765951	24.535166	24.22551	18.094513	2378.4512271881104
92	1.2	0.2	1930.4542	1237.0175	4998.72	696.172	1498.0605	879.43024	3787.8157	782.8738	385.5	295.1	460000	308.2206	143.72318	473.4644	-28.206926	308.21637	143.73483	473.0959	-39.17464	309.47083	143.53673	471.23383	-42.799896	-2.2080123	5.7034307	56.650105	-16.900452	24.752203	24.380478	18.196499	2406.5584836006165
93	1.2	0.2	1703.5046	920.3036	4503.6104	702.8815	2218.262	893.4435	4779.0674	1601.1549	338.0	445.2	465000	309.23013	143.61026	473.3669	-35.873104	309.2266	143.62166	471.88892	-36.41651	310.45602	143.41095	470.7293	-48.380116	-2.1601834	5.700199	52.86955	-17.971558	24.907755	24.397224	18.292267	2438.976115465164
94	1.2	0.2	2385.52	954.0796	3791.0405	763.4447	1259.7758	237.77234	1634.9236	852.56134	471.5	245.0	470000	310.43277	144.28876	474.84512	-27.91194	310.427	144.3026	475.61844	-25.8197	311.68027	144.09215	475.12988	-39.63331	-2.1260915	5.690528	60.719086	-17.014393	24.860481	24.52549	18.24255	2466.8810544013977
95	1.2	0.2	2184.337	1282.1466	5028.5884	542.2375	1817.4781	996.2114	4402.8066	806.80426	435.08334	355.8	475000	311.1673	144.65543	477.9511	-51.560303	311.16245	144.66971	479.59955	-54.31903	312.36438	144.48347	475.33417	-51.752705	-2.096296	5.628936	81.093575	-17.423086	25.301865	24.930046	18.427624	2497.7710213661194
96	1.2	0.2	2487.8186	1300.4055	4964.26	812.96924	1280.0582	340.13562	1876.704	709.7146	493.3	253.8	480000	312.19443	145.18652	477.68307	-45.655567	312.1899	145.19841	477.37033	-35.336105	313.42694	145.0231	479.6101	-61.80852	-1.8708715	5.695534	58.563908	-16.66967	25.902903	25.659822	18.919407	2526.6456038951874
97	1.2	0.2	1956.295	867.95184	3739.8428	980.5709	2012.7181	767.9202	3639.5498	539.96576	384.16666	394.6	485000	313.54617	145.60764	479.1985	-23.335794	313.54346	145.61658	481.17075	-32.908016	314.79868	145.44572	481.2138	-42.062157	-1.9662154	5.68458	49.906185	-17.081167	25.521235	25.194185	18.64517	2556.007599592209
98	1.2	0.2	2069.6174	960.1253	3934.7795	738.84143	1229.4451	409.79025	1889.7048	565.77325	408.84616	244.3	490000	315.9661	146.0159	481.8272	-37.550217	315.9631	146.02419	480.44165	-40.380527	317.2456	145.8491	481.8358	-51.244205	-1.8099464	5.7451944	61.966343	-17.899118	25.544777	25.305832	18.591005	2586.3618626594543
99	1.2	0.2	2554.6401	1375.0352	5003.165	1086.4362	1033.1274	382.62958	1923.8153	702.25183	504.0	199.9	495000	318.10242	147.26707	486.86255	-42.409756	318.09943	147.27495	485.0478	-58.644615	319.38608	147.1202	482.43533	-54.934658	-1.6765158	5.832981	99.51713	-18.593002	25.99975	25.681503	19.0829	2615.081323623657
100	1.2	0.2	1581.3999	796.43195	3363.8157	666.1391	2391.8247	832.6719	3731.612	1258.549	312.2	474.7	500000	320.3033	148.20985	485.51663	-42.58041	320.3015	148.21382	486.5262	-38.729435	321.5746	148.0359	485.24698	-73.42776	-1.6063873	5.8778987	64.044365	-19.2685	26.311815	26.050434	18.928816	2645.5518338680267
101	1.2	0.2	2110.7698	1273.6456	5066.081	465.2577	1820.0664	612.4031	3259.1018	1149.3065	419.30768	356.2	505000	320.8365	148.05467	487.37677	-24.530474	320.83734	148.05714	487.13486	-26.436264	322.10748	147.86638	486.80417	-35.219868	-1.682644	5.7746544	56.771103	-17.2772	26.353756	26.075462	19.006363	2677.7392098903656
102	1.2	0.2	2172.222	1155.4142	4529.492	888.6447	1873.224	1542.8794	5129.646	678.40515	435.45456	362.5	510000	322.44513	148.21979	489.47614	-46.49339	322.44592	148.21997	488.68472	-59.789036	323.71515	148.0408	486.5395	-43.44497	-1.820481	5.795781	63.50301	-17.075954	26.468174	26.018114	19.132698	2707.4813101291656
103	1.2	0.2	2238.3525	1222.989	4890.562	630.5229	2227.5872	1319.9006	4735.128	814.6117	442.7	440.0	515000	324.01407	148.55159	488.27667	-24.804646	324.01553	148.55048	491.07352	-33.975388	325.23996	148.35281	490.0628	-32.835785	-1.9257054	5.737958	81.836266	-18.57097	26.601551	26.069448	19.117283	2736.7821068763733
104	1.2	0.2	2831.9504	1370.0773	4967.1113	1104.6506	1344.2657	288.33334	1737.0331	864.50397	564.0	264.1	520000	324.61646	148.69954	491.81845	-30.254152	324.6186	148.69704	490.45184	-60.061348	325.8331	148.49457	489.85947	-40.94964	-1.8937496	5.7269006	54.954018	-18.861258	26.926516	26.579214	19.35952	2768.62206864357
105	1.2	0.2	1939.7075	1175.1311	5024.841	600.9274	1132.8011	166.10098	1495.506	918.60156	378.66666	218.9	525000	324.64368	148.3738	491.4228	-32.01123	324.64694	148.37134	489.2728	-43.579258	325.88193	148.17975	489.16168	-50.101707	-1.7439904	5.858244	63.93948	-17.830496	27.671366	27.210127	19.618683	2796.2626237869263
106	1.2	0.2	2152.4792	1413.238	4930.8145	618.43756	1352.3259	452.86035	2642.786	922.4292	425.30768	267.3	530000	325.5755	148.32414	490.42175	-30.076954	325.5788	148.31877	492.08914	-44.16751	326.79797	148.11588	490.53918	-48.30152	-1.7639304	5.8937707	52.92146	-17.80593	27.209656	26.819288	19.341822	2828.180553674698
107	1.2	0.2	2806.5947	1552.5763	4872.329	756.70026	1574.1207	440.65118	2102.602	683.7611	566.3333	313.9	535000	326.66446	148.21451	490.66193	-46.229073	326.6669	148.21248	490.3166	-46.954014	327.94843	148.00542	490.63004	-39.66492	-1.7437092	5.8512626	88.65903	-17.355715	26.837978	26.410189	19.043562	2858.8934655189514
108	1.2	0.2	2027.527	1221.9363	5024.0747	525.127	1202.2151	301.90488	1680.2341	718.8004	404.16666	226.8	540000	329.13278	148.85109	492.18848	-45.605713	329.1369	148.8463	492.3516	-51.440582	330.38864	148.65392	493.55557	-48.085903	-1.9337932	5.790472	62.740013	-16.381294	26.825113	26.380629	19.02452	2888.0120961666107
109	1.2	0.2	1787.3997	751.69604	3546.59	876.6921	2708.3696	1706.8878	5032.8037	600.7593	352.23077	533.3	545000	330.7215	149.02786	492.12265	-45.657307	330.72372	149.02528	493.33734	-53.64524	331.96213	148.7958	491.80142	-57.28136	-1.8779435	5.839593	60.77565	-17.190533	26.56395	26.291142	18.786184	2918.8938567638397
110	1.2	0.2	2148.7788	1233.5762	4981.105	815.5095	1338.138	1234.0508	4992.7144	725.9787	428.81818	274.8	550000	331.85648	148.88753	493.26093	-47.209835	331.86057	148.88217	492.2501	-31.944706	333.08994	148.67206	492.5259	-45.079105	-1.8715628	5.763306	58.18242	-16.220303	26.78693	26.102114	18.676926	2948.096429347992
111	1.2	0.2	2899.214	1223.3452	5048.6577	1260.2357	1213.7668	368.9413	2115.6438	795.6818	572.0	232.7	555000	333.0001	149.37105	496.25705	-54.82511	333.00266	149.36893	493.77814	-51.34458	334.23123	149.13867	493.73056	-35.875435	-1.8775966	5.84799	57.458057	-16.543116	26.771454	26.18341	18.755133	2980.3184983730316
112	1.2	0.2	3064.7964	1218.1865	5090.215	1498.9156	1717.5765	737.6055	3198.4458	917.5366	608.25	339.2	560000	334.47537	149.79013	499.2712	-50.46061	334.4786	149.78526	494.28668	-65.951706	335.71103	149.55779	495.78546	-95.27977	-1.8822376	5.8691974	64.44525	-17.084465	26.891743	26.377861	19.03158	3010.5796554088593
113	1.2	0.2	2518.898	1485.4241	5052.017	810.70447	1588.035	717.2333	2932.464	814.3301	497.2	307.7	565000	335.91504	150.0367	499.87466	-45.886032	335.9192	150.03413	496.81006	-57.859787	337.1322	149.80157	495.39203	-50.231884	-1.8646888	5.924296	71.04116	-17.134342	26.729464	26.020288	18.630293	3040.9865942001343
114	1.2	0.2	2642.592	1686.463	5008.5645	851.1398	2630.0942	1493.0896	5130.277	744.7157	528.6	514.3	570000	337.4513	150.11232	499.77948	-48.388054	337.45407	150.1099	499.20847	-53.421753	338.6942	149.87497	497.25595	-53.587254	-1.9376428	5.8637304	90.84571	-18.33892	26.75687	26.120436	18.986898	3074.6627900600433
115	1.2	0.2	2360.7217	1288.7452	5054.3203	933.6671	2353.8032	788.0437	4014.3574	1236.3164	469.5	460.1	575000	338.3272	150.51862	506.00513	-36.987625	338.32947	150.51683	499.00977	-49.57158	339.56	150.28117	499.99945	-64.14745	-1.8535557	5.8738246	71.15289	-18.202219	26.75657	26.172035	18.48669	3105.7757210731506
116	1.2	0.2	2943.086	1604.5396	5029.7256	878.9574	1982.6764	694.8544	3372.587	953.2059	590.2222	390.2	580000	340.52042	150.57832	501.3555	-34.235905	340.52377	150.57518	499.76837	-43.180397	341.7646	150.34201	499.87073	-57.251926	-1.7388884	5.922565	75.259026	-18.124739	26.894737	26.254475	18.60536	3138.354307413101
117	1.2	0.2	3244.5352	1472.2632	4993.2085	1594.5403	3110.4355	1333.3842	5105.3022	1453.1692	657.4286	626.6	585000	341.7381	150.77425	500.6691	-38.779957	341.7416	150.77058	501.446	-26.9068	342.94174	150.51457	500.36865	-37.304474	-1.8036189	5.9303193	69.97823	-16.705717	27.18427	26.676971	19.026072	3171.1494646072388
118	1.2	0.2	2916.4937	1727.3287	5026.0835	542.3745	3660.3215	1439.235	5042.5557	1081.0288	583.75	732.8	590000	343.00482	151.23251	504.99704	-59.343964	343.00778	151.2293	502.45132	-33.3473	344.25385	150.95743	501.9248	-51.5804	-1.785782	6.024482	60.17267	-16.329243	27.096863	26.53183	18.530296	3205.089624643326
119	1.2	0.2	3172.6924	1523.5061	5044.375	856.08405	1847.6504	781.94476	3790.4001	841.19385	625.1111	369.3	595000	345.08905	151.15881	505.50528	-42.035965	345.0921	151.15553	504.3004	-54.720318	346.31433	150.89812	501.6989	-45.19362	-1.9341662	5.953197	62.35699	-17.897657	27.000647	26.577217	18.698824	3238.6034219264984
120	1.2	0.2	2412.9404	1376.1528	4869.183	719.825	2644.6938	1027.7751	5032.126	1371.9845	485.55554	532.7	600000	345.99933	151.21365	503.8284	-48.51885	346.00226	151.21027	503.20596	-32.95559	347.2398	150.9302	502.47427	-21.543665	-1.9476663	5.8825436	78.73238	-17.170403	26.709286	26.159145	18.630764	3269.612646818161
121	1.2	0.2	3522.4983	1456.7456	5005.133	798.57764	2021.8961	1134.0654	4914.783	860.81616	702.7143	403.1	605000	346.77744	151.19817	506.18808	-49.33741	346.78018	151.19814	508.20062	-48.754417	347.99118	150.91808	504.119	-44.740227	-1.88649	5.878061	79.297455	-18.11215	26.852486	26.147236	18.44343	3301.188794851303
122	1.2	0.2	2787.7046	1844.4753	5016.3955	846.48834	2954.6133	1937.6338	5157.35	537.88226	563.9	574.0	610000	348.43832	150.94476	504.55023	-36.505135	348.44067	150.94366	503.755	-30.0839	349.6625	150.65382	503.60385	-52.151028	-1.860612	5.8915405	58.465824	-17.89419	27.066418	26.45283	18.417225	3337.160677909851
123	1.2	0.2	3804.9788	1362.2504	5119.263	1471.8922	2626.6355	1434.5383	5067.8687	1047.5997	759.0	520.7	615000	349.0784	151.29889	507.45337	-53.29193	349.0816	151.29509	503.4197	-51.62861	350.2863	151.00948	502.28983	-46.083374	-1.9974552	5.8937993	66.916504	-16.71489	26.796127	26.261463	18.515745	3368.7288665771484
124	1.2	0.2	2780.2698	1989.5875	5074.8105	591.81305	3839.5867	1740.7306	5139.114	859.70605	549.6667	754.0	620000	350.7415	151.39886	506.21814	-41.40249	350.7441	151.39615	505.26083	-46.030064	351.9497	151.08835	505.98615	-50.716766	-2.0697782	5.9962964	60.25783	-17.221941	26.766987	26.276094	18.722502	3404.0013666152954
125	1.2	0.2	3083.8518	1553.454	5065.936	984.199	1629.3555	660.4117	2903.79	975.0885	611.8889	318.2	625000	352.49078	151.74174	505.99615	-70.70277	352.49283	151.74059	508.5431	-47.396427	353.7297	151.44669	505.46045	-45.74121	-1.9630806	5.9629173	67.02973	-16.649384	26.75274	26.284277	18.454273	3436.970085144043
126	1.2	0.2	2880.3945	1591.1255	5119.3633	909.5582	3083.695	1527.4396	5058.7974	1376.7847	570.7778	616.3	630000	354.55557	151.78383	510.55078	-32.938923	354.55853	151.78156	507.10413	-44.607845	355.78558	151.49028	507.27423	-32.355335	-1.9210019	6.020363	57.964645	-16.449766	26.379965	25.781914	18.467913	3471.4891471862793
127	1.2	0.2	4162.712	1513.5002	5021.384	817.53	3440.5767	1455.5996	5081.9937	1004.8553	828.5	680.0	635000	355.46503	152.41045	509.41724	-20.446602	355.46756	152.40884	508.76294	-27.488813	356.6895	152.09091	507.87946	-34.051487	-1.8356385	6.05088	78.63619	-17.70115	26.560394	26.140594	18.451963	3506.5174992084503
128	1.2	0.2	2918.7832	1683.9785	5115.3223	763.6558	1517.5828	528.48785	2806.4797	891.45374	576.125	289.5	640000	356.89288	152.22386	508.5307	-30.69781	356.89554	152.22092	510.95883	-35.55653	358.16083	151.8831	509.08887	-25.457226	-1.8047874	6.082705	57.419632	-17.326735	26.797693	26.40612	18.627264	3536.120017528534
129	1.2	0.2	3643.2092	1478.788	5124.718	684.5402	2913.88	1790.1641	5237.128	689.5086	715.2857	557.8	645000	358.47385	152.0114	514.29535	-23.140333	358.47604	152.00923	512.1547	-33.8093	359.7126	151.67798	509.68042	-27.16376	-1.9171318	6.003065	82.329575	-16.285355	27.026712	26.429548	18.719736	3569.8319120407104
130	1.2	0.2	2933.7837	1385.8473	4967.953	729.026	3372.3706	1671.3698	5259.7236	981.94324	582.25	650.9	650000	359.47238	152.76862	510.73813	-45.975754	359.47467	152.76762	512.1332	-40.5329	360.71014	152.43945	510.91516	-31.525023	-1.8780936	6.0350876	71.51158	-17.116507	26.60799	26.180372	18.646532	3603.4468121528625
131	1.2	0.2	3623.7004	1687.1418	5124.137	1148.1627	2173.1704	1135.3787	5246.383	1199.2137	714.1429	419.0	655000	361.2423	152.75865	511.6196	-60.624126	361.24417	152.75711	511.45654	-80.76359	362.4951	152.43709	511.69382	-54.760994	-1.9274035	6.052336	72.85704	-17.563646	26.598404	26.312338	18.178875	3636.006725549698
132	1.2	0.2	3284.8394	1231.8251	5102.7407	1289.536	3068.8735	1165.8525	4918.043	1366.7037	645.375	617.5	660000	362.378	152.87581	510.7958	-45.35283	362.37958	152.87526	511.9715	-31.858871	363.60797	152.53378	518.1913	-73.365105	-1.8544176	6.0612626	74.869965	-16.91972	27.067724	26.48623	18.946619	3671.016956090927
133	1.2	0.2	3685.4631	1233.0236	5064.339	2207.4314	2211.5747	1022.9717	4140.13	1055.5175	736.7143	434.1	665000	363.7712	153.31027	514.8133	-37.606636	363.77356	153.30879	512.5742	-59.763554	365.03064	152.97917	513.07715	-29.219246	-1.9971949	6.0640435	80.99436	-17.6182	26.618862	25.980015	18.555546	3704.6486163139343
134	1.2	0.2	2916.886	1620.3685	5079.187	827.01575	2364.9106	1352.1187	4962.0654	1007.4046	578.44446	470.4	670000	365.29596	153.92952	515.3142	-28.73309	365.29797	153.92828	514.31946	-34.920963	366.54633	153.6097	514.6577	-69.331696	-1.9338257	6.0197515	75.69294	-17.983095	26.775312	26.314955	18.456768	3738.4765105247498
135	1.2	0.2	3776.3613	1270.4042	5097.0537	1802.8785	4109.698	835.029	5082.694	2866.361	763.1667	809.7	675000	366.81818	153.75746	519.0646	-28.951988	366.8199	153.7581	515.56165	-46.87235	368.0656	153.40994	517.144	-24.838371	-1.8997746	6.1087766	60.630875	-19.451706	27.531942	26.820478	18.627789	3773.903320789337
136	1.2	0.2	3484.6086	1891.5828	5039.0166	519.4397	3869.4883	1847.6941	5074.777	674.5486	691.1429	762.7	680000	367.61874	153.43332	515.91187	-41.865887	367.62057	153.43152	516.0685	-35.090717	368.83667	153.0714	517.3704	-38.9855	-1.9099149	6.0682397	70.5698	-16.357634	26.879356	26.48787	18.526411	3809.687926530838
137	1.2	0.2	2673.5095	1264.9625	4940.9155	725.3819	5017.1055	12.535457	5033.7744	4992.2466	529.2727	1000.0	685000	367.7866	153.4806	516.5476	-40.924717	367.78873	153.47855	516.15875	-32.37261	369.00772	153.12514	516.79767	-34.97896	-1.894472	6.1230044	72.43652	-16.873203	27.231762	26.780687	18.8607	3851.463238477707
138	1.2	0.2	2642.885	1272.8706	5016.661	957.8003	1202.0535	394.94632	1926.7598	744.0655	523.1111	228.1	690000	369.3848	153.35522	516.21246	-26.508501	369.38678	153.35257	519.2015	-47.32244	370.6252	152.99153	517.0954	-27.123724	-1.9098488	6.174238	87.00441	-18.713097	26.576044	26.181778	18.356607	3881.2704150676727
139	1.2	0.2	3731.159	1261.9423	5063.8955	1559.2343	3390.0708	1574.9788	5149.4673	1244.7771	737.8571	663.4	695000	370.51144	153.57628	518.7527	-31.428127	370.51425	153.57396	519.8596	-42.122253	371.73517	153.23442	517.3414	-27.666529	-1.9547966	6.105809	64.25603	-18.02441	27.133621	26.548325	18.664124	3917.075831890106
140	1.2	0.2	3239.0151	1505.3138	5142.1353	1150.5121	3984.8247	1457.2191	5139.2793	1015.4825	635.2857	780.3	700000	371.7026	153.6615	529.78485	-26.26275	371.7038	153.66248	518.11127	-31.328274	372.922	153.35808	519.6103	-63.932484	-1.9385499	6.101587	55.136505	-17.936386	27.478304	26.89858	18.652866	3951.555496931076
141	1.2	0.2	4012.158	1115.7404	5054.033	2357.0942	2999.246	1658.9902	5136.476	860.07874	793.8333	585.3	705000	372.2008	154.24275	520.4715	-25.873362	372.20294	154.24268	520.5399	-55.22623	373.40356	153.89012	517.8756	-25.211782	-1.9448417	6.125606	80.05739	-16.498232	27.770687	27.119211	18.874277	3985.3568484783173
142	1.2	0.2	2834.9697	1676.4907	5185.28	713.61865	2878.69	1210.704	4995.87	1022.6973	555.1111	566.7	710000	373.0951	154.20076	530.76984	-24.760689	373.09705	154.19995	521.19147	-31.668331	374.3415	153.85759	519.19293	-27.728842	-1.7660582	6.161209	59.926132	-18.972263	27.316246	26.76458	18.776234	4019.906672477722
143	1.2	0.2	3621.421	1643.9592	5119.0947	994.6041	3166.2307	1168.7917	4947.417	1073.257	717.5	633.1	715000	375.12906	154.35303	520.906	-33.417965	375.13022	154.35289	520.9528	-37.200565	376.36047	154.00388	520.7732	-24.77372	-1.758096	6.1705575	80.95974	-16.842514	27.752121	27.30755	18.801064	4057.6043934822083
144	1.2	0.2	4580.628	803.3228	5057.132	2976.325	2024.7947	1182.6539	4140.405	620.0664	917.8	397.8	720000	376.50104	154.08212	520.8234	-39.21189	376.50278	154.0814	520.95105	-41.56228	377.73392	153.72577	521.4103	-46.323383	-2.0323906	6.1604238	66.82671	-17.360737	26.920109	26.51984	18.426388	4089.3402955532074
145	1.2	0.2	3429.0664	1719.0382	5129.2954	718.08246	1270.8586	435.61136	2011.9355	784.69904	678.125	246.3	725000	378.4447	154.13742	536.9381	-40.855263	378.44666	154.13498	523.99896	-61.753193	379.6924	153.77385	524.4874	-33.61184	-1.8512502	6.194556	70.83195	-17.582848	27.036095	26.555418	18.48947	4122.2223427295685
146	1.2	0.2	2929.9849	1347.3099	5018.601	1153.7804	2920.8872	1363.4912	5030.709	697.5095	585.375	579.5	730000	378.97665	154.44443	538.3559	-42.662464	378.97876	154.44241	523.6126	-51.338516	380.2265	154.04869	521.9147	-41.812794	-2.0207121	6.2105956	72.99957	-18.715448	27.404638	26.942625	18.823713	4156.034412622452
147	1.2	0.2	3595.729	1482.3741	5059.373	1033.8475	3206.6584	1410.5825	5055.7207	687.06006	714.2857	628.9	735000	380.26392	154.25082	525.2053	-39.055595	380.2651	154.25159	527.46204	-45.066433	381.48462	153.88074	523.41956	-34.07538	-2.0665035	6.2007627	88.1594	-17.29445	27.480337	26.86243	18.639696	4191.181912660599
148	1.2	0.2	3912.1406	1255.8057	4996.0186	1133.0063	706.07086	64.5479	833.45966	609.25323	775.5714	134.7	740000	380.86353	154.60802	537.74646	-47.548214	380.8646	154.60721	524.4375	-50.102207	382.05246	154.23831	524.2951	-65.96604	-2.0084085	6.2093067	65.51633	-17.591236	27.544834	27.26877	18.862186	4223.082797527313
149	1.2	0.2	2711.3196	1473.4141	5017.8394	841.68665	5051.165	43.181267	5121.5737	4986.457	542.55554	1000.0	745000	380.7885	154.44127	525.76337	-43.215748	380.78918	154.4421	523.3741	-53.29008	382.00986	154.0441	523.385	-35.688747	-1.8839954	6.33513	65.23111	-17.643148	28.067421	27.642836	19.04099	4262.866859197617
150	1.2	0.2	4338.625	1290.2637	5037.8057	1759.8937	3179.9858	1458.2809	5001.9136	1649.6047	870.0	642.1	750000	381.81787	153.88431	523.2193	-25.707735	381.81958	153.88397	524.1486	-43.861298	383.02496	153.49013	523.432	-39.986816	-1.966549	6.2733173	85.145905	-17.3094	28.158545	27.672663	19.180338	4296.323729515076
151	1.2	0.2	3218.426	1388.6493	5005.8037	1115.2267	3213.4429	1754.989	5115.48	798.4842	640.1111	625.6	755000	383.25803	153.52713	524.2362	-24.912971	383.25912	153.52657	529.4627	-29.332512	384.472	153.1388	524.7003	-47.77139	-1.9844428	6.2988057	80.84404	-17.300234	27.876827	27.533718	18.89457	4334.533980846405
152	1.2	0.2	3501.3677	1223.3602	5058.5464	1746.6938	1706.9479	692.441	3184.0667	951.2241	692.0	328.8	760000	384.03235	154.1219	525.439	-36.49076	384.03397	154.12253	525.1992	-32.009274	385.22107	153.72675	524.45026	-47.96881	-2.1067805	6.3121114	74.66409	-17.286684	28.054613	27.512863	19.073654	4366.499346733093
153	1.2	0.2	3452.1384	1624.6101	5094.355	1187.8746	4929.197	591.2695	5263.3813	3703.067	685.8571	943.2	765000	385.2177	154.07027	526.281	-52.136253	385.21838	154.07092	522.95703	-39.081394	386.40747	153.68625	524.2716	-45.805798	-2.151275	6.331904	70.9231	-17.568277	27.856508	27.356997	18.765099	4404.192156076431
154	1.2	0.2	3780.45	1303.6339	5034.6895	1618.2976	1819.6549	1372.1416	5059.0537	869.52026	756.1667	353.5	770000	386.1614	154.22168	527.0119	-25.757168	386.16348	154.22267	525.3168	-36.115814	387.35577	153.83562	524.2283	-29.52924	-1.9993702	6.354264	107.86304	-17.519094	28.083136	27.449236	18.95901	4435.442534446716
155	1.2	0.2	3565.6643	1736.4368	5084.849	848.91693	2911.0815	1760.1582	5199.269	867.40466	711.8571	564.4	775000	387.50504	153.93567	525.8079	-30.811602	387.50677	153.93315	525.3266	-40.503944	388.65277	153.53268	524.8412	-54.725735	-2.091496	6.27977	99.209885	-17.399254	27.846691	27.462723	19.100908	4469.999778747559
156	1.2	0.2	3111.256	1770.271	5067.938	826.9759	2026.6937	1575.4944	5175.527	870.78516	617.6667	405.2	780000	386.5983	154.2125	539.4352	-41.984123	386.59967	154.21298	531.75	-66.65969	387.76422	153.82634	526.1909	-48.48829	-2.0381787	6.3211193	80.30247	-17.12019	28.107985	27.503418	18.776905	4505.572334527969
157	1.2	0.2	3018.7744	1425.7981	5121.5195	1250.2375	2530.3386	996.8402	4181.7734	916.0457	591.7778	499.2	785000	387.5795	153.64923	526.27496	-35.81136	387.58087	153.65012	528.3804	-62.0839	388.75412	153.25261	524.6044	-72.94807	-2.0507634	6.2923636	78.27062	-16.441353	28.251217	27.8651	19.389812	4541.096938610077
158	1.2	0.2	3878.7644	1418.8622	5097.924	1098.9446	4428.12	1170.5763	5145.327	1633.9052	768.8333	862.3	790000	388.17813	153.70593	530.3588	-57.171932	388.17984	153.70485	527.333	-62.604626	389.36435	153.29861	525.9252	-56.363632	-2.1507804	6.253833	65.83582	-16.49003	28.090448	27.654663	18.825062	4577.823748350143
159	1.2	0.2	3373.9553	1582.8904	5084.3936	811.4787	2943.764	1838.2704	5191.015	749.8004	667.5	570.3	795000	389.60577	153.34962	527.0327	-28.898869	389.60654	153.3513	527.57294	-27.826777	390.7729	152.96646	526.3009	-48.84329	-2.1433673	6.3144274	69.41155	-17.056614	28.06458	27.34983	18.844254	4614.034263372421
160	1.2	0.2	3439.5483	1668.0571	5123.012	1370.3478	3252.3162	1448.771	5123.0747	821.3658	677.8571	640.8	800000	389.9377	153.72055	526.02515	-29.060413	389.93866	153.72177	526.02954	-26.745213	391.0959	153.33337	526.0678	-30.04599	-2.2035549	6.317249	72.00362	-18.334044	27.774261	27.46697	18.69374	4649.149952888489
161	1.2	0.2	4411.4565	1249.3209	5224.5	1694.589	2437.7524	1228.0278	5239.489	1078.7146	862.8333	466.7	805000	390.8637	153.65802	536.26874	-31.600485	390.8653	153.65695	526.4261	-38.03076	391.98965	153.25171	527.08673	-30.435587	-2.1777272	6.315641	119.25102	-17.518032	27.72003	27.333996	18.811745	4683.747995853424
162	1.2	0.2	2831.33	1486.3474	5027.3306	635.924	1562.8226	657.28314	2677.5598	838.8478	555.8889	297.9	810000	391.40048	153.01263	529.7602	-28.613487	391.4005	153.01436	531.2959	-37.480854	392.55887	152.59686	526.84845	-33.440163	-2.2068038	6.3661222	74.617424	-17.304628	27.824024	27.316517	18.742249	4716.566148757935
163	1.2	0.2	3711.5156	1515.4075	5066.2764	1323.4607	2312.247	978.49567	4324.7876	1057.4073	731.5714	462.7	815000	391.20004	153.5458	528.4551	-32.60086	391.19992	153.54675	528.9796	-41.42053	392.3274	153.15552	527.38055	-38.500107	-2.2224865	6.3272796	76.16431	-17.327236	28.151802	27.792479	19.06834	4751.2151601314545
164	1.2	0.2	3439.215	1156.954	5151.038	2563.1394	2124.0444	1609.2643	5040.1143	770.74554	681.8333	415.4	820000	393.12863	152.90033	529.9938	-25.96144	393.13043	152.90237	530.9006	-41.3571	394.3147	152.50003	526.65594	-46.457184	-2.1942034	6.4067917	81.999466	-17.958221	27.953903	27.302336	18.723793	4782.05100607872
165	1.2	0.2	4323.8413	1036.3622	5201.4756	2321.4133	4915.8735	523.0132	5131.753	3355.0598	850.2857	967.9	825000	394.1571	153.41661	531.0299	-23.919239	394.15848	153.41776	527.7413	-32.723934	395.31894	153.03375	528.5655	-39.79324	-2.2206528	6.4385424	87.16832	-17.911406	28.130806	27.76028	19.108385	4825.100869417191
166	1.2	0.2	4269.132	1534.8823	5216.4663	1214.233	4697.458	910.4912	5186.3657	2273.392	833.4	917.4	830000	394.44238	153.85918	546.59515	-25.335566	394.44196	153.86154	529.2392	-45.03221	395.58582	153.4489	529.401	-43.737164	-2.2567623	6.4991565	88.60511	-16.737959	28.344934	27.728977	19.024277	4861.462896823883
167	1.2	0.2	4202.2725	1392.3527	5106.431	1472.2124	4666.2847	1095.276	5266.924	1726.4603	832.0	891.6	835000	395.78992	153.32492	531.3214	-43.229412	395.79123	153.32544	531.5304	-36.95793	396.9574	152.91356	532.44336	-28.968004	-2.09469	6.512851	82.40053	-17.157549	28.669195	28.208858	19.309109	4902.727755069733
168	1.2	0.2	3575.586	1680.9542	5146.611	1297.8231	2129.867	1623.274	5221.1045	594.89996	707.6667	407.1	840000	397.11658	152.98343	530.3262	-32.58607	397.1168	152.98491	530.0777	-25.878117	398.29208	152.55788	531.5149	-23.567966	-2.3337698	6.4002028	73.33542	-17.033745	27.996428	27.447903	18.909204	4933.75070810318
169	1.2	0.2	4149.907	1470.0278	5138.503	780.8545	3160.15	1494.5415	5167.3857	730.73395	810.4286	612.3	845000	397.65036	152.97696	531.85834	-49.103584	397.65115	152.97885	531.0244	-36.49913	398.80374	152.54984	530.5201	-29.041159	-2.2310195	6.465191	82.87507	-17.236685	27.953424	27.429634	18.821077	4972.2904686927795
170	1.2	0.2	3198.7266	1343.5056	5155.1123	1783.06	2051.02	947.9367	3920.2642	936.4229	624.0	390.5	850000	398.0672	153.24565	530.93195	-41.601215	398.0669	153.24922	531.6595	-30.559298	399.19864	152.84875	530.70483	-33.131115	-2.263474	6.4415784	82.309296	-18.499166	28.15057	27.597725	18.908895	5006.119877099991
171	1.2	0.2	3509.5154	1746.3213	5154.793	916.3024	4580.2573	1391.9152	5298.607	1248.4891	686.6667	867.2	855000	398.92358	153.31616	544.9601	-34.68558	398.9247	153.31662	529.8905	-46.58084	400.07	152.92778	531.9685	-24.833597	-2.195054	6.4404616	77.52643	-17.07892	28.525694	28.125654	19.263948	5041.557702302933
172	1.2	0.2	3703.7915	1825.1564	5206.2075	910.0828	5129.1826	139.90184	5259.7134	4754.7114	725.625	993.2	860000	399.8014	153.00044	537.0956	-36.277313	399.80124	153.00177	534.12463	-62.329494	400.93927	152.60226	532.49347	-36.905807	-2.2601235	6.44604	110.85969	-19.18059	28.572866	28.210999	19.041296	5084.350907802582
173	1.2	0.2	3809.4902	1396.2294	5093.2515	1596.4163	4576.544	1247.7386	5159.5947	1100.2615	753.1667	891.6	865000	400.34985	152.99004	531.42426	-40.553795	400.35123	152.9914	531.9654	-43.0537	401.4815	152.59067	533.0227	-38.564373	-2.183476	6.5335755	108.64985	-17.283436	28.794594	28.217134	19.131891	5121.978026866913
174	1.2	0.2	3163.6846	1544.9419	5109.492	1053.718	3423.4636	1672.3813	5240.0513	870.2481	614.625	658.1	870000	400.32907	153.36107	537.66187	-31.387707	400.32944	153.36247	532.10693	-33.21429	401.43872	152.96356	532.1683	-35.60912	-2.325732	6.424003	84.62538	-18.242924	28.366823	27.994534	19.011284	5158.355754137039
175	1.2	0.2	4790.1567	692.1264	5173.6255	3244.96	2402.7446	1467.7129	5061.2607	848.30914	939.6667	476.5	875000	400.89493	152.93802	533.3283	-28.357258	400.89624	152.93759	532.0953	-28.70625	402.03906	152.53859	535.7905	-23.962173	-2.129639	6.5040154	84.0924	-16.639914	28.735575	28.297384	19.100365	5195.509975194931
176	1.2	0.2	3541.393	1518.4836	5217.708	905.3308	4489.089	1296.721	5163.7896	1583.034	702.4286	874.3	880000	402.1914	153.2912	532.57837	-32.686096	402.1926	153.29233	534.07275	-37.063847	403.37384	152.87262	532.4083	-29.658619	-2.1797252	6.596299	96.28104	-18.724997	28.682943	28.284796	19.186995	5234.328919649124
177	1.2	0.2	4366.521	602.94226	5044.864	3400.848	4767.8057	1077.4575	5168.4395	1536.2455	860.0	929.2	885000	403.92706	152.97495	537.76294	-32.78487	403.9283	152.9748	534.86017	-37.624466	405.0825	152.55618	537.61206	-32.13829	-2.2862039	6.4628253	104.35081	-16.8795	28.65913	28.185932	19.17521	5274.808526515961
178	1.2	0.2	3959.9385	1199.689	5172.317	2362.5208	4378.859	1298.8417	5240.971	2099.1633	775.6667	839.6	890000	403.60678	153.34868	534.2575	-30.170885	403.60757	153.34975	536.12305	-38.052757	404.71136	152.94252	533.8587	-31.128735	-2.2939134	6.548281	73.81408	-17.238688	28.954035	28.32734	19.105932	5312.1013441085815
179	1.2	0.2	5109.0464	49.845097	5160.311	5013.7866	5013.7485	425.94308	5166.0376	3736.141	992.8	972.6	895000	404.87473	152.54694	533.1505	-43.67978	404.87552	152.54811	549.0593	-45.0057	406.00397	152.12827	534.5437	-50.42697	-2.181612	6.600119	77.13562	-17.7022	28.903976	28.46695	19.353773	5351.876477241516
180	1.2	0.2	5076.7593	103.19465	5169.1514	4897.56	4580.6094	1184.1106	5187.532	2110.1882	1000.0	883.5	900000	405.7074	152.79723	535.9012	-49.846874	405.70874	152.7974	537.1342	-50.72221	406.8412	152.3952	535.0247	-54.16911	-2.4308138	6.5247617	68.51969	-17.647648	28.757704	28.34115	19.222069	5391.014296531677
181	1.2	0.2	4024.9001	1107.5278	5088.791	2213.3062	5154.248	10.227766	5172.655	5139.41	803.3333	1000.0	905000	407.51004	153.13857	540.02454	-34.849403	407.5102	153.13844	537.4666	-35.79203	408.69238	152.74184	538.03076	-30.976915	-2.3773556	6.6092567	88.32571	-18.08679	28.432417	28.35664	18.949244	5430.678030252457
182	1.2	0.2	4304.5425	1145.0664	5122.0005	2144.5308	4739.741	845.5185	5180.3506	2720.3887	849.5	918.8	910000	408.7139	153.31485	539.2045	-30.975508	408.71445	153.31625	538.817	-32.195866	409.85925	152.88199	536.62445	-36.722374	-2.3974385	6.5853243	84.67844	-17.45357	28.222664	27.878574	18.880676	5470.524939775467
183	1.2	0.2	4088.9568	1567.8679	5157.8896	1031.8142	2360.8398	1147.092	4664.9004	1235.8037	796.0	453.9	915000	410.23822	152.72467	540.2051	-28.47228	410.23877	152.72543	541.3334	-28.725641	411.3726	152.32191	537.90515	-32.87007	-2.3469536	6.523833	96.27306	-17.192436	28.576973	28.166674	18.86947	5504.630477666855
184	1.2	0.2	4643.505	1023.3546	5199.7124	2358.2048	4630.584	1103.1759	5214.1167	1534.4215	909.1667	895.1	920000	410.7627	153.37912	540.7987	-28.97192	410.76337	153.38014	537.92084	-32.345608	411.9345	152.94215	538.80365	-64.007614	-2.346227	6.665987	91.38233	-17.36196	28.285606	27.947895	18.95473	5545.530731678009
185	1.2	0.2	4019.9885	1537.3202	5130.6304	1571.377	3230.1082	1316.3088	5164.1826	1250.1654	788.1667	620.7	925000	411.8668	153.55128	539.21686	-76.411575	411.86728	153.55093	538.9841	-83.026596	413.0175	153.12875	539.5332	-42.919365	-2.4352062	6.6534224	91.55734	-17.848309	28.004646	27.698137	19.113487	5581.2176966667175
186	1.2	0.2	4412.9653	1262.7676	5080.0625	1597.893	5102.818	17.27031	5135.505	5084.49	885.0	1000.0	930000	412.7565	153.03758	544.8392	-36.672775	412.75742	153.0386	546.5963	-45.40375	413.8849	152.59578	540.1197	-36.952576	-2.3018126	6.695058	105.373695	-16.216711	28.527634	28.152899	19.19462	5623.187006950378
187	1.2	0.2	3853.6162	1399.1642	5057.435	1711.8656	5169.328	12.195072	5188.3496	5138.9434	773.5	1000.0	935000	412.84378	153.4859	538.9222	-35.216915	412.8435	153.4876	540.3679	-66.25029	413.99167	153.0877	540.8241	-49.644756	-2.2692652	6.615206	97.227486	-19.92486	28.84944	28.556616	19.490355	5662.735738277435
188	1.2	0.2	4868.608	345.59967	5185.9917	4234.539	4343.9585	1147.5978	5167.821	2461.6746	959.2	850.2	940000	414.39877	153.06728	548.62897	-72.49978	414.3995	153.06784	546.70337	-42.72722	415.53683	152.64597	561.2849	-32.93489	-2.344021	6.6996775	136.27211	-17.930702	29.052341	28.656645	19.320686	5701.329666852951
189	1.2	0.2	4515.721	774.56195	5047.2524	2965.9185	5146.435	35.960743	5196.974	5078.1743	897.1667	1000.0	945000	414.55835	153.16942	539.7356	-36.883606	414.55835	153.17036	539.2852	-46.55018	415.71075	152.72942	540.9389	-50.476204	-2.3691251	6.690351	98.22887	-17.057135	28.34201	28.031713	19.2077	5743.559307336807
190	1.2	0.2	4521.875	1288.4581	5182.1074	1642.9128	4384.918	1720.6921	5260.4546	916.1416	885.6667	835.7	950000	416.1433	152.46034	542.1412	-39.386875	416.14392	152.46095	540.09064	-48.46866	417.30756	151.9984	539.9743	-48.212135	-2.4606736	6.700416	88.59879	-17.616497	27.595684	27.21211	19.012075	5783.545991182327
191	1.2	0.2	4301.6816	1347.8872	5173.7637	1481.7024	5155.6187	28.844904	5218.9536	5100.58	838.1667	1000.0	955000	416.98877	152.79617	542.5548	-30.645044	416.99005	152.79747	542.6275	-44.750538	418.12097	152.37883	541.9049	-41.68309	-2.5401528	6.5903454	90.38878	-17.858818	27.529451	27.098305	18.66171	5824.716658115387
192	1.2	0.2	5042.8	36.746082	5078.2026	4982.5605	4606.839	508.71255	4954.213	3205.9255	1000.0	954.3	960000	418.2408	152.57451	547.3615	-27.087942	418.24182	152.57271	542.6315	-33.77285	419.36584	152.1145	543.46796	-29.560034	-2.4957998	6.647676	90.931915	-17.192385	28.196175	27.9475	19.438131	5865.910753965378
193	1.2	0.2	4292.885	1426.0762	5065.902	1442.8466	5007.186	212.6862	5176.081	4396.806	859.0	986.3	965000	418.46854	152.32784	542.2635	-30.749584	418.4695	152.32933	544.52997	-58.360554	419.5913	151.87495	543.1508	-42.81618	-2.4029942	6.6988807	96.251236	-17.567726	28.9019	28.311693	19.39872	5904.615951061249
194	1.2	0.2	4641.4854	859.86884	5118.1733	2721.3152	4574.3994	1047.6047	5200.3364	1821.7156	926.1667	885.5	970000	419.0763	152.56415	541.80835	-39.61561	419.07693	152.56577	542.8093	-27.722904	420.24017	152.12914	542.5009	-40.71218	-2.3577003	6.7583566	95.40331	-16.383677	28.637192	28.164724	19.53397	5945.984056711197
195	1.2	0.2	4893.093	407.50525	5146.313	4080.862	4832.8438	796.717	5255.8096	3069.9038	959.4	927.8	975000	419.2091	152.71053	542.34344	-27.399279	419.2096	152.71127	545.34283	-28.92987	420.30566	152.27785	543.0312	-34.35716	-2.5285766	6.734277	114.10071	-16.097157	28.309288	27.848297	19.20354	5985.54147028923
196	1.2	0.2	4592.4014	905.66986	5132.908	2784.5967	5134.63	21.130808	5185.203	5107.2344	908.4	1000.0	980000	420.80173	152.52654	542.40265	-41.063614	420.80215	152.52675	542.62317	-36.289566	421.9352	152.08833	543.1422	-31.192823	-2.4214573	6.6602535	117.50138	-17.466858	28.275887	27.801888	19.195478	6024.953449726105
197	1.2	0.2	4881.2285	500.53754	5166.0557	3765.758	3018.1628	2179.9753	5220.9717	698.86523	954.8333	579.8	985000	421.54987	152.98108	546.19714	-51.07781	421.55075	152.98184	544.1398	-42.59891	422.69104	152.56712	544.5876	-32.103634	-2.4119596	6.643405	90.26694	-16.97202	28.489172	28.030334	19.197737	6064.416917085648
198	1.2	0.2	4242.555	1620.0044	5130.2993	659.06604	5198.8955	9.120123	5212.01	5182.5884	830.5	1000.0	990000	422.23447	152.72441	543.6005	-51.213074	422.235	152.72614	543.03827	-44.468082	423.32593	152.28961	544.6252	-61.67691	-2.392632	6.6868086	91.21601	-17.868067	28.432884	27.99259	19.097721	6105.105657577515
199	1.2	0.2	4391.626	869.66077	5124.7163	3118.2944	3891.0317	1327.504	5214.5923	1678.1746	858.0	754.2	995000	421.7219	152.98804	544.93756	-59.953056	421.7228	152.99033	543.2845	-39.88685	422.84415	152.55101	547.2141	-50.747334	-2.364582	6.6736593	117.443375	-16.926468	28.532885	28.007917	19.591965	6141.603779792786
