Epoch	AverageEpRet	StdEpRet	MaxEpRet	MinEpRet	EpLen	AverageVVals	StdVVals	MaxVVals	MinVVals	TotalEnvInteracts	LossPi	LossV	DeltaLossPi	DeltaLossV	Entropy	KL	ClipFrac	StopIter	Time
0	0.14299458	0.05168581	0.31828073	0.05931948	17.88372	-0.0012569744	0.66372013	2.1917925	-2.563024	10000	-3.8146974e-09	1.237497	-0.06950131	-1.0877186	10.9878845	0.015566969	0.1945	21.0	32.6862313747406
1	0.13920635	0.05207547	0.3335881	0.06572796	18.467653	0.7354547	0.32537237	1.9594667	-0.2540172	20000	-7.581711e-09	0.19928947	-0.02083175	-0.078270026	11.03915	0.017548464	0.2594	6.0	64.49154543876648
2	0.13850522	0.04991183	0.32036465	0.0693907	19.522505	0.7641842	0.32290715	1.975205	-0.27263504	30000	2.6702882e-08	0.19314818	-0.021045217	-0.076284036	11.041958	0.019129679	0.2918	7.0	94.97713708877563
3	0.13478698	0.04632114	0.32393333	0.06558179	21.636364	0.80001724	0.32881343	2.0882778	-0.3865589	40000	-3.051758e-08	0.19749366	-0.022169294	-0.08420899	11.01984	0.020353338	0.2828	7.0	126.76214265823364
4	0.12507552	0.043122232	0.31284836	0.06682913	26.581333	0.8176186	0.34408748	2.1667619	-0.32310334	50000	-9.155274e-09	0.21356285	-0.020477375	-0.09769838	11.067639	0.017783107	0.2709	7.0	159.15583992004395
5	0.12483029	0.040220253	0.30085158	0.063860334	27.818941	0.9122738	0.3590076	2.4272397	-0.44600677	60000	-9.155274e-09	0.23468772	-0.020014437	-0.11460722	11.024191	0.01724477	0.2655	7.0	192.16006088256836
6	0.12554231	0.04114052	0.32923254	0.06505596	30.096386	0.9306804	0.35727298	2.2651377	-0.30128258	70000	-8.5830685e-09	0.25745806	-0.01868104	-0.13564862	11.013189	0.019706076	0.2544	6.0	224.15120887756348
7	0.12124191	0.03476911	0.29369488	0.07199282	33.226665	0.98266095	0.39788297	2.619392	-0.49890485	80000	3.4332274e-08	0.25926894	-0.11599747	-0.12324017	10.9900465	0.015189883	0.4241	88.0	263.7553789615631
8	0.11900051	0.036884636	0.32075492	0.06997108	34.53633	0.997906	0.4180124	2.7101855	-0.7900207	90000	-2.746582e-08	0.26261202	-0.11591902	-0.14864314	10.978492	0.01510819	0.4288	78.0	299.9949049949646
9	0.118554786	0.034793045	0.24343947	0.06362322	34.825176	1.0193038	0.40301788	2.5949936	-0.4142226	100000	-1.525879e-08	0.25101542	-0.1039078	-0.09168181	10.976254	0.015132245	0.3686	52.0	334.26786255836487
10	0.11889442	0.03217696	0.30789652	0.07018015	35.55872	1.0267847	0.4715842	2.8225527	-0.47566152	110000	1.8310548e-08	0.32269365	-0.022814205	-0.21320902	10.942845	0.015958548	0.2391	7.0	367.8394286632538
11	0.123344555	0.03245286	0.26530918	0.073622815	34.72222	1.0911236	0.4205137	2.5164294	-0.47604194	120000	1.8310548e-08	0.28083482	-0.019284528	-0.15006165	11.01215	0.018141743	0.2517	6.0	399.27426624298096
12	0.11918561	0.027109588	0.235389	0.07264003	39.95181	1.0695295	0.44741246	2.588569	-0.9463066	130000	2.4414062e-08	0.303259	-0.10126201	-0.14894111	10.97647	0.015072702	0.3644	52.0	433.82935905456543
13	0.12080066	0.0337567	0.27415112	0.075936124	39.800797	1.1345844	0.50788534	2.9190645	-0.9034469	140000	4.119873e-08	0.3168424	-0.10803476	-0.21674871	10.967753	0.015123584	0.3926	59.0	471.64179611206055
14	0.11737913	0.02795706	0.22173162	0.07499528	42.61966	1.1374308	0.44468898	2.6712358	-0.49119702	150000	-6.1035155e-09	0.26987782	-0.020084195	-0.15432079	10.922822	0.018484239	0.2471	6.0	505.83317971229553
15	0.118848085	0.032171167	0.325267	0.07636209	42.534187	1.1543998	0.49485454	2.8854308	-0.51235557	160000	-2.07901e-08	0.28066948	-0.017578792	-0.19074798	10.989767	0.017122706	0.2156	6.0	538.9550442695618
16	0.121451624	0.032042924	0.27622634	0.07509536	44.575893	1.197317	0.48181123	2.979525	-0.615134	170000	0.0	0.2646504	-0.10588491	-0.17305784	10.971217	0.015142185	0.384	60.0	574.0632636547089
17	0.12153462	0.03272056	0.31799966	0.07438165	43.277058	1.2064779	0.48309046	2.919308	-0.4895421	180000	2.7656555e-09	0.2879238	-0.09579508	-0.19315204	10.937165	0.015193225	0.336	44.0	609.7501146793365
18	0.119547285	0.024446964	0.23267466	0.07626216	44.18222	1.2495619	0.49969333	3.1307297	-0.81996626	190000	-1.9073487e-09	0.287292	-0.023343064	-0.19701988	10.962338	0.016930778	0.2477	7.0	642.3333196640015
19	0.11933375	0.024652176	0.21274735	0.07934842	47.018867	1.1986328	0.49270654	2.816	-0.7550987	200000	-7.6293943e-10	0.2524921	-0.11035596	-0.16402534	10.923657	0.015143086	0.413	67.0	677.9713289737701
20	0.12455924	0.034707624	0.30530995	0.08505999	47.308056	1.2490314	0.5328456	2.9870667	-0.65483844	210000	2.4414062e-08	0.27825862	-0.019855823	-0.19249111	10.923835	0.018598637	0.2448	6.0	709.6184952259064
21	0.12061898	0.025617192	0.2401741	0.07403916	50.40404	1.2646396	0.5538646	3.2723258	-0.893684	220000	2.9754638e-08	0.27367726	-0.021165276	-0.17685851	10.9534855	0.016261254	0.2311	7.0	738.7571980953217
22	0.1245349	0.023569047	0.21597463	0.08433789	49.944725	1.3276111	0.55409485	3.1644402	-0.7827547	230000	-1.2207031e-08	0.29471603	-0.09530212	-0.21077053	10.920771	0.015262121	0.3258	48.0	773.219731092453
23	0.12357542	0.025407579	0.2530429	0.08634431	51.518135	1.377539	0.5676177	3.3381069	-0.57767695	240000	-4.9972535e-08	0.28835917	-0.095597945	-0.16090782	10.95496	0.015248955	0.3377	47.0	803.423990726471
24	0.12541477	0.028494483	0.30542725	0.082700066	52.521053	1.3729144	0.61299044	3.5688062	-0.88634384	250000	3.2043456e-08	0.33775878	-0.107870184	-0.25317836	10.902804	0.015046478	0.3729	67.0	835.1465229988098
25	0.12310127	0.025657726	0.23880161	0.08224823	53.04787	1.3638179	0.5771046	3.283777	-0.9945924	260000	-1.373291e-08	0.27817437	-0.021977257	-0.19940986	10.903545	0.01632766	0.234	7.0	867.882396697998
26	0.12595168	0.025644189	0.24233285	0.08725956	53.475937	1.3684764	0.57037246	3.1441612	-1.0210775	270000	-2.89917e-08	0.28678134	-0.087150685	-0.19214444	10.865458	0.015309943	0.3019	40.0	898.8374800682068
27	0.12707359	0.024029806	0.21851382	0.086441286	52.489475	1.413964	0.59035087	3.311788	-0.922332	280000	-3.5858154e-08	0.29982257	-0.022466728	-0.21599472	10.892771	0.016771909	0.2249	7.0	922.9311878681183
28	0.12774734	0.025534974	0.25701973	0.08766716	54.342392	1.4443992	0.5889376	3.206583	-0.8057532	290000	1.1062622e-08	0.31306323	-0.111445464	-0.22329599	10.90123	0.015073327	0.4168	76.0	960.2324039936066
29	0.12953588	0.027223662	0.25266328	0.084597826	54.277172	1.443839	0.6391514	3.343408	-1.2401053	300000	8.392334e-09	0.308967	-0.10491462	-0.22911161	10.871694	0.015275778	0.3813	62.0	997.4072668552399
30	0.12920767	0.028570948	0.31318456	0.086816035	55.072224	1.4792472	0.60008365	3.4540896	-0.78390837	310000	-2.4414062e-08	0.3026159	-0.11415163	-0.20514917	10.896551	0.0150504885	0.4172	80.0	1035.5273356437683
31	0.12976399	0.027309865	0.2548111	0.08975789	56.446327	1.4561996	0.6547098	3.5729477	-0.83034307	320000	-1.373291e-08	0.32957938	-0.019415492	-0.2517032	10.786576	0.01852775	0.237	6.0	1068.8173093795776
32	0.12626745	0.022858335	0.21969493	0.079069085	58.55294	1.4982624	0.62038016	3.4633899	-0.67088175	330000	2.0599366e-08	0.29419336	-0.08493989	-0.21852791	10.836847	0.015150854	0.2962	36.0	1103.7141580581665
33	0.13233188	0.025705524	0.24931724	0.086617805	53.623657	1.4994757	0.6463471	3.4809024	-1.0721395	340000	-2.3078918e-08	0.2908664	-0.088690996	-0.20812503	10.897351	0.015321992	0.3012	41.0	1138.9868972301483
34	0.12922995	0.02473793	0.2386166	0.09002808	58.45614	1.5046573	0.64364827	3.6102042	-0.83701265	350000	1.525879e-08	0.3130547	-0.07952414	-0.23401323	10.872347	0.0153396	0.2577	33.0	1174.065927028656
35	0.13142441	0.026246447	0.2425179	0.09001082	61.202454	1.539039	0.665337	3.6574001	-1.0360446	360000	2.0599366e-08	0.29030898	-0.08984466	-0.2182794	10.822957	0.015125053	0.3075	42.0	1210.1298398971558
36	0.13195968	0.023869514	0.22192754	0.08900223	60.871166	1.5861963	0.6592064	3.9402685	-0.893487	370000	1.525879e-08	0.33292255	-0.09088001	-0.25110477	10.796361	0.015251201	0.3145	43.0	1246.6805896759033
37	0.13528687	0.026702076	0.24764256	0.09083208	59.27381	1.61323	0.6666029	3.7260287	-0.8771125	380000	-2.2888184e-08	0.35210243	-0.10887847	-0.26873913	10.806582	0.015238568	0.3938	71.0	1284.1726582050323
38	0.13216674	0.022930361	0.2111769	0.09235589	60.04819	1.5566949	0.6500804	3.7080579	-0.7884203	390000	0.0	0.31329873	-0.085851274	-0.19147459	10.819281	0.015277982	0.2872	38.0	1319.4660148620605
39	0.13620305	0.024599077	0.27199203	0.09712136	58.333332	1.6215456	0.73548454	4.0516105	-1.15948	400000	-7.6293943e-10	0.38077736	-0.08450306	-0.30359608	10.81878	0.015163018	0.2916	36.0	1353.7745695114136
40	0.13540557	0.024677237	0.2207006	0.091460995	57.195404	1.6097983	0.6949514	3.9594672	-1.2298206	410000	1.7547608e-08	0.35739502	-0.09527456	-0.273103	10.782484	0.015297005	0.3279	48.0	1390.1055691242218
41	0.13394831	0.025232447	0.2474112	0.09248364	59.08284	1.5444043	0.6910715	4.039769	-1.4275566	420000	1.8310548e-08	0.32874602	-0.020299353	-0.25633016	10.801144	0.016421964	0.2088	7.0	1422.8555309772491
42	0.13660099	0.032002095	0.34981272	0.093338475	59.02367	1.5916301	0.6980632	3.947679	-0.98539996	430000	1.373291e-08	0.33334902	-0.0891953	-0.25872135	10.803266	0.0153995	0.3145	42.0	1459.0543019771576
43	0.13683507	0.02203612	0.20285247	0.096109755	64.33766	1.6059614	0.6822956	3.7728362	-1.040994	440000	9.727478e-09	0.32881123	-0.022067914	-0.25226352	10.815914	0.016254643	0.231	7.0	1492.6969752311707
44	0.13655022	0.02179578	0.21924925	0.09237856	62.325	1.6982691	0.7199096	3.9609888	-1.0291338	450000	-1.7547608e-08	0.34784985	-0.10025897	-0.21231213	10.807587	0.015126336	0.3634	56.0	1529.2532510757446
45	0.14025974	0.025157625	0.22312607	0.09108929	59.345238	1.6743118	0.7691323	4.6450925	-1.061935	460000	3.3569336e-08	0.41425195	-0.08483975	-0.33451164	10.768278	0.015278001	0.2938	38.0	1565.5773141384125
46	0.13891095	0.024685983	0.24395894	0.09447145	62.83019	1.6544961	0.7537184	3.8721907	-1.1188852	470000	5.4740905e-08	0.34506947	-0.09493485	-0.27141866	10.741994	0.01514219	0.3316	48.0	1601.7029314041138
47	0.13829403	0.022583755	0.20912923	0.096258156	61.31902	1.65762	0.73690504	3.939919	-1.0747825	480000	4.673004e-09	0.33231905	-0.08857935	-0.2649112	10.756837	0.015190344	0.3088	40.0	1637.7507908344269
48	0.14091359	0.025721598	0.25317997	0.09190642	63.80645	1.7050056	0.74686015	4.1714053	-0.91929585	490000	3.8146972e-08	0.32006115	-0.018804971	-0.2549898	10.718721	0.019269673	0.2516	6.0	1670.5936980247498
49	0.1406103	0.025854206	0.24689415	0.10223249	66.5	1.7433873	0.73196787	3.988831	-0.76828635	500000	1.373291e-08	0.3605623	-0.07446765	-0.2875417	10.69204	0.015370917	0.2482	30.0	1705.8028819561005
50	0.13935962	0.024311246	0.23914017	0.08975714	65.47369	1.8113836	0.7864313	4.447094	-0.9706864	510000	-3.0517577e-09	0.36572954	-0.020154485	-0.28692457	10.711636	0.015375867	0.1893	7.0	1739.3890767097473
51	0.14457557	0.029011162	0.31283197	0.09670458	62.4	1.6798854	0.77962977	4.0251284	-0.7909414	520000	9.155274e-09	0.3808372	-0.017032439	-0.3031842	10.722959	0.01675262	0.2296	6.0	1772.2247445583344
52	0.14420108	0.024391428	0.20836689	0.09253941	64.36129	1.7616025	0.7680837	4.3219237	-1.2146864	530000	9.155274e-09	0.3281281	-0.020768136	-0.26376632	10.685505	0.015511181	0.2063	7.0	1805.0959131717682
53	0.1455718	0.027799087	0.24019112	0.09395009	64.61039	1.8079641	0.7862208	4.2504373	-0.9937968	540000	-6.408691e-08	0.3737	-0.086844906	-0.29887474	10.734343	0.015454164	0.3029	41.0	1840.2374856472015
54	0.1460893	0.029589582	0.34233746	0.101877116	65.77483	1.8239352	0.80679303	4.302177	-1.2077862	550000	-1.2207031e-08	0.36396483	-0.08267572	-0.2982484	10.716529	0.01522378	0.2803	38.0	1874.8362810611725
55	0.14541547	0.025687683	0.2584404	0.094994806	59.443115	1.7771128	0.7854092	4.704982	-1.2338417	560000	1.3923645e-08	0.35739297	-0.021067796	-0.26778924	10.751336	0.01649765	0.2014	7.0	1907.471210718155
56	0.1462324	0.023228317	0.2354598	0.09653741	65.8543	1.7895068	0.8128516	4.3507767	-1.064697	570000	2.4795533e-08	0.38868597	-0.08386485	-0.32251573	10.71505	0.015201148	0.2849	40.0	1942.431227684021
57	0.14932516	0.024560573	0.24875538	0.10139577	66.18543	1.8626832	0.84478694	4.5562587	-1.0991862	580000	3.051758e-08	0.39891317	-0.08418386	-0.30949914	10.695731	0.015260431	0.2852	39.0	1978.142110824585
58	0.1477074	0.025562577	0.22253215	0.101401806	63.094936	1.8736377	0.82851464	4.4473147	-1.2780362	590000	-5.4359436e-08	0.38262993	-0.09672698	-0.31633312	10.700569	0.015235115	0.3352	52.0	2014.0515706539154
59	0.14593668	0.025426531	0.25389192	0.09229112	67.12838	1.8183035	0.77470315	4.4538136	-0.7931938	600000	-9.155274e-09	0.38876557	-0.08345302	-0.31771314	10.682157	0.015520749	0.2883	38.0	2050.459257364273
60	0.14779173	0.03151874	0.2637939	0.10060643	66.78523	1.868675	0.845113	4.642455	-1.4631275	610000	7.820129e-09	0.38893306	-0.07499637	-0.32308775	10.681533	0.015673028	0.251	32.0	2086.0018315315247
61	0.1496227	0.026787909	0.23890579	0.103940964	65.36842	1.8192545	0.8351211	4.4585137	-1.6168021	620000	-3.8146972e-10	0.36911854	-0.077562466	-0.3072673	10.674836	0.015420116	0.2588	34.0	2121.063339471817
62	0.14970206	0.029405165	0.26885822	0.09450037	65.635765	1.9154212	0.86607236	4.9224877	-0.948544	630000	2.1362304e-08	0.43188968	-0.077468894	-0.3591867	10.651116	0.015268811	0.2741	33.0	2156.1203570365906
63	0.14786793	0.024786951	0.20008278	0.0959368	65.254906	1.882532	0.8213268	4.570149	-1.2264057	640000	-4.2724608e-08	0.40467373	-0.07834151	-0.34043932	10.634616	0.015204202	0.2553	35.0	2191.9546988010406
64	0.15113425	0.02920093	0.28512013	0.094514236	68.438354	1.8544885	0.859539	4.8134856	-0.9850715	650000	2.5749207e-08	0.41449848	-0.09681288	-0.34639224	10.6754465	0.015324501	0.3428	53.0	2228.5298228263855
65	0.15102552	0.024302958	0.22058354	0.10622605	64.24516	1.9277127	0.8336507	4.528427	-0.6786493	660000	2.746582e-08	0.3885393	-0.075140305	-0.32693923	10.612532	0.015370746	0.2441	31.0	2263.7443857192993
66	0.14825454	0.026330288	0.24295375	0.100170925	66.818794	1.8554578	0.8338199	5.03103	-0.85287774	670000	-6.1035155e-09	0.3804659	-0.09514224	-0.321149	10.632357	0.01519353	0.3267	51.0	2300.348431110382
67	0.15389003	0.02810218	0.22850055	0.10200502	65.39474	1.9024392	0.8463413	4.864155	-0.9909888	680000	1.2207031e-08	0.3727232	-0.08199921	-0.30837077	10.638947	0.015403707	0.2799	37.0	2335.770721435547
68	0.1500689	0.030063279	0.30397376	0.1070739	69.125	1.8310338	0.8552864	4.7042	-1.0052444	690000	-1.5258789e-09	0.37300888	-0.09520456	-0.31208757	10.602239	0.015191102	0.3308	53.0	2371.9035840034485
69	0.15290208	0.023873305	0.24683686	0.10863015	67.33784	1.927135	0.8841627	4.738243	-1.1674098	700000	2.9373169e-08	0.36525488	-0.08314283	-0.3046083	10.605852	0.015607342	0.281	37.0	2406.282207250595
70	0.15201066	0.025531875	0.25509077	0.10597069	68.11644	1.9612117	0.8564784	4.713563	-0.93153685	710000	9.155274e-09	0.3606073	-0.09973987	-0.3023443	10.592178	0.0152428225	0.3454	58.0	2444.1973049640656
71	0.15302804	0.02873391	0.29510444	0.10605186	67.190475	1.9296582	0.85154605	4.702607	-0.81932265	720000	-6.4849854e-09	0.3769208	-0.09626878	-0.3150269	10.575519	0.015262432	0.3374	52.0	2481.534696340561
72	0.15429738	0.028031005	0.25148115	0.09437105	69.27778	1.9517443	0.87569594	4.7594237	-1.3240362	730000	1.0490417e-08	0.3890944	-0.09019233	-0.32123172	10.593016	0.0151387	0.3123	45.0	2517.9118626117706
73	0.15326624	0.026091848	0.23888378	0.10635378	66.21192	1.9396371	0.90045893	4.84358	-1.0802778	740000	2.6702882e-08	0.39339298	-0.103432454	-0.33256057	10.545873	0.015107402	0.3662	62.0	2555.0674011707306
74	0.15713264	0.028500581	0.24841155	0.10268877	66.04	1.9458934	0.8522073	4.7291417	-0.863514	750000	1.5258789e-09	0.4177394	-0.087421484	-0.34984708	10.56026	0.015214719	0.3101	41.0	2589.8228335380554
75	0.15922332	0.029905774	0.26555464	0.104553655	68.212326	1.9819479	0.90395904	4.872748	-1.2313408	760000	6.1035155e-09	0.42740703	-0.09808493	-0.36125416	10.55058	0.015238059	0.3418	55.0	2627.060462474823
76	0.15647563	0.026871506	0.2468697	0.10436074	67.73972	1.9847229	0.9101341	5.3123503	-1.0516444	770000	1.1444092e-08	0.41175187	-0.091282494	-0.35342255	10.536298	0.015284641	0.327	44.0	2663.6800100803375
77	0.15781023	0.025640156	0.24770091	0.10190233	69.74126	1.9680188	0.9156225	5.0137706	-1.0197874	780000	9.155274e-09	0.4243929	-0.072252914	-0.36347437	10.544011	0.01537923	0.2393	29.0	2698.9243054389954
78	0.16068952	0.025429549	0.2493369	0.11443827	70.815605	2.09126	0.93443674	4.916789	-0.8129353	790000	-1.5258789e-09	0.42472216	-0.08567954	-0.36136943	10.4943	0.015162198	0.2954	41.0	2734.962626695633
79	0.15815216	0.028358819	0.24018395	0.10726052	69.270836	2.0211425	0.9146871	4.9154997	-0.77997017	800000	2.9373169e-08	0.46286324	-0.08404603	-0.39218417	10.494133	0.01539869	0.2961	39.0	2769.6187767982483
80	0.16130127	0.030192364	0.29552555	0.09774214	67.91157	2.0689871	0.9167359	4.9524856	-1.1502353	810000	-6.866455e-09	0.45733687	-0.071171895	-0.3909059	10.52258	0.015357147	0.2391	28.0	2804.201251745224
81	0.16472659	0.028159993	0.2586443	0.11046944	65.335526	2.0059526	0.95204806	4.9477043	-1.8941684	820000	-5.2452087e-08	0.43283507	-0.086433545	-0.3726608	10.488966	0.015216608	0.3076	42.0	2839.924706697464
82	0.15687874	0.024991032	0.23368049	0.11398951	69.354164	2.0288615	0.9783106	5.026297	-1.7613174	830000	2.07901e-08	0.42237598	-0.09735307	-0.36573082	10.503278	0.015213747	0.341	55.0	2877.336838245392
83	0.16577315	0.032556836	0.27762932	0.10170459	67.29054	2.0362937	0.9373648	4.9917426	-1.2975401	840000	6.4849854e-09	0.4333994	-0.018775979	-0.3650938	10.454902	0.016869543	0.2255	6.0	2910.4149630069733
84	0.16849427	0.03053671	0.2843445	0.116344966	65.48026	2.0958884	0.9654214	5.318862	-0.90969217	850000	-3.6621095e-08	0.455462	-0.0753278	-0.3924358	10.509271	0.015689516	0.2575	31.0	2945.656434059143
85	0.15723811	0.026106412	0.23369429	0.11066177	73.17647	2.0719733	0.9534009	4.897394	-1.1453815	860000	-7.629395e-09	0.4196118	-0.021089973	-0.36630905	10.443725	0.01571833	0.2042	7.0	2977.2316539287567
86	0.15849486	0.026986938	0.2836045	0.10914491	69.46154	2.0436344	0.9311378	5.3839464	-1.214013	870000	-1.0824204e-08	0.40820253	-0.08550116	-0.3550054	10.461315	0.015262762	0.2947	41.0	3011.98881483078
87	0.16312537	0.024291588	0.25524807	0.10698743	68.26712	2.019275	0.974996	5.070926	-0.9660162	880000	3.8146974e-09	0.41758662	-0.084502436	-0.36351913	10.481584	0.015349472	0.2944	40.0	3043.990825176239
88	0.1620544	0.026128925	0.25198883	0.11884734	66.979866	2.1219242	0.97396106	5.1743073	-1.037879	890000	-3.5476685e-08	0.41519317	-0.09148026	-0.35974017	10.466882	0.0152294375	0.3222	46.0	3076.8155615329742
89	0.15984046	0.02706213	0.24437253	0.103074126	69.92254	2.0121496	0.9363704	4.8335323	-1.774887	900000	-1.2207031e-08	0.4240309	-0.07150353	-0.3271784	10.442521	0.015353093	0.2459	29.0	3107.8284521102905
90	0.16383322	0.02911368	0.31943145	0.10665383	70.87943	2.0594661	0.9944782	5.4986196	-1.1098572	910000	-5.0354004e-08	0.47352514	-0.08559613	-0.41316906	10.434572	0.0152395535	0.3027	41.0	3143.7969765663147
91	0.16415282	0.02733877	0.23820679	0.09770868	67.547295	2.0749755	1.0094366	5.347951	-1.4486222	920000	-4.577637e-09	0.4014472	-0.09120659	-0.34771118	10.424218	0.015273941	0.3132	48.0	3179.9227643013
92	0.16777134	0.033227045	0.32511172	0.11106935	64.464516	2.0957413	0.9990652	5.4767065	-1.3794539	930000	-1.9073486e-08	0.44508302	-0.07285287	-0.38525072	10.403373	0.015523514	0.2413	30.0	3214.9574267864227
93	0.16629823	0.02620265	0.24398738	0.11802641	72.79562	2.170885	0.9780908	5.6364365	-1.474231	940000	4.9972535e-08	0.43704638	-0.07338242	-0.32270572	10.417596	0.015793396	0.2507	30.0	3249.3535969257355
94	0.16958329	0.029707106	0.28314087	0.11802684	68.49315	2.1542208	0.98973095	5.506692	-1.7886039	950000	3.3569336e-08	0.48848373	-0.07619348	-0.43131107	10.39763	0.015173324	0.2574	33.0	3285.165278196335
95	0.16770452	0.030131426	0.31451115	0.115086816	69.25694	2.151144	0.9854355	5.332979	-1.5799415	960000	2.8800965e-08	0.4737783	-0.019616826	-0.41116208	10.409568	0.015948065	0.1993	7.0	3317.3399374485016
96	0.16965248	0.03233063	0.3315345	0.111462906	66.66	2.1160343	0.9701257	5.6353097	-1.1879206	970000	1.6784668e-08	0.47159266	-0.09405665	-0.41319636	10.406387	0.015197009	0.3231	49.0	3353.064972639084
97	0.17155755	0.030954428	0.29132622	0.12294507	71.207146	2.1771095	0.998999	5.316729	-0.84261674	980000	-2.0599366e-08	0.45401245	-0.092925526	-0.39879492	10.371343	0.015236883	0.3117	48.0	3389.081904888153
98	0.16987698	0.033367127	0.27164504	0.10658591	68.438354	2.174336	1.0186603	5.277454	-1.5640254	990000	9.155274e-09	0.4478743	-0.020974923	-0.39218685	10.392101	0.01461797	0.2179	7.0	3421.6237037181854
99	0.17125237	0.03254749	0.30965656	0.11170104	68.23972	2.1350539	1.0114232	5.420572	-1.2328697	1000000	-1.6021728e-08	0.4458145	-0.08854054	-0.39201072	10.350135	0.015411223	0.3143	45.0	3457.2421386241913
100	0.17173399	0.028631363	0.26976144	0.120153174	69.58042	2.2039568	1.0147943	5.484446	-1.240244	1010000	1.6784668e-08	0.4617793	-0.085731834	-0.4052244	10.378837	0.01525747	0.2969	41.0	3492.7583467960358
101	0.17215236	0.030899689	0.267349	0.10960621	70.55	2.1807613	1.0419965	5.7245393	-0.9421648	1020000	-4.577637e-09	0.4486953	-0.10098183	-0.376638	10.361528	0.015247406	0.3447	60.0	3530.947783470154
102	0.16990909	0.027041232	0.2818324	0.11981134	72.72993	2.1875713	1.0489138	5.6154027	-1.7772374	1030000	1.449585e-08	0.49123883	-0.089519	-0.4307703	10.33667	0.015362984	0.305	46.0	3567.5703163146973
103	0.17506169	0.031196197	0.26673344	0.11537652	69.30556	2.250476	1.0436766	5.861286	-0.872752	1040000	-3.051758e-08	0.460375	-0.0953836	-0.40258807	10.355626	0.015114508	0.337	49.0	3604.454623222351
104	0.17216235	0.029311618	0.2662788	0.10692056	70.43971	2.2218196	1.0544751	5.7669125	-1.4638228	1050000	1.525879e-08	0.461225	-0.0787692	-0.40678522	10.359905	0.015321971	0.2739	33.0	3640.435383796692
105	0.1719069	0.032652844	0.29567802	0.11305959	73.31618	2.2513993	0.95827407	5.7049403	-1.2259986	1060000	-1.525879e-08	0.49706993	-0.09612922	-0.4305134	10.341606	0.015319906	0.3492	53.0	3676.291794538498
106	0.17284672	0.032117065	0.28094244	0.114154816	71.971016	2.2619917	1.055544	5.8660445	-0.9958345	1070000	-1.2207031e-08	0.47048676	-0.08413621	-0.41490322	10.323556	0.015263223	0.283	40.0	3712.0129346847534
107	0.1749756	0.031066092	0.2750919	0.11377577	69.28472	2.2302616	1.0450202	5.730569	-1.6328994	1080000	3.5095216e-08	0.48608175	-0.084853925	-0.42582917	10.288572	0.015238934	0.2957	41.0	3747.4198064804077
108	0.17520587	0.029891206	0.23975307	0.102545895	72.4058	2.2007024	1.0355577	5.488672	-1.1942059	1090000	1.8310548e-08	0.47372958	-0.09141606	-0.42040995	10.316603	0.01518797	0.3205	46.0	3778.330646753311
109	0.1727378	0.02789708	0.23734623	0.1156538	72.108696	2.2574556	1.0573081	5.621472	-1.6855654	1100000	-2.5558471e-08	0.45929474	-0.079632506	-0.40789986	10.3115	0.01564183	0.2726	36.0	3814.182326555252
110	0.177157	0.029460195	0.26031065	0.11514947	68.479454	2.257561	1.0462427	5.5053153	-1.176976	1110000	-2.565384e-08	0.47608134	-0.08642469	-0.41112608	10.287475	0.015257563	0.2988	42.0	3849.7367236614227
111	0.18041846	0.0338912	0.31675488	0.11852343	64.58442	2.3166714	1.0820658	5.895082	-1.1829119	1120000	2.3651124e-08	0.49952105	-0.078626804	-0.44000787	10.265984	0.015515279	0.2738	34.0	3881.689342021942
112	0.18400787	0.032292407	0.2687828	0.10433385	67.02685	2.2554157	1.0577608	5.680947	-1.4263513	1130000	2.2888185e-09	0.5182745	-0.018065546	-0.4547056	10.281419	0.018055363	0.217	6.0	3912.930957555771
113	0.18096764	0.032190133	0.31332383	0.12026663	69.40278	2.273095	1.1091076	5.7817326	-1.3110837	1140000	-4.005432e-08	0.48596466	-0.09829607	-0.42964712	10.341506	0.015318761	0.346	55.0	3948.169973373413
114	0.17813517	0.03389852	0.25824314	0.1152552	67.81633	2.302037	1.0861839	5.737931	-1.740892	1150000	1.525879e-08	0.52805257	-0.077842265	-0.4628735	10.218495	0.01532872	0.2743	34.0	3982.562697649002
115	0.18007427	0.030641114	0.30070287	0.116835006	68.95862	2.3150501	1.0966494	6.099307	-1.1976281	1160000	-3.0517577e-09	0.5454365	-0.0796575	-0.47875452	10.293551	0.015519243	0.2735	35.0	4015.37855219841
116	0.18403536	0.032813158	0.26486397	0.11371116	69.27778	2.3014946	1.1075562	6.1797547	-1.4259509	1170000	2.1362304e-08	0.5104321	-0.07238089	-0.45186692	10.292631	0.015578397	0.242	29.0	4046.681795358658
117	0.17692895	0.03175723	0.28551188	0.117845446	71.89209	2.3236866	1.0943387	5.9909635	-1.2114153	1180000	-3.9291383e-08	0.5261443	-0.069620416	-0.4652384	10.26844	0.015380963	0.2263	28.0	4076.1500997543335
118	0.18298388	0.035176136	0.33072448	0.11549196	68.34931	2.3040075	1.1016548	5.9282217	-1.5156205	1190000	3.6621095e-08	0.50903547	-0.089222685	-0.45344985	10.241795	0.015077024	0.3089	44.0	4112.7501475811005
119	0.18934128	0.031355366	0.29705152	0.1268119	66.77853	2.3910441	1.1070464	5.769928	-1.4883598	1200000	5.645752e-08	0.5489605	-0.020568889	-0.4789637	10.275009	0.014509576	0.2047	7.0	4141.429821968079
120	0.18320961	0.034561682	0.3004769	0.11555475	69.8951	2.3504393	1.1389171	6.3968453	-1.5664862	1210000	1.5258789e-09	0.5075917	-0.10078678	-0.452441	10.254819	0.015125564	0.3615	62.0	4179.514605045319
121	0.18157767	0.03389239	0.29818088	0.117694825	68.848274	2.316384	1.0919065	5.873314	-1.2723207	1220000	-1.373291e-08	0.49016708	-0.088039026	-0.43447578	10.207478	0.015317078	0.3006	43.0	4214.344633579254
122	0.18462658	0.035238013	0.29329887	0.1193838	69.270836	2.3350825	1.085759	6.3324704	-1.4754435	1230000	1.6021728e-08	0.54073167	-0.07718962	-0.48044518	10.2157345	0.0155454	0.2623	33.0	4250.509546041489
123	0.1867768	0.036357865	0.30885038	0.12446115	68.171234	2.3505456	1.1479243	6.575116	-1.498646	1240000	-4.577637e-09	0.5122306	-0.07783151	-0.45927003	10.230135	0.015176291	0.2664	35.0	4285.779081583023
124	0.18537793	0.03108146	0.29753453	0.11643433	68.14384	2.4065778	1.1345841	5.8693237	-1.1591245	1250000	3.4332274e-08	0.5132763	-0.059188083	-0.42877963	10.17907	0.015528464	0.1955	22.0	4315.2196979522705
125	0.18548295	0.03519342	0.28312212	0.12196466	68.96528	2.3312757	1.1297052	5.9669375	-1.0766096	1260000	3.0517577e-09	0.51681864	-0.10812876	-0.4631948	10.236681	0.015251377	0.3901	74.0	4350.003874778748
126	0.19041406	0.040248618	0.32776862	0.11040152	69.30556	2.388085	1.1234901	6.15401	-1.0474349	1270000	2.89917e-08	0.5099454	-0.016982036	-0.45258766	10.2178955	0.017434962	0.2237	6.0	4378.145730495453
127	0.18580237	0.03301145	0.34706983	0.12688121	69.65734	2.4577177	1.1184906	6.2518935	-1.3470196	1280000	-1.8310548e-08	0.5061951	-0.094424225	-0.45294565	10.229067	0.015207405	0.3307	50.0	4415.814243793488
128	0.19037518	0.034691304	0.29703048	0.12175092	68.10274	2.3839376	1.1549453	5.9727836	-1.1902273	1290000	1.2588501e-08	0.48032	-0.07994508	-0.43072376	10.139989	0.015395138	0.2834	36.0	4451.6626608371735
129	0.19193728	0.034858763	0.3161408	0.12518255	67.49324	2.4325297	1.1706872	6.397618	-1.2319537	1300000	-1.2207031e-08	0.52782196	-0.0799474	-0.46670777	10.152394	0.015413757	0.2689	36.0	4487.7696278095245
130	0.19236398	0.034787156	0.3363764	0.11667832	70.34507	2.4543176	1.1374679	6.2693777	-1.322874	1310000	1.525879e-08	0.5172418	-0.091623865	-0.46048293	10.151491	0.015276471	0.3215	49.0	4524.262270927429
131	0.1921708	0.03482789	0.32480153	0.12264061	70.702126	2.4325624	1.1464294	6.152104	-1.5592842	1320000	-3.5858154e-08	0.52769685	-0.07420086	-0.47247705	10.1932125	0.015289398	0.2593	31.0	4559.77622127533
132	0.19474895	0.03613786	0.30971497	0.1143322	70.04929	2.432025	1.1526463	6.241428	-1.4224126	1330000	-2.1362304e-08	0.6109868	-0.077005886	-0.5461379	10.140912	0.015412869	0.2646	33.0	4596.421881914139
133	0.1933288	0.035767622	0.33937353	0.118919805	67.94558	2.5523946	1.219644	6.2964683	-1.4685566	1340000	-7.4386595e-09	0.557776	-0.09163586	-0.50384283	10.148076	0.0151902605	0.3159	47.0	4632.441629648209
134	0.19064733	0.037993904	0.35221907	0.12078535	68.28082	2.4517806	1.145183	6.2600956	-1.242915	1350000	3.0517577e-09	0.54042965	-0.09177336	-0.48830158	10.151736	0.015126742	0.3238	48.0	4668.582454204559
135	0.19482917	0.0354521	0.28407195	0.11982438	68.73103	2.415761	1.1828642	6.1431875	-1.527954	1360000	-1.2207031e-08	0.5624587	-0.09456838	-0.5102421	10.145483	0.015146733	0.3404	51.0	4705.03438949585
136	0.19564092	0.035587415	0.32285732	0.119307004	65.36842	2.510298	1.1694139	6.189732	-1.1955017	1370000	-2.3651124e-08	0.5708812	-0.08391253	-0.5189076	10.14927	0.015338398	0.297	37.0	4740.039104223251
137	0.19590133	0.03706615	0.33028632	0.115604796	67.69388	2.4741511	1.1879051	6.1018367	-1.0345306	1380000	-1.2969971e-08	0.55331695	-0.06718861	-0.5053696	10.112134	0.015561984	0.2279	26.0	4773.789347887039
138	0.19604607	0.031273257	0.27599114	0.12949103	68.41096	2.4739864	1.1680052	6.135153	-0.87229276	1390000	-8.392334e-09	0.5772258	-0.09127994	-0.5204642	10.139373	0.015245958	0.3177	48.0	4810.43229842186
139	0.19601908	0.0392399	0.3384329	0.12152066	66.54667	2.5240152	1.2204596	6.2737303	-1.6501415	1400000	-2.2125244e-08	0.57461417	-0.096812785	-0.524401	10.147588	0.01522804	0.3357	54.0	4846.753596305847
140	0.19126762	0.034408376	0.27208838	0.12466372	70.11268	2.4417632	1.1959869	6.0320516	-1.3320285	1410000	-1.9073486e-08	0.53839386	-0.078521386	-0.48986647	10.054081	0.015137134	0.2762	35.0	4882.499729394913
141	0.19884597	0.042652957	0.3733283	0.13606086	70.78723	2.472258	1.166221	6.5269794	-1.3802499	1420000	3.967285e-08	0.634746	-0.094797105	-0.5696313	10.07565	0.015261653	0.3314	53.0	4919.0234887599945
142	0.20075426	0.035717003	0.31595665	0.13081668	65.15686	2.5840843	1.2344033	6.328332	-1.2696615	1430000	3.0517577e-09	0.622434	-0.08071444	-0.56351966	10.065473	0.015348571	0.2861	36.0	4955.827762365341
143	0.20081507	0.039316878	0.30089992	0.11936793	64.64286	2.5296996	1.2471389	6.5016274	-1.6362393	1440000	-1.9836426e-08	0.6021887	-0.09591957	-0.5470216	10.141818	0.015064309	0.3386	51.0	4993.401399612427
144	0.20179285	0.034618	0.29492733	0.12778369	65.302635	2.5142105	1.1899413	6.208925	-0.8941597	1450000	-2.4032593e-08	0.5945325	-0.08722593	-0.53967243	10.012997	0.015142441	0.2989	42.0	5028.915208339691
145	0.20270902	0.038314108	0.34399652	0.12271335	65.0	2.511493	1.242548	5.9522924	-1.1632525	1460000	-2.89917e-08	0.60878205	-0.021132283	-0.5524807	10.0763645	0.015206098	0.2204	7.0	5063.19174861908
146	0.1990126	0.038075943	0.32986617	0.1306923	69.746475	2.5205407	1.2142868	6.434419	-1.144678	1470000	5.722046e-09	0.5845936	-0.020596134	-0.5270746	10.068872	0.014000934	0.1874	7.0	5096.115478992462
147	0.1989296	0.03704299	0.3252165	0.1354652	70.85107	2.5519452	1.2362328	6.398554	-1.0319108	1480000	-7.247925e-09	0.55917627	-0.0133744925	-0.511546	10.085619	0.016665772	0.2077	5.0	5129.140603303909
148	0.19782645	0.037610378	0.3446622	0.134425	68.33562	2.5529854	1.2317328	6.370635	-1.2078453	1490000	1.9836426e-08	0.5385057	-0.09579642	-0.49192157	10.068552	0.015153787	0.3411	52.0	5165.337489366531
149	0.19876193	0.03424232	0.3167782	0.13034865	65.48684	2.5183358	1.2445955	6.311581	-1.269945	1500000	-1.9073486e-08	0.53478193	-0.095015205	-0.4890136	10.064236	0.0152175855	0.3329	51.0	5202.590982198715
150	0.19533171	0.0363467	0.32439414	0.13828784	71.28777	2.4446347	1.1589283	6.3926544	-1.1333112	1510000	-4.577637e-09	0.53656894	-0.0920017	-0.49157786	10.080401	0.015291797	0.3292	46.0	5238.900452613831
151	0.20354538	0.03635864	0.33943066	0.12186518	67.96599	2.599455	1.2362314	6.276854	-1.6102904	1520000	1.9073486e-08	0.5398505	-0.07294839	-0.49265897	10.015429	0.015825707	0.2524	29.0	5274.753871202469
152	0.2035448	0.038785398	0.2940312	0.114358924	67.23649	2.587766	1.2599674	6.524691	-1.1305066	1530000	-2.4795533e-08	0.5517182	-0.09286176	-0.50130993	10.004166	0.015178793	0.3214	51.0	5312.083409786224
153	0.20114402	0.038839713	0.32895416	0.13315865	68.19863	2.5489795	1.2285997	6.3059216	-1.6534587	1540000	8.125305e-08	0.5714286	-0.08218982	-0.5243288	10.064841	0.015321426	0.2895	36.0	5345.987288475037
154	0.20626782	0.041315634	0.3306151	0.12735298	70.90071	2.6160781	1.2696806	6.630247	-1.1230916	1550000	3.3569336e-08	0.54374075	-0.07562963	-0.49912465	9.991966	0.015496691	0.2588	32.0	5380.964817523956
155	0.2003957	0.038374003	0.34643683	0.13256659	69.78322	2.5741134	1.2512226	6.5266285	-1.7307626	1560000	3.3569336e-08	0.56324875	-0.07481951	-0.51228994	10.008474	0.015249609	0.2542	32.0	5416.958412408829
156	0.20217684	0.036832023	0.32584628	0.11644778	66.07947	2.5583014	1.2850838	6.3320746	-1.5417957	1570000	-3.6621095e-08	0.57191736	-0.088906385	-0.52556664	9.980004	0.015220596	0.3156	44.0	5451.996657371521
157	0.20280667	0.037050307	0.30360898	0.11337665	68.93793	2.5555627	1.2526876	6.3717437	-1.6147652	1580000	-6.1035155e-09	0.6343553	-0.021344872	-0.5813761	9.98382	0.014866975	0.2186	7.0	5484.876560688019
158	0.2085684	0.0411213	0.32071713	0.1137882	69.298615	2.686659	1.2811055	6.7915916	-1.3259473	1590000	1.9836426e-08	0.63052315	-0.019749211	-0.5470894	9.991934	0.015738811	0.2085	7.0	5518.322555303574
159	0.20694567	0.03551355	0.30365527	0.13538685	65.5329	2.6233141	1.2979646	6.6104865	-1.526657	1600000	0.0	0.6501512	-0.06889949	-0.60059494	9.954562	0.01554086	0.2353	28.0	5553.752120256424
160	0.21529062	0.040584583	0.3217128	0.11882423	62.880505	2.6507382	1.3030125	6.9405346	-1.6587268	1610000	0.0	0.6364207	-0.0792651	-0.58460915	9.960767	0.015355129	0.2688	35.0	5589.527037858963
161	0.2022533	0.034025904	0.30734098	0.13188556	69.8042	2.6165829	1.2884109	6.660781	-1.6053071	1620000	3.967285e-08	0.62857264	-0.07633278	-0.58014244	9.909358	0.015652599	0.2669	34.0	5624.067682266235
162	0.2030402	0.0376865	0.2978921	0.13122378	70.16197	2.6784494	1.2246109	6.701296	-1.2209548	1630000	1.6593933e-08	0.6166327	-0.07691936	-0.5707318	9.978801	0.015203613	0.2547	34.0	5659.014600753784
163	0.20955132	0.04075233	0.3235766	0.13180076	66.02	2.5825248	1.3048193	7.224919	-1.2585192	1640000	-1.0681152e-08	0.59753036	-0.07980922	-0.5489403	9.979071	0.0152582005	0.2712	36.0	5693.87576007843
164	0.20950964	0.038530897	0.3244718	0.13820049	67.432434	2.6697097	1.2953811	6.4489703	-1.483441	1650000	3.5858154e-08	0.56669194	-0.07524762	-0.5239317	9.947757	0.015123365	0.2589	33.0	5724.927782297134
165	0.2074934	0.037418723	0.3049262	0.12141211	70.97143	2.6868048	1.2875749	6.963118	-1.1800176	1660000	2.1362304e-08	0.58744735	-0.08029078	-0.53836095	9.979103	0.015269615	0.2793	36.0	5758.201701164246
166	0.20581686	0.04114284	0.3498261	0.10489026	66.40939	2.6563778	1.2978861	6.727183	-1.3702677	1670000	-1.525879e-08	0.5932129	-0.09173159	-0.5475685	9.97386	0.015151624	0.3197	48.0	5794.13519692421
167	0.20585226	0.036611695	0.29568377	0.13092001	72.86131	2.576916	1.3008914	6.3010044	-0.9712774	1680000	-6.67572e-08	0.63044256	-0.07651845	-0.5822558	9.91304	0.015423318	0.2553	33.0	5828.08602142334
168	0.20650311	0.039348524	0.3025504	0.121947415	66.69128	2.6901371	1.298859	6.727375	-2.0335286	1690000	9.155274e-09	0.6481262	-0.083920725	-0.5936273	9.90826	0.015034164	0.2853	40.0	5863.504400968552
169	0.2064132	0.041128997	0.33318996	0.11789828	69.43056	2.6000226	1.2587092	7.239214	-1.2815192	1700000	-1.1444092e-09	0.62947917	-0.09687034	-0.57411397	9.961997	0.015286285	0.3431	55.0	5900.9946982860565
170	0.20196323	0.03693729	0.32523972	0.13454494	70.23239	2.677484	1.2920175	7.0026307	-1.2419176	1710000	1.0967255e-08	0.60329515	-0.07546288	-0.54995275	9.930959	0.015240741	0.2543	32.0	5936.3677546978
171	0.21188287	0.041765355	0.34479675	0.13335901	65.98013	2.6048336	1.2875214	6.5186734	-1.3787435	1720000	3.6621095e-08	0.5997983	-0.078579634	-0.5504349	9.918644	0.0154875675	0.2738	34.0	5971.3148493766785
172	0.21435694	0.038417194	0.31559944	0.12710929	67.78231	2.758364	1.2919961	6.8068132	-1.8054397	1730000	1.9073486e-08	0.6322144	-0.021060437	-0.58008116	9.825945	0.014944834	0.1886	7.0	6004.169993400574
173	0.21138142	0.03856811	0.3113052	0.13638625	68.35172	2.7630708	1.3555778	6.915157	-1.5237207	1740000	-1.525879e-08	0.6049749	-0.017207826	-0.5584916	9.893988	0.017479192	0.2048	6.0	6035.841381072998
174	0.21030146	0.040522642	0.317553	0.13220541	67.680275	2.690737	1.270887	6.347798	-1.1309485	1750000	-1.5258789e-09	0.6213067	-0.07604093	-0.57561296	9.914267	0.015278198	0.2606	33.0	6070.006670475006
175	0.21302056	0.03718707	0.31537646	0.12376591	68.848274	2.6485677	1.3027304	6.507443	-1.2804203	1760000	5.264282e-08	0.61212575	-0.017035896	-0.5534437	9.893763	0.017592436	0.2221	6.0	6103.718263626099
176	0.20875894	0.03747209	0.33424574	0.12504499	71.76259	2.7112122	1.3005773	6.819508	-1.270593	1770000	-1.2207031e-08	0.66224533	-0.09742994	-0.60762155	9.8708515	0.015249776	0.3421	59.0	6141.20401930809
177	0.20391694	0.03539173	0.31765336	0.13037094	70.23239	2.7064362	1.282121	6.702537	-1.2413449	1780000	3.5095216e-08	0.579829	-0.08559534	-0.5361942	9.888393	0.015312183	0.3011	41.0	6176.661447763443
178	0.21173987	0.03831776	0.3227728	0.14212514	67.28378	2.672327	1.3226316	6.266192	-1.3770206	1790000	-3.5095216e-08	0.63945514	-0.020989714	-0.58839464	9.9128895	0.0156142125	0.1841	7.0	6209.369678735733
179	0.2119567	0.045222383	0.33931756	0.14881043	67.33108	2.6897192	1.319432	6.718204	-1.0850358	1800000	5.722046e-10	0.6276727	-0.016985795	-0.5820147	9.831247	0.018648267	0.2375	6.0	6241.029099225998
180	0.21144018	0.039184287	0.35537496	0.1382268	73.5	2.6869438	1.2787391	7.001298	-1.4075463	1810000	-5.3215025e-08	0.6617586	-0.08643104	-0.6017185	9.864891	0.01504635	0.3103	44.0	6276.53732252121
181	0.21191807	0.0429586	0.3249232	0.14056195	70.056335	2.7489953	1.3320462	6.621342	-1.7225614	1820000	1.525879e-08	0.6667543	-0.07441181	-0.619967	9.87872	0.015432262	0.2538	32.0	6311.483376026154
182	0.21071476	0.039434135	0.31695244	0.14441633	72.36232	2.7532349	1.3223641	6.8111258	-1.6973017	1830000	3.8146974e-09	0.6818654	-0.07229347	-0.63038063	9.875652	0.015389048	0.2393	30.0	6346.407580137253
183	0.21992934	0.039899454	0.3338253	0.1423877	67.25676	2.78533	1.3393668	6.9503293	-1.6190575	1840000	3.1423568e-08	0.6699325	-0.10102158	-0.62083924	9.83771	0.01507619	0.3606	61.0	6383.111714839935
184	0.21615618	0.037928574	0.3136254	0.14534064	68.74483	2.7945328	1.311497	6.8197217	-1.9210662	1850000	1.5258789e-09	0.6391185	-0.084489346	-0.5956077	9.885422	0.015097211	0.2901	40.0	6418.084940433502
185	0.21238586	0.03956314	0.32059404	0.13328224	70.71631	2.802134	1.3155154	6.7341075	-1.9821955	1860000	-2.861023e-09	0.67980784	-0.08595171	-0.62593067	9.854578	0.015117609	0.306	41.0	6453.291396856308
186	0.21920812	0.041136503	0.3507809	0.13297486	65.986755	2.770597	1.3396525	7.1188254	-1.5404947	1870000	6.1035155e-09	0.70791084	-0.017465146	-0.65837157	9.816949	0.0177578	0.2197	6.0	6485.997643709183
187	0.21127808	0.041790485	0.35316873	0.13452356	69.395836	2.727864	1.3442593	7.0310163	-1.7733271	1880000	2.5939942e-08	0.69420564	-0.08680487	-0.6455699	9.843255	0.015288661	0.3055	43.0	6520.924130678177
188	0.21874262	0.036178354	0.305682	0.14053835	66.04636	2.733235	1.3386744	6.8033977	-1.210018	1890000	1.2207031e-08	0.6088982	-0.09784898	-0.57034856	9.820726	0.015115704	0.3407	55.0	6556.36590051651
189	0.21427256	0.0386738	0.3025027	0.12330801	69.8951	2.77333	1.3239744	7.0776396	-1.3589152	1900000	2.2888185e-09	0.62283283	-0.07223901	-0.57061285	9.812606	0.015441476	0.2473	31.0	6591.250805139542
190	0.2200528	0.03855158	0.3580479	0.15092832	69.02797	2.7615297	1.3682568	6.7081943	-1.8001769	1910000	-2.0217895e-08	0.6397663	-0.02159904	-0.59124494	9.784662	0.015478296	0.196	7.0	6624.349716424942
191	0.21974082	0.03984309	0.33853513	0.13960613	68.55173	2.8660123	1.3835659	6.914349	-1.011881	1920000	-5.722046e-10	0.6179371	-0.09745884	-0.5711723	9.7929945	0.015205472	0.3476	56.0	6660.323793411255
192	0.22092324	0.045590714	0.36252242	0.12872903	69.53846	2.772426	1.3701895	7.2515574	-1.4145417	1930000	3.6621095e-08	0.6848911	-0.0740576	-0.63233125	9.799617	0.015491968	0.2527	31.0	6693.517746925354
193	0.2172152	0.040632028	0.34106532	0.14376509	71.328575	2.8272395	1.3924116	7.019424	-1.9224457	1940000	-1.9073486e-10	0.67603856	-0.07567073	-0.62646455	9.766986	0.015413945	0.2703	33.0	6728.625431537628
194	0.22116505	0.041087817	0.3667559	0.12943381	68.965515	2.818172	1.3624684	6.711615	-1.6443198	1950000	-2.89917e-08	0.6644996	-0.077556975	-0.6163276	9.786907	0.015240927	0.2663	35.0	6762.40385222435
195	0.223552	0.038859442	0.31705657	0.13755353	67.89796	2.864055	1.3649436	6.790539	-1.2815012	1960000	-2.2888184e-08	0.6319532	-0.10344973	-0.5827561	9.777172	0.01506172	0.3707	66.0	6798.919134616852
196	0.22125396	0.044491775	0.4256215	0.13464783	68.606895	2.8216345	1.3699108	7.361433	-1.5768421	1970000	3.6907196e-08	0.66650546	-0.07554936	-0.6116771	9.774856	0.015525196	0.2612	32.0	6833.619985580444
197	0.21898559	0.037336	0.30741835	0.116007395	67.96575	2.7962973	1.3761992	7.360687	-1.22483	1980000	3.0517577e-09	0.6629432	-0.09261396	-0.6102962	9.725065	0.015180148	0.3238	50.0	6869.173323869705
198	0.21657413	0.039181136	0.33831912	0.121779986	73.15441	2.8641255	1.3525661	6.62757	-1.5793248	1990000	-4.577637e-09	0.7088799	-0.08852097	-0.6543471	9.7393875	0.01523156	0.3069	43.0	6905.415488004684
199	0.21956223	0.038337752	0.30112636	0.14249411	69.18056	2.8259723	1.382949	6.9185004	-1.6091719	2000000	-1.8310548e-08	0.6711135	-0.018630529	-0.621151	9.773745	0.015058161	0.2219	6.0	6938.061631441116
