Epoch	EntIndex	EntCoeff	AverageEpRet	StdEpRet	MaxEpRet	MinEpRet	AverageTestEpRet	StdTestEpRet	MaxTestEpRet	MinTestEpRet	EpLen	TestEpLen	TotalEnvInteracts	AverageQ1Vals	StdQ1Vals	MaxQ1Vals	MinQ1Vals	AverageQ2Vals	StdQ2Vals	MaxQ2Vals	MinQ2Vals	AverageVVals	StdVVals	MaxVVals	MinVVals	AverageLogPi	StdLogPi	MaxLogPi	MinLogPi	LossQ1	LossQ2	LossV	Time
1	1.2	0.2	118.46453	32.70356	224.76878	78.37325	260.90146	5.735577	267.13852	250.42593	23.533018	46.9	5000	-9.016015	66.23753	112.98859	-165.59431	-9.01365	66.2374	113.11142	-164.12001	-12.21511	73.98	114.35904	-193.3778	35.45787	155.56337	17844.562	-16.938452	7.678825	7.7605762	391.73428	20.692381620407104
2	1.2	0.2	121.132	35.087887	254.31995	78.361885	253.64322	7.6198654	265.7001	242.71684	24.096153	45.9	10000	159.84949	80.6894	361.68066	-104.13103	159.84894	80.699486	362.0742	-75.85738	172.35298	79.44604	363.1519	-73.36249	4.246029	6.1473827	41.779396	-16.454	11.929557	11.974884	28.169493	40.774187088012695
3	1.2	0.2	290.42548	68.31984	527.5062	147.03252	280.62787	11.667305	304.15076	261.75027	55.255554	53.9	15000	302.41428	119.93523	452.37454	-105.54792	302.41217	119.95477	449.7816	-119.33184	316.85165	109.846504	452.59058	-124.42094	3.6884243	8.509927	41.273468	-16.687586	58.110847	57.54157	80.169136	64.3448703289032
4	1.2	0.2	371.37305	63.320797	529.1099	278.80225	269.9938	10.690303	284.51398	253.46336	72.57971	49.5	20000	286.29648	128.37096	441.3414	-128.243	286.29193	128.38585	443.4576	-128.22415	294.67834	122.466866	440.8766	-147.51704	0.39953554	8.777759	48.50056	-17.752098	35.208622	34.697136	56.37319	87.8420398235321
5	1.2	0.2	379.8469	89.87507	649.45135	208.68242	393.374	30.857933	455.1724	352.41132	73.632355	76.2	25000	238.97672	129.89882	431.9537	-92.78101	238.97505	129.91333	431.6499	-108.23816	244.53072	127.85059	429.16574	-132.44153	0.023546048	6.817517	103.17802	-18.3215	32.83709	31.657286	50.96027	111.53875017166138
6	1.2	0.2	413.905	84.53118	636.45233	283.79587	338.77158	19.282366	368.39218	303.2931	84.93104	74.5	30000	200.93634	115.8462	395.7879	-66.9912	200.93434	115.85468	391.8255	-69.12063	205.09062	115.025055	387.7108	-77.80901	-0.9327929	6.098863	109.263725	-17.277113	28.517504	27.833645	42.549538	135.01525449752808
7	1.2	0.2	446.2244	117.66065	832.057	232.12605	465.8422	88.01692	574.3352	316.57663	90.0	99.4	35000	183.53131	102.226715	356.17862	-65.26461	183.5331	102.22693	354.8205	-48.924175	186.92186	101.67743	345.25516	-77.41009	-2.840804	5.1021214	71.99204	-17.909878	21.477436	21.287191	31.891117	158.81563019752502
8	1.2	0.2	431.87762	103.332275	704.14124	255.32195	396.68643	66.88031	524.1259	328.0437	88.57895	87.3	40000	177.86838	96.814995	329.5535	-32.451836	177.86774	96.81605	328.53574	-30.256138	180.78098	96.384224	327.09457	-47.09475	-4.037528	4.744596	51.504944	-16.844841	16.047203	15.91356	24.440382	182.80324006080627
9	1.2	0.2	488.30234	116.93523	951.05133	310.1332	462.62125	43.169197	523.64075	403.66696	97.666664	87.6	45000	177.97382	95.08487	329.51993	-28.640945	177.97348	95.08939	331.54465	-22.953075	180.78003	94.83016	328.18158	-23.954657	-3.9214303	4.4947886	83.848656	-17.732924	13.815804	13.686252	21.002188	206.69541788101196
10	1.2	0.2	513.9808	104.159706	868.26807	381.78656	419.45752	18.169476	463.5234	398.3328	99.94	78.7	50000	182.95018	96.676956	339.39014	-23.236933	182.95012	96.67973	336.18576	-21.352312	185.68552	96.45929	335.0519	-27.186966	-3.8079011	4.4329596	34.389343	-16.956686	12.779671	12.567145	19.32389	230.56521081924438
11	1.2	0.2	531.24347	130.31238	987.7213	364.11523	503.5191	45.58778	580.73846	440.93042	103.916664	99.5	55000	188.02864	98.31396	341.9726	-26.413893	188.0288	98.31489	344.8376	-19.848192	190.60114	98.10455	340.66287	-20.450294	-3.9293768	4.384715	80.74657	-16.9905	11.867459	11.791119	18.18754	254.65146017074585
12	1.2	0.2	537.39764	120.52908	840.6252	304.07874	589.5423	64.782715	685.0886	484.45456	105.270836	114.7	60000	191.1056	99.00677	347.00333	-28.265038	191.10635	99.00769	344.8751	-32.155518	193.50961	98.73389	346.3505	-22.208424	-4.2164793	4.3296146	24.710342	-17.186495	11.623643	11.556066	17.51051	279.2435986995697
13	1.2	0.2	544.84174	141.1414	1046.311	356.81085	556.7938	66.779495	708.2911	464.11765	108.45652	103.0	65000	193.44301	99.60096	347.4756	-23.802711	193.44328	99.60139	348.31516	-22.731573	195.68301	99.32032	346.6783	-39.48133	-4.5284967	4.2679443	34.313137	-18.10059	11.820269	11.680408	17.41872	303.3242554664612
14	1.2	0.2	589.7277	131.04227	872.2968	346.60406	564.24677	71.00631	701.5676	449.87616	115.674416	112.2	70000	194.89264	100.24197	348.97208	-35.82846	194.89223	100.244156	352.29675	-23.557812	196.96819	99.988014	348.15213	-31.279362	-4.650929	4.1994724	29.152548	-16.828505	11.773911	11.662106	16.77849	327.6206955909729
15	1.2	0.2	541.81335	125.92017	976.35034	364.13666	474.61505	32.614162	503.22986	406.129	106.893616	89.1	75000	197.13501	100.63145	356.37256	-25.60474	197.13586	100.63118	358.03864	-41.354122	199.17229	100.38326	356.37875	-43.09313	-4.688026	4.1038227	67.80301	-16.972317	12.081066	12.072542	16.835909	352.0557141304016
16	1.2	0.2	571.0807	139.44493	1132.1603	405.19986	718.1242	227.33939	1357.5032	482.98013	114.36364	142.8	80000	199.37581	101.21916	356.8328	-23.61085	199.37569	101.219666	355.82227	-26.877405	201.33276	100.968056	354.89545	-30.202	-4.7374487	4.133335	30.565924	-17.423878	12.146129	12.038439	16.407984	376.95054364204407
17	1.2	0.2	539.74005	111.79518	861.5598	352.9301	642.8694	100.53731	774.52014	471.38608	108.565216	130.9	85000	201.7905	102.06911	360.26935	-26.366308	201.79102	102.070984	358.9253	-22.873013	203.6789	101.81443	359.75012	-31.81857	-4.824211	4.102695	42.740192	-17.453526	12.3119335	12.214733	16.321802	401.59102153778076
18	1.2	0.2	571.5006	137.05487	933.25684	351.42303	572.2812	90.59203	738.93353	467.11386	114.75	109.8	90000	203.6046	102.60991	361.265	-21.441465	203.60527	102.611824	361.75134	-18.299181	205.44725	102.35479	359.27298	-43.84473	-4.7617006	4.0384927	65.605705	-16.890022	12.278998	12.122746	15.855179	426.2346625328064
19	1.2	0.2	561.62494	127.164665	970.65686	364.81976	568.77893	144.36803	820.8075	362.65274	111.818184	113.5	95000	205.25728	102.51255	364.2071	-17.409468	205.2563	102.51516	362.62183	-38.004017	207.00099	102.24813	361.4877	-58.722897	-4.8683147	4.0958366	64.29721	-17.810179	12.348702	12.207157	15.8216305	450.5032448768616
20	1.2	0.2	563.6775	130.31627	1032.4205	369.05084	704.2146	103.64676	942.5689	566.4955	111.755554	140.9	100000	206.188	103.09737	364.5477	-51.31785	206.18863	103.098404	364.132	-25.462614	207.85631	102.84059	362.07013	-57.806087	-5.0580034	4.031269	88.89072	-17.79742	12.2748	12.134081	15.552795	475.42074155807495
21	1.2	0.2	553.0573	131.75513	909.02856	341.08334	639.4465	132.9361	936.7407	518.6035	112.068184	126.2	105000	206.66289	102.94818	363.3211	-19.494568	206.66266	102.950584	364.33673	-30.528826	208.24588	102.663925	362.32166	-30.128235	-5.111256	4.0182486	40.552017	-17.312336	12.0341015	11.813465	14.886239	500.0921266078949
22	1.2	0.2	594.45294	173.36989	1065.3331	325.3806	660.61316	63.01522	736.016	532.9717	119.59524	125.5	110000	207.43199	102.69299	364.41324	-34.422256	207.43265	102.69517	362.9563	-29.803251	208.95586	102.40964	361.60403	-37.6026	-5.137953	4.0369544	56.35492	-18.321459	11.957664	11.66674	14.546436	525.1435623168945
23	1.2	0.2	545.63	113.43826	941.78564	381.60703	646.9088	88.189255	836.6694	550.8209	106.80851	128.3	115000	207.80565	102.70107	363.76602	-18.556068	207.80554	102.70341	362.43933	-32.01427	209.304	102.403015	362.46313	-27.398947	-5.356748	4.0030417	73.0769	-17.702822	11.747339	11.587809	14.161625	550.0351777076721
24	1.2	0.2	602.54504	183.70386	1136.2588	308.57724	612.365	93.291794	805.18945	526.0182	119.52381	117.6	120000	209.42543	102.64183	363.76834	-20.630371	209.42549	102.64365	365.31616	-23.386084	210.88718	102.34473	363.56976	-23.554443	-5.398403	3.9442391	61.622482	-17.199327	11.535187	11.371495	13.715949	574.9301204681396
25	1.2	0.2	598.1874	146.33784	1091.5088	363.53934	631.13586	78.105774	747.5826	494.06793	118.21429	122.6	125000	211.12701	103.309425	362.2047	-22.964523	211.12685	103.31202	362.95316	-18.701614	212.51408	102.994156	362.63293	-22.147295	-5.522168	3.930909	49.59587	-17.782364	11.697336	11.428144	13.629919	599.7038650512695
26	1.2	0.2	657.935	200.88503	1243.1456	356.93304	667.8947	156.1177	984.9787	461.05646	131.76315	136.8	130000	212.64803	104.37856	365.2544	-32.16921	212.64876	104.38046	365.72186	-19.479856	214.00433	104.09181	364.1857	-25.381834	-5.378335	4.014861	67.083305	-16.770014	11.874799	11.730278	13.753763	624.9739637374878
27	1.2	0.2	651.7875	215.59543	1401.741	415.06802	672.89374	199.67317	1068.3317	502.7812	128.97437	128.1	135000	213.21237	104.52763	368.20654	-25.825377	213.2123	104.52887	365.3047	-38.482193	214.53648	104.22408	364.61826	-19.570507	-5.3290915	3.9505339	32.431942	-17.293924	11.921768	11.757969	13.567437	650.1262304782867
28	1.2	0.2	611.0605	110.17687	1000.5299	436.20435	576.3558	71.876236	767.10004	503.1177	122.48781	109.4	140000	214.55136	104.98353	368.12198	-24.982492	214.55138	104.98499	369.86774	-18.111189	215.86635	104.70507	367.69202	-41.651	-5.3315983	3.9158144	66.62829	-18.170076	12.1210985	11.989349	13.886182	675.1227788925171
29	1.2	0.2	645.39923	164.34135	1147.8303	388.9304	592.15674	72.851814	729.6009	450.64136	126.82051	111.3	145000	215.94748	105.87189	370.12582	-29.775404	215.94865	105.87276	369.68933	-27.033243	217.25761	105.57471	367.98624	-18.502434	-5.3104186	3.9587514	45.2952	-16.683043	12.209635	11.954652	13.445232	699.7944195270538
30	1.2	0.2	653.28687	166.15056	1066.0842	388.5102	685.838	75.84527	874.4299	574.6575	130.13158	138.7	150000	217.30269	106.19186	371.3436	-43.129948	217.30197	106.19444	370.57782	-17.529799	218.57526	105.906654	371.56198	-18.287752	-5.2502775	3.9926906	109.983574	-16.98928	12.265238	12.069654	13.355966	724.757071018219
31	1.2	0.2	656.78827	216.78732	1398.619	394.83337	668.2272	93.473885	870.8969	533.9026	131.8718	129.3	155000	218.70038	106.52108	372.54376	-31.751646	218.70058	106.52245	371.76196	-24.54527	219.97409	106.24262	371.16995	-30.51051	-5.2961755	3.931607	170.60344	-17.442183	12.288229	12.029879	13.187576	750.5018582344055
32	1.2	0.2	648.7278	163.41277	1026.0919	363.8376	518.9222	71.964745	662.7341	454.79825	127.79487	96.8	160000	220.1946	107.27718	374.70325	-17.61284	220.19476	107.279305	376.15182	-19.367023	221.44449	106.977486	372.73865	-36.13256	-5.359429	3.9495127	29.564852	-19.064154	12.601916	12.376436	13.317829	775.2560701370239
33	1.2	0.2	674.45996	198.60475	1445.0586	443.55084	532.6863	20.782433	563.94836	502.8338	135.45946	108.9	165000	221.661	107.979645	377.74835	-45.80104	221.66136	107.9812	376.54135	-17.53869	222.90186	107.722466	376.21753	-29.204851	-5.2477717	4.0112686	31.749748	-17.43657	12.688535	12.567772	13.364232	800.2905745506287
34	1.2	0.2	674.84186	163.9805	1187.2297	400.03513	731.4679	93.63036	948.7003	632.1133	130.89189	139.9	170000	222.41136	108.39889	378.7006	-23.724586	222.41118	108.40096	378.88208	-19.75291	223.61496	108.137505	376.3046	-21.360167	-5.309351	3.9147713	34.799885	-17.791988	12.794993	12.571426	13.370796	825.1273112297058
35	1.2	0.2	625.2983	154.12727	946.5398	385.31998	751.05115	169.96837	1145.5507	565.6242	123.95122	149.8	175000	223.46053	108.74428	378.21228	-13.4813	223.46114	108.74433	379.52597	-15.356305	224.65971	108.483116	379.22192	-20.096104	-5.2522917	3.969052	35.652298	-17.471788	12.734435	12.620908	13.23533	850.9602854251862
36	1.2	0.2	693.7209	200.19353	1287.9421	359.8603	625.76056	103.207985	803.5125	519.2052	136.56757	121.1	180000	224.55211	108.822754	381.55414	-23.597002	224.55232	108.824066	381.44772	-19.978027	225.77159	108.56475	381.3689	-32.06215	-5.3430996	3.9529767	28.53721	-17.05473	12.663385	12.4474945	12.955686	876.6240775585175
37	1.2	0.2	679.5088	194.126	1208.3004	408.88596	561.51746	166.6147	852.2452	368.08966	135.43243	108.7	185000	226.25763	108.98491	381.32294	-34.747593	226.25803	108.98778	382.03592	-25.495768	227.45645	108.746284	381.68234	-21.03567	-5.3070803	4.016193	31.052017	-18.165628	12.813141	12.553701	12.862976	902.0631313323975
38	1.2	0.2	741.0747	230.5501	1461.294	459.94315	529.7867	67.20779	645.969	431.59256	146.73529	102.3	190000	227.59813	109.829094	383.67758	-31.258554	227.59792	109.83041	385.49405	-19.23438	228.79955	109.573235	382.41223	-37.623436	-5.270724	4.0533123	56.450134	-18.079006	12.9079895	12.808748	12.952602	927.136533498764
39	1.2	0.2	695.35596	224.65514	1463.5566	443.48618	796.5658	193.68279	1151.748	494.1274	135.37837	155.7	195000	229.04701	110.58971	387.86404	-34.383896	229.04659	110.591064	385.09335	-21.33116	230.23154	110.33637	385.64514	-24.743305	-5.174415	4.186423	32.71255	-16.464308	13.087629	12.944615	12.929023	953.0981910228729
40	1.2	0.2	729.3666	221.61061	1294.9886	391.47488	621.65686	95.89189	851.955	482.07764	146.11765	130.7	200000	230.72499	111.469475	387.61023	-17.366394	230.72528	111.47051	388.53113	-22.93465	231.90106	111.23534	388.506	-20.571306	-5.059096	4.214049	33.226833	-17.516243	13.292041	13.211689	13.091929	978.476692199707
41	1.2	0.2	721.63605	204.64764	1314.7206	427.53076	722.02185	245.60461	1204.1497	517.8041	143.05714	144.1	205000	231.00336	112.13064	389.64542	-27.095196	231.0036	112.13181	388.81796	-20.076351	232.18369	111.92299	391.17993	-29.346668	-5.003257	4.285421	34.038563	-17.895058	13.643947	13.536796	13.361588	1003.9899256229401
42	1.2	0.2	792.57043	251.3226	1350.4312	309.21017	603.9514	40.135334	699.7534	548.98944	156.3125	113.2	210000	233.07019	113.02117	392.18524	-21.187492	233.0704	113.02394	392.46625	-13.405394	234.27208	112.821754	395.04163	-20.423796	-4.9182324	4.3062015	36.05843	-17.060104	14.015703	13.758263	13.482905	1029.432298898697
43	1.2	0.2	825.2658	237.41946	1239.8917	419.31717	780.1378	134.79596	1042.4874	537.7097	163.96666	151.6	215000	235.02524	114.04499	396.28	-37.46588	235.02531	114.04639	393.77307	-21.726957	236.20322	113.86219	393.3656	-28.490616	-4.8363943	4.2901344	34.838787	-16.564247	14.300124	14.074103	13.544708	1055.0684180259705
44	1.2	0.2	879.64667	273.14032	1649.185	533.5716	603.9044	88.24492	774.00073	440.11847	175.48276	119.3	220000	236.0362	114.38302	395.81497	-18.503733	236.0359	114.38503	397.0977	-31.761265	237.19688	114.19436	396.1984	-28.095705	-4.7332916	4.3225856	39.493767	-17.438126	14.728944	14.4981165	13.786263	1080.915848493576
45	1.2	0.2	788.3835	221.16371	1236.5208	408.03915	833.0887	201.43988	1222.9115	583.5869	157.45161	168.6	225000	237.29607	114.763115	397.27615	-22.01615	237.29631	114.76483	396.08163	-22.879515	238.44894	114.578865	398.88437	-20.65432	-4.733967	4.3454742	31.538143	-18.39067	14.779365	14.611178	13.756293	1106.3717415332794
46	1.2	0.2	878.8285	335.60663	1663.8702	374.25314	798.9298	172.81908	1179.1975	597.971	174.17241	155.0	230000	238.61655	115.224655	398.11865	-15.954392	238.61623	115.22663	399.52368	-22.708971	239.75244	115.06663	398.509	-15.792294	-4.686075	4.329983	52.73782	-16.466187	14.848882	14.780475	13.7990465	1132.5086033344269
47	1.2	0.2	828.9639	265.30286	1627.6024	413.5526	666.6609	93.379135	866.93567	542.36597	165.16667	130.5	235000	240.00604	116.01545	400.43118	-17.131554	240.00581	116.017235	400.95465	-22.687204	241.15587	115.852875	401.56027	-22.815203	-4.502969	4.43312	42.279354	-16.6351	15.039026	14.8741	13.792722	1158.2849071025848
48	1.2	0.2	913.93195	269.82108	1678.7667	421.6099	813.0658	130.33406	1057.4155	651.9749	183.03572	161.5	240000	241.31122	116.76883	400.11145	-34.356167	241.31206	116.76941	400.44955	-36.623436	242.45366	116.60039	401.73093	-40.030636	-4.5215955	4.428296	41.737644	-17.225328	14.924219	14.808105	13.724194	1184.7125074863434
49	1.2	0.2	1122.1932	577.6481	2852.7417	564.7781	653.63855	173.57246	962.3854	442.48938	223.27272	132.3	245000	242.97275	117.643684	404.90173	-18.43121	242.97322	117.64383	405.59833	-15.502177	244.13188	117.48775	403.75015	-25.909588	-4.4054537	4.450994	38.869682	-17.183254	15.300829	15.2341385	13.777412	1210.2504451274872
50	1.2	0.2	1127.7793	440.0245	1987.3544	562.50867	759.2081	261.06802	1375.796	535.1366	223.72728	160.7	250000	245.30278	118.602	406.0751	-25.314516	245.30281	118.60371	406.76468	-21.775747	246.45691	118.44861	405.89932	-25.511591	-4.390307	4.525516	42.79299	-17.222528	15.715962	15.592379	14.251426	1236.3279356956482
51	1.2	0.2	1577.0354	808.0508	3301.752	624.4025	753.6429	131.75258	1071.3005	602.9254	319.0625	146.5	255000	247.32692	119.730354	411.4278	-19.619362	247.32639	119.73248	410.06326	-18.77683	248.50996	119.606995	410.7987	-18.960384	-4.154947	4.655195	47.318287	-17.913668	16.144188	16.006687	14.413467	1262.833484172821
52	1.2	0.2	1026.0785	352.82617	1894.6523	556.88666	778.14185	159.59377	1081.9138	613.67316	207.79167	158.7	260000	250.17326	120.98856	413.77646	-27.97024	250.17166	120.99162	414.5848	-17.390657	251.36307	120.85414	413.1662	-22.832764	-4.1085234	4.730994	43.390812	-17.141605	16.405865	16.352467	14.61683	1289.0802688598633
53	1.2	0.2	1058.2177	424.8536	1959.1934	409.94772	1132.2472	464.06363	2285.0774	650.9637	215.86957	236.3	265000	252.01337	122.159836	415.19635	-21.844048	252.01297	122.16304	417.62268	-21.091541	253.18271	122.06955	419.96542	-18.595076	-4.040288	4.7310457	33.677063	-16.8241	17.113148	17.114338	15.28173	1316.2634770870209
54	1.2	0.2	1014.01666	293.24606	1835.562	594.3272	900.45575	180.81352	1121.7058	593.946	205.12	175.9	270000	253.05403	122.82066	418.63196	-19.318089	253.05244	122.82437	417.9252	-17.37568	254.20586	122.70184	419.1095	-23.188837	-3.928274	4.8047895	44.81895	-18.062258	17.514374	17.39442	15.444563	1343.3985686302185
55	1.2	0.2	971.7658	393.3268	2020.505	523.3065	809.9446	179.46472	1146.3762	589.4537	196.08333	162.2	275000	254.12325	123.09356	417.51102	-25.438852	254.12103	123.09723	418.60602	-16.857838	255.2323	122.96422	418.61478	-27.08288	-3.946932	4.744497	48.858753	-17.305582	17.80869	17.791752	15.444597	1368.9256553649902
56	1.2	0.2	1209.858	683.08234	3018.0173	491.20032	660.38	94.99104	809.2389	520.91974	248.95238	127.3	280000	255.11996	123.5289	420.0636	-45.02388	255.11783	123.532684	420.9208	-20.609236	256.29132	123.452126	419.76117	-34.903397	-3.8024375	4.8245177	64.89383	-16.790972	17.901001	18.005108	15.505565	1395.8681457042694
57	1.2	0.2	1116.396	466.5757	2262.64	521.70874	916.959	97.309006	1109.6647	811.02094	226.09091	180.7	285000	257.0348	124.23744	424.13498	-25.218456	257.03192	124.241974	423.5401	-19.294281	258.18726	124.14501	422.2935	-25.001112	-3.732976	4.8609514	38.745438	-16.941622	17.911041	18.015274	15.480115	1422.5942342281342
58	1.2	0.2	1160.4248	500.4362	2539.9812	607.1258	728.88965	155.50694	936.32056	479.5783	235.85	143.2	290000	259.2296	124.674416	425.14468	-20.923306	259.22833	124.67757	422.42047	-18.233902	260.39377	124.59372	423.15964	-24.650036	-3.6316268	4.9077954	42.818016	-19.164015	18.05821	18.149645	15.45145	1448.2370553016663
59	1.2	0.2	1147.9552	494.58847	2486.807	557.9669	664.38824	133.45372	917.5291	465.196	232.40909	127.9	295000	261.3075	126.33503	426.34882	-19.211683	261.30524	126.33792	427.50284	-22.087585	262.47086	126.24248	426.27167	-40.90941	-3.5380166	4.931372	57.271507	-17.133175	18.349133	18.412392	15.828198	1475.1620626449585
60	1.2	0.2	1119.7548	640.994	3064.2253	505.47882	830.8537	191.30197	1262.1049	511.0679	227.18182	168.1	300000	262.992	127.06252	427.9649	-31.912539	262.99088	127.06662	429.90515	-38.53942	264.12146	126.96503	430.78494	-40.5761	-3.3746276	5.023117	47.58421	-18.984682	18.835224	18.858137	16.090878	1501.9757814407349
61	1.2	0.2	1328.2203	567.00476	3054.2017	663.3427	440.6744	27.841625	490.46927	406.33405	270.21054	95.6	305000	264.4088	127.72716	431.74652	-28.13182	264.4074	127.72972	432.16992	-26.907972	265.54562	127.65817	430.87177	-49.788746	-3.236885	5.127176	77.27332	-17.45674	19.237753	19.309235	16.524097	1528.7313144207
62	1.2	0.2	1265.326	609.71356	3356.793	699.20776	1079.092	229.81184	1541.629	815.9847	256.4	215.8	310000	265.44608	128.5426	433.55356	-22.209482	265.444	128.54396	434.86166	-22.079435	266.57907	128.48575	434.58438	-38.689163	-3.1838555	5.097575	61.096413	-17.405739	19.62087	19.742687	16.740133	1556.8569202423096
63	1.2	0.2	1641.0371	1079.7632	4867.329	582.42444	788.9352	140.926	1016.5743	611.05505	336.5	156.6	315000	267.17828	129.4082	435.67786	-21.971886	267.17758	129.40903	435.05557	-22.112827	268.35645	129.37701	435.53568	-26.277622	-3.1412635	5.195516	60.326645	-17.811516	19.544392	19.688246	16.58625	1582.6127259731293
64	1.2	0.2	1688.5441	935.01025	4052.95	607.5453	1669.4631	743.5149	3279.6016	878.02045	344.64285	332.3	320000	269.624	130.31007	436.21506	-19.085175	269.62195	130.31187	439.53476	-24.820461	270.80377	130.25247	437.849	-38.31095	-3.156513	5.202222	40.202274	-18.053373	19.939102	20.17602	17.008213	1610.817283630371
65	1.2	0.2	1296.6549	973.02936	4865.537	489.19568	874.91943	466.10678	1790.2451	502.36295	265.35	182.1	325000	272.74835	131.59131	441.19275	-20.813244	272.74722	131.59286	441.24402	-40.29156	273.94525	131.54514	442.67896	-52.959465	-2.9291048	5.3028584	48.936546	-17.076569	20.248816	20.405645	17.029516	1639.1795182228088
66	1.2	0.2	1583.3214	696.4992	3134.7224	651.3041	771.0811	80.963196	895.74316	589.8072	317.375	157.6	330000	274.86176	132.81978	445.7162	-21.10442	274.8605	132.82205	442.14136	-31.925129	276.0495	132.77707	443.9179	-53.453224	-2.811047	5.312675	54.641026	-17.005205	20.96963	21.11933	17.531506	1666.464765548706
67	1.2	0.2	1357.2837	994.21826	4262.6567	534.42	1272.578	1292.9854	5136.5977	702.24207	275.44446	245.8	335000	276.90024	133.59546	446.36072	-25.563898	276.8988	133.59772	446.75473	-33.035336	278.10876	133.54135	446.72656	-24.227388	-2.693264	5.3218975	47.73627	-17.19971	21.287828	21.311533	17.683725	1694.5260736942291
68	1.2	0.2	1438.1045	777.62585	3088.126	638.68555	671.5864	107.1438	824.85626	494.08737	289.05884	133.6	340000	278.75543	134.7561	449.10583	-19.316267	278.75327	134.75696	448.0301	-26.883331	279.9715	134.72398	451.00775	-40.792057	-2.5975373	5.3574586	72.60443	-16.501366	21.647726	21.856817	18.171516	1721.169691324234
69	1.2	0.2	1522.8063	942.00635	4922.525	746.6235	928.8832	149.09459	1140.012	575.5078	305.88235	182.3	345000	280.54565	135.38	451.04745	-17.809053	280.54562	135.37988	450.6149	-21.892384	281.7633	135.3176	449.9502	-23.55642	-2.6209595	5.412552	66.743126	-16.845074	21.918701	22.116325	18.124325	1749.3560655117035
70	1.2	0.2	1731.5641	897.8703	4309.9575	697.26935	882.417	311.56024	1779.763	570.1895	349.92856	172.7	350000	282.55017	136.22249	453.41177	-24.92757	282.54953	136.22197	453.9712	-29.688757	283.74	136.17215	454.18768	-42.271145	-2.5510306	5.483745	50.669033	-16.872513	22.246473	22.370512	18.191046	1776.2972164154053
71	1.2	0.2	2031.7856	1141.56	4897.663	934.90967	836.1459	115.85041	1032.6871	692.2756	414.5	178.0	355000	283.7734	136.46281	453.98938	-23.221445	283.77228	136.46384	453.98257	-16.691101	284.95032	136.41336	455.03452	-26.283218	-2.6170619	5.47658	57.246475	-19.255293	22.335348	22.476128	18.324303	1803.5929613113403
72	1.2	0.2	2097.8123	1166.5328	4867.4907	929.81415	803.0056	111.92109	1025.9562	592.3696	427.5	157.5	360000	284.99045	136.7558	456.78528	-30.323376	284.98984	136.75777	457.00253	-22.733974	286.16	136.71477	456.96097	-52.98797	-2.5887582	5.480289	43.70119	-18.333277	22.704271	22.68508	18.241806	1831.2108330726624
73	1.2	0.2	3223.8777	1232.8578	4944.1274	1424.8721	983.76953	211.09625	1326.4012	750.38434	660.1429	191.3	365000	287.31042	137.05238	460.652	-20.31675	287.3093	137.05205	455.7449	-24.977364	288.48294	137.00252	456.2504	-29.572569	-2.6020632	5.4217	56.678883	-18.204746	22.442015	22.639688	18.333956	1857.5234034061432
74	1.2	0.2	1689.0272	631.02136	2964.6055	623.6811	2011.9529	995.891	3912.7458	811.3817	346.46667	401.3	370000	289.11578	137.88887	457.13025	-31.820831	289.11563	137.8893	459.9782	-20.175781	290.29	137.83655	459.171	-32.49126	-2.3595982	5.4631495	49.086563	-18.287813	22.716574	22.801878	18.125345	1888.1792347431183
75	1.2	0.2	2058.4937	1273.718	4833.015	841.90295	964.5223	229.60678	1626.6488	783.82806	418.41666	187.4	375000	291.4812	138.28873	460.98642	-30.648993	291.47943	138.28983	459.3535	-22.052578	292.68018	138.20584	459.64658	-31.423752	-2.4010212	5.4730387	53.570026	-17.33935	22.64869	22.738928	18.486809	1916.095776796341
76	1.2	0.2	1665.97	1146.844	4992.2573	451.51273	2678.334	1677.002	4918.7	813.63495	335.85715	546.5	380000	293.78986	139.34209	460.8656	-27.032871	293.78943	139.342	461.79257	-26.967495	295.0267	139.29224	462.36655	-28.518745	-2.3444886	5.4417834	48.99894	-18.28127	22.918133	22.994007	18.544018	1946.8011319637299
77	1.2	0.2	1599.7877	862.94116	3444.4768	592.1646	1247.044	369.0554	1975.921	847.6538	321.05884	246.9	385000	295.72238	140.24364	464.71353	-32.37881	295.72195	140.24355	462.46875	-22.093811	296.9042	140.15959	462.49368	-48.18024	-2.3338351	5.5251293	51.342896	-17.625214	23.13444	23.133131	18.595715	1976.781487941742
78	1.2	0.2	2086.5193	1176.765	4796.2344	779.60297	1700.2776	1445.4264	4500.4463	520.4854	427.18182	330.5	390000	297.5575	140.75243	464.85495	-19.72462	297.55582	140.7533	466.51602	-27.157936	298.73587	140.6736	463.93503	-26.52022	-2.496518	5.4382386	46.90299	-17.739342	23.739584	23.892227	19.034462	2005.0253026485443
79	1.2	0.2	1774.1163	877.2765	3360.2683	815.9496	1711.9086	1080.6023	4007.3564	762.6772	361.42856	335.6	395000	298.38007	141.16452	464.69067	-27.8697	298.3801	141.16542	465.52283	-23.056469	299.54077	141.0911	465.17914	-36.105316	-2.3946757	5.397146	50.233963	-16.654793	24.11069	24.212183	19.197247	2034.7502012252808
80	1.2	0.2	2104.0916	1325.5729	5011.8115	514.8667	3457.6028	1834.9507	5028.1367	939.0488	423.63635	693.2	400000	299.93796	141.45174	473.13657	-21.531818	299.9372	141.45206	468.79364	-21.487469	301.11218	141.36632	465.65082	-37.70323	-2.2706597	5.495356	47.91368	-17.042414	24.280817	24.240541	19.134365	2067.098268032074
81	1.2	0.2	2313.4036	1173.4742	4924.0557	1221.4298	1359.3264	949.08264	3990.3325	696.0283	469.63635	275.9	405000	301.82794	142.63582	470.94193	-35.416092	301.82724	142.63487	469.3987	-41.214046	303.0217	142.58029	470.17746	-32.1752	-2.1655447	5.5112004	44.80302	-18.07638	24.794813	24.860401	19.791775	2096.553530693054
82	1.2	0.2	2135.1292	1015.1723	4027.1477	732.6857	1401.0493	775.70795	3425.5852	696.69305	433.33334	270.8	410000	304.23172	143.19812	475.6118	-50.27065	304.2315	143.19887	471.18213	-33.17324	305.39545	143.11095	470.58618	-30.650272	-2.2115164	5.4578185	59.276123	-17.528162	25.086124	25.076355	19.693966	2126.3825948238373
83	1.2	0.2	2951.7217	1508.4493	5009.168	878.66345	2959.0813	1590.4478	5053.769	1319.6221	589.0	584.2	415000	305.41193	143.3595	476.3687	-35.548172	305.41217	143.35864	472.99326	-26.669075	306.57907	143.26143	473.32162	-28.030882	-2.0953953	5.559467	62.296085	-17.227837	24.93217	25.082005	19.55151	2157.764781475067
84	1.2	0.2	2213.5632	1090.507	4525.169	792.85016	1133.3209	368.85672	2050.772	693.9405	447.0	219.4	420000	306.83258	143.68933	473.08945	-36.793266	306.83243	143.68907	472.29697	-27.345547	307.9775	143.57846	471.50034	-28.761272	-2.2990854	5.552133	64.12967	-16.41568	25.127697	25.091639	19.596104	2185.932344675064
85	1.2	0.2	2102.1152	1331.9825	4869.334	702.2161	1262.6989	556.2871	2549.9504	677.0603	429.25	244.3	425000	308.23526	144.07773	474.62845	-21.334627	308.234	144.07915	477.4397	-20.419395	309.40604	143.98177	474.26657	-28.340088	-2.247272	5.5417624	60.095913	-18.572077	25.283823	25.305061	19.587748	2215.210102558136
86	1.2	0.2	2941.3481	1827.98	5024.562	589.3467	3199.261	1674.187	5115.1377	949.4834	595.0	624.1	430000	309.9934	144.5198	477.73862	-36.313335	309.9933	144.5197	475.20276	-31.161606	311.11044	144.41588	478.18826	-48.129856	-2.300831	5.5032067	53.9727	-16.918484	25.945034	25.876915	19.931894	2249.3373081684113
87	1.2	0.2	2275.906	1073.6216	4934.649	1318.7535	2601.3955	1790.6399	5103.546	777.11774	456.3	517.9	435000	310.56088	145.02522	475.658	-28.97719	310.55975	145.02643	476.9481	-26.209206	311.68494	144.94365	475.62836	-42.478413	-2.1108665	5.465651	54.435562	-16.453835	26.343988	26.310314	20.322071	2279.8199560642242
88	1.2	0.2	2885.2148	1415.6333	4913.5195	805.4433	4258.5195	1113.3755	5102.027	2022.7373	582.1111	839.4	440000	312.47937	144.91885	476.81128	-49.083866	312.47974	144.91951	478.2588	-47.444122	313.62805	144.81755	476.8916	-58.262173	-2.208464	5.4229774	44.102203	-17.194447	26.305378	26.252716	20.246414	2316.0498292446136
89	1.2	0.2	2516.5083	1467.1807	4930.5537	779.2854	1567.6838	853.5582	3545.445	821.51086	510.0	306.4	445000	314.6449	144.96371	476.86615	-32.9747	314.6445	144.96498	478.546	-51.134247	315.7789	144.83455	478.82208	-35.137463	-2.1521914	5.510738	44.910572	-16.475615	26.08651	25.84048	20.024035	2346.12061214447
90	1.2	0.2	2159.5723	1279.6693	4872.2905	689.14307	1966.3627	1175.6132	5015.94	737.1769	439.63635	389.2	450000	315.97067	145.31647	478.45633	-58.789085	315.96994	145.31816	478.17023	-41.52414	317.07025	145.20561	478.56607	-50.133293	-2.2510624	5.484006	65.67737	-17.980345	25.953331	25.923136	19.886776	2376.083845615387
91	1.2	0.2	3255.4666	1248.7257	4965.8066	1245.4851	3607.0925	1397.6536	5123.918	1306.6685	660.25	718.6	455000	317.12415	145.60925	478.43954	-47.77811	317.1241	145.60916	479.655	-54.25641	318.22565	145.46878	481.13693	-55.178997	-2.2362266	5.48752	55.285137	-16.142105	26.07033	26.022266	20.163643	2411.1784896850586
92	1.2	0.2	1868.327	912.483	3800.666	788.33203	3266.821	1977.9036	5110.523	709.61127	377.92307	640.9	460000	318.1765	145.72165	484.45752	-38.78553	318.17627	145.72409	479.28375	-39.307518	319.2724	145.60736	481.44766	-57.53058	-2.3203042	5.465088	54.5495	-18.052084	26.231005	25.967243	19.960588	2444.109851837158
93	1.2	0.2	3562.4688	1026.0487	4972.4834	2562.8254	2188.4053	1144.3547	5057.1787	928.54254	722.4286	436.0	465000	319.9743	146.38089	483.39346	-43.315002	319.97363	146.38158	483.6245	-45.739414	321.08774	146.27122	482.22678	-57.804214	-2.0948398	5.579716	52.03257	-17.007408	26.062172	26.037733	19.95365	2475.429528236389
94	1.2	0.2	2149.3828	1459.096	4866.8296	828.3965	2948.363	1530.0549	5099.002	1000.4448	439.2	579.7	470000	323.10016	147.00636	483.54718	-92.27717	323.10052	147.00717	482.01077	-53.06182	324.17444	146.86435	484.9872	-70.35066	-2.4694293	5.456243	50.54791	-16.555073	26.414108	26.29924	20.432505	2506.0866706371307
95	1.2	0.2	2287.5955	1403.9668	4796.678	735.91077	4720.542	853.3424	5118.6353	2397.6504	457.9091	922.7	475000	323.64465	147.80116	487.84628	-41.037376	323.64398	147.80246	486.05798	-48.843563	324.74216	147.67381	486.23724	-58.243393	-2.209629	5.538215	60.62354	-17.954054	26.868113	26.738674	20.43295	2542.7146615982056
96	1.2	0.2	2659.8303	1302.588	5043.639	1445.3582	1677.8789	1166.4904	4838.756	814.3261	530.8889	333.9	480000	324.76846	147.72363	486.3659	-39.87452	324.76825	147.7248	486.4589	-47.066307	325.8361	147.59476	484.5201	-51.655228	-2.087762	5.501841	57.027798	-16.592375	26.54454	26.560299	20.143497	2572.4291474819183
97	1.2	0.2	3091.0413	1421.5146	5029.341	1506.1113	4177.586	1290.4841	4952.9316	1282.2157	627.6667	862.7	485000	326.2828	147.49957	486.89563	-40.761948	326.2823	147.50067	486.2388	-47.356045	327.39703	147.37209	486.55685	-39.689983	-1.9438571	5.51997	52.681885	-17.550608	26.967312	26.859344	20.214834	2610.7793114185333
98	1.2	0.2	2734.3762	1718.7675	4934.16	988.6906	2504.485	1435.8707	5115.0063	853.4152	549.625	490.3	490000	327.90903	148.29773	487.84424	-20.637585	327.9088	148.29874	489.19406	-28.155643	328.97067	148.13748	487.5093	-29.294605	-2.1148105	5.5271	54.45886	-17.824673	26.487837	26.488873	20.179611	2640.4709825515747
99	1.2	0.2	2629.9404	1691.7167	4924.299	496.24866	3550.5422	1167.1184	4995.116	1707.5386	529.4	719.4	495000	328.69897	148.29193	487.6861	-34.560375	328.69794	148.29367	488.84055	-43.63586	329.76978	148.14548	487.29584	-31.195889	-2.1874068	5.556019	58.12129	-16.900045	26.947847	26.937576	20.535036	2676.1964902877808
100	1.2	0.2	4511.949	563.1997	4974.581	3341.441	4584.808	1079.5884	5114.046	1703.952	914.5	900.5	500000	331.12552	148.25873	492.75778	-27.171604	331.1254	148.26007	490.80966	-36.218758	332.2264	148.11066	489.79944	-32.312943	-2.2460368	5.5482635	63.839645	-16.953804	26.692688	26.566603	20.10745	2714.4258427619934
101	1.2	0.2	3456.879	1446.8011	4936.7676	1354.013	4233.8022	1643.1587	5063.0767	865.5066	703.0	837.7	505000	332.86142	148.97502	489.5685	-23.456913	332.86133	148.97577	489.74915	-22.905605	333.9377	148.81114	489.03085	-29.860653	-2.1085913	5.6470175	62.89878	-17.470116	27.002039	26.945545	20.418549	2747.480473279953
102	1.2	0.2	3170.1143	1584.119	4896.307	928.14655	2266.6035	1161.2238	4793.684	1043.4509	646.55554	450.5	510000	334.4382	149.14465	493.45914	-23.385954	334.43854	149.14511	491.20636	-28.670593	335.50275	148.9876	491.02628	-46.693523	-2.1069362	5.5903573	51.09621	-18.184065	27.051928	26.937725	20.616098	2782.1739449501038
103	1.2	0.2	2820.9282	1446.1252	4924.7095	850.49207	1375.1587	404.7766	2285.659	936.9121	575.0	271.0	515000	334.99893	149.40132	494.3902	-41.605114	334.9989	149.40326	493.6613	-32.747643	336.04437	149.23459	491.4606	-44.04845	-1.9773408	5.64674	57.052673	-16.624151	27.483957	27.241518	20.728874	2810.5301611423492
104	1.2	0.2	3259.4702	1433.654	4971.284	1317.4696	2806.8745	1383.4962	4963.339	948.30865	662.875	567.6	520000	335.851	149.5785	502.23166	-30.014679	335.85004	149.5808	492.32376	-27.159428	336.92142	149.41432	493.35986	-28.297302	-2.071243	5.5981884	52.31615	-17.949673	27.248285	27.063986	20.113419	2844.5044186115265
105	1.2	0.2	2705.967	1469.2681	4923.3354	981.6517	2350.852	1001.1272	4783.6816	1377.6321	549.625	456.9	525000	337.8329	149.08215	491.19495	-38.26055	337.83234	149.0847	491.20468	-20.176336	338.8888	148.90881	491.79395	-26.426535	-2.1517317	5.6121664	74.44645	-19.099066	27.295282	27.04703	20.330044	2874.1998476982117
106	1.2	0.2	3993.4597	1087.8124	4928.687	2276.6782	1674.2656	721.579	3616.4712	975.1266	810.7143	333.3	530000	339.9372	149.24855	492.66696	-23.834202	339.93723	149.24985	496.6689	-36.201942	341.04382	149.08177	495.11484	-34.593224	-1.9868401	5.794354	89.17135	-18.01106	26.721817	26.646008	20.153448	2907.400337934494
107	1.2	0.2	3384.2283	1090.169	4902.0483	1586.81	1499.5941	799.36505	3038.7625	658.75934	684.5714	296.1	535000	341.8112	149.67441	494.64813	-21.903671	341.81064	149.67607	494.70227	-32.636982	342.89743	149.49475	494.71967	-29.319073	-2.1636178	5.9340873	62.289257	-17.130154	26.847937	26.695713	20.409964	2936.766490459442
108	1.2	0.2	3083.93	1517.6355	4927.4233	571.4382	2679.1794	1688.2882	5103.5073	897.867	627.2857	524.6	540000	343.69983	149.82547	495.49945	-21.308466	343.6995	149.82724	496.6669	-22.6311	344.7984	149.63985	494.69473	-26.198627	-2.013718	5.970036	115.62737	-16.98602	27.11064	26.91731	20.46795	2967.716525554657
109	1.2	0.2	3906.4282	1110.6509	5016.3394	2318.1555	1734.1146	960.27167	4337.793	992.2408	790.4286	338.4	545000	345.59518	150.1228	497.39813	-21.199516	345.59555	150.1234	498.10858	-25.075628	346.7183	149.92043	496.9591	-30.415194	-2.0915415	6.0556355	83.612915	-17.42825	26.836351	26.807636	20.408125	3000.484981060028
110	1.2	0.2	2565.4658	1172.1577	4825.137	1171.2258	2871.9956	1502.4625	5111.902	1274.616	523.7	560.8	550000	347.08728	150.20058	500.13513	-21.07342	347.08606	150.20177	499.5356	-22.522038	348.1828	150.00943	500.0559	-49.552383	-2.2500572	6.0063734	53.093258	-20.190096	26.925127	26.969988	20.176743	3034.4207973480225
111	1.2	0.2	3136.861	1490.8179	4947.291	1252.7344	1865.2299	657.3642	3046.9526	1063.6624	640.7143	367.6	555000	347.439	150.78691	500.44193	-26.18779	347.4387	150.78836	498.18848	-26.227867	348.48932	150.58733	498.3867	-45.425102	-2.3330934	5.968794	88.95944	-17.132673	27.007496	26.713861	20.034975	3064.1825563907623
112	1.2	0.2	2687.6794	1504.899	4925.864	859.1333	3719.9128	1620.668	5150.982	907.4376	545.3	725.6	560000	348.16837	150.80624	501.01572	-27.761335	348.1679	150.8078	501.9857	-24.963924	349.26614	150.60649	500.85968	-25.257622	-2.0743449	6.145838	62.088665	-16.92274	27.627052	27.580782	20.877062	3100.7669270038605
113	1.2	0.2	3578.9292	1512.9241	4938.5894	906.5644	2183.1316	1347.7761	5075.385	910.4023	726.5714	427.6	565000	350.46222	150.61453	498.71265	-43.1745	350.46216	150.61621	501.08752	-21.824907	351.57224	150.39001	499.99237	-28.708136	-2.038168	6.171761	60.543613	-16.468609	27.137934	26.94969	19.956743	3132.8908915519714
114	1.2	0.2	3390.2524	1780.7656	4926.623	869.37115	4284.2373	1347.3416	5138.296	1561.0604	695.4286	840.5	570000	351.59656	150.755	499.60806	-46.10844	351.59674	150.75368	500.5168	-28.082087	352.67477	150.54381	503.62534	-29.040737	-2.2218523	6.089574	56.87867	-16.461187	26.741201	26.821943	20.17759	3168.7927889823914
115	1.2	0.2	3243.9473	1488.8706	4902.202	1524.737	2125.9517	876.7266	4016.1345	1028.1187	659.7143	421.3	575000	352.9381	151.07272	500.4499	-29.285694	352.9377	151.07436	502.78784	-23.527798	354.0039	150.86191	501.6669	-23.810013	-2.357343	5.9438043	69.31534	-17.574177	27.018177	26.985762	20.0974	3199.715632200241
116	1.2	0.2	3227.3984	1523.4731	4880.6177	1172.0303	3123.4749	1977.1661	5112.192	994.68024	658.1429	612.9	580000	354.07227	151.23512	502.74762	-47.847958	354.07175	151.23601	501.96732	-47.910385	355.13208	151.0242	501.3692	-23.297459	-2.4027836	5.996386	59.996025	-17.656511	27.29767	27.454786	20.225035	3232.5774211883545
117	1.2	0.2	4000.9587	1541.3989	4947.884	631.6153	989.5303	201.73094	1359.2202	759.49036	815.1429	197.3	585000	355.67697	151.2686	506.58118	-29.3003	355.67575	151.26955	504.80542	-24.449419	356.74414	151.03836	506.02487	-55.24954	-2.430914	5.9515176	68.87659	-16.785515	27.122864	27.117306	20.35208	3264.808669567108
118	1.2	0.2	3117.3286	1576.5106	4942.9497	1240.9652	1661.8948	1161.1414	5011.48	940.8352	636.1429	329.5	590000	357.50156	151.00919	503.86374	-23.996983	357.50235	151.00914	505.6948	-21.005249	358.61606	150.7922	504.10083	-27.39075	-2.233917	6.0956745	56.134644	-17.476456	26.821918	26.818485	20.386055	3294.004852771759
119	1.2	0.2	3843.0957	1364.081	4925.338	1510.2332	3959.798	1694.2668	5076.399	1151.2273	779.0	781.8	595000	358.9168	151.59251	507.09348	-33.84598	358.91562	151.59225	508.887	-32.33993	359.9851	151.38435	505.66995	-26.71595	-2.2722087	6.035277	59.34314	-17.584986	27.016367	27.16027	20.354744	3331.3170931339264
120	1.2	0.2	2569.8352	1615.8707	4944.458	896.2867	2777.3403	1328.8334	4925.0166	1410.467	524.6	553.4	600000	359.03857	151.80165	506.95923	-23.893267	359.03854	151.80183	504.60168	-30.283289	360.11362	151.57704	504.85638	-29.89495	-2.218483	6.1354165	58.35119	-17.176935	27.14726	27.234152	20.393782	3365.5802648067474
121	1.2	0.2	4387.6333	576.073	4964.663	3609.8538	3052.4258	1186.5944	5082.7476	1534.3148	897.8	606.3	605000	361.04745	151.89131	507.88147	-26.96658	361.04602	151.89189	514.0407	-22.501427	362.1083	151.6783	507.90152	-29.918337	-2.4440982	6.0865707	67.72164	-17.477516	27.139072	27.247608	20.501383	3397.864732503891
122	1.2	0.2	4083.2756	1328.1927	4953.7383	1316.2444	2502.6685	1277.3375	4970.4727	1157.2954	834.1667	490.5	610000	362.0869	152.25883	509.04178	-42.492294	362.08774	152.25853	516.82745	-26.73965	363.15613	152.0455	509.1685	-40.93927	-2.265507	6.143969	60.758976	-16.748825	27.536589	27.677023	20.880146	3431.1362597942352
123	1.2	0.2	3960.068	1350.5403	4928.929	1618.8373	3899.254	1027.1577	5058.986	2344.3152	806.6667	776.8	615000	362.8929	152.34518	510.7704	-24.17165	362.89157	152.34532	511.1805	-22.705488	363.97452	152.13654	507.47964	-38.256954	-2.1315303	6.1908317	76.807556	-16.581299	27.881456	27.932413	20.94939	3466.672836303711
124	1.2	0.2	4342.305	671.2338	4949.9478	3115.2866	4577.534	1025.6506	5118.6313	2271.3342	884.1667	901.2	620000	364.37558	152.31363	509.46375	-23.516247	364.37582	152.31383	516.28156	-34.588615	365.4495	152.10622	510.55988	-27.848282	-2.1607227	6.137103	64.97509	-17.44301	27.368267	27.563427	20.412252	3505.1002123355865
125	1.2	0.2	3542.3843	1341.8215	5026.496	1811.7783	2423.0156	1429.8268	5123.358	1237.6967	716.8571	473.5	625000	365.62845	152.40062	509.51962	-26.723078	365.62704	152.40263	511.41647	-28.862816	366.6887	152.21136	509.96762	-37.594162	-2.2646918	6.0800567	57.919643	-17.43528	27.479328	27.48021	20.433708	3538.349728345871
126	1.2	0.2	3306.3857	1516.3453	4950.832	492.86478	1902.3656	1247.6018	5081.219	740.0151	668.5	373.3	630000	366.68887	153.09457	512.2591	-52.77556	366.68756	153.09496	512.28796	-29.599403	367.73264	152.88661	510.98132	-29.411766	-2.2476377	6.100248	72.325386	-18.339506	27.681662	27.942654	20.744902	3571.7943036556244
127	1.2	0.2	3909.346	1191.4745	4926.7656	1604.4941	3466.8196	1642.6768	5082.853	979.61176	799.3333	684.0	635000	368.0467	152.86601	512.67926	-30.416737	368.04663	152.86636	511.43243	-18.2895	369.14426	152.67757	514.28906	-25.559605	-2.0321124	6.1339774	62.732964	-18.060299	28.103642	28.258457	20.885828	3606.4488615989685
128	1.2	0.2	4081.4949	1408.9663	4928.887	1062.3962	2895.413	1442.2638	5143.852	1098.7417	832.0	567.4	640000	369.16833	153.27509	515.8529	-25.445015	369.16772	153.27556	517.52936	-22.78539	370.26276	153.0688	514.03516	-31.214844	-2.2443016	6.191832	69.19381	-17.240465	27.925093	27.905365	20.893751	3640.1509714126587
129	1.2	0.2	3555.4475	1583.6239	4958.489	1350.8717	1782.816	567.69055	2867.1733	1013.6507	721.2857	348.5	645000	371.37408	153.50656	516.61456	-30.40329	371.37387	153.50577	520.1988	-34.136086	372.46756	153.31796	515.88464	-27.139902	-2.0666664	6.2499723	94.24737	-16.802174	28.402582	28.570261	20.922565	3672.0328483581543
130	1.2	0.2	3643.45	1498.6655	4958.1836	1492.7511	2423.9255	1408.0038	4967.768	936.21643	743.8333	486.6	650000	372.88705	153.86359	515.26245	-43.829098	372.88617	153.86502	519.4261	-58.967457	373.96893	153.66234	516.0625	-54.575706	-2.191	6.2870398	80.272934	-16.876976	27.989908	27.997433	20.763006	3703.4634947776794
131	1.2	0.2	4478.822	739.1293	4968.4956	2887.6987	2326.6567	1104.6139	4044.2612	823.2074	916.6667	459.1	655000	373.0493	154.37132	518.5672	-21.003819	373.04938	154.3702	523.5088	-40.086895	374.0973	154.16125	517.6282	-33.761505	-2.3221831	6.1574583	72.79182	-17.308329	28.375643	28.456839	21.145775	3737.988367319107
132	1.2	0.2	3277.2346	1691.7284	5017.304	771.74713	1487.6633	721.41034	2907.6677	747.74054	660.5	291.1	660000	374.74582	154.06912	522.1193	-26.088713	374.74518	154.07051	517.3233	-21.411018	375.82565	153.87895	517.8954	-22.37163	-2.341068	6.1564555	71.499794	-16.93591	28.161514	28.207428	21.026756	3770.118933916092
133	1.2	0.2	4143.975	1499.7899	4953.7573	1145.3298	4186.905	1493.6705	5113.3394	1234.6665	843.8	822.2	665000	375.91464	153.99683	518.3195	-41.31117	375.91425	153.997	519.24646	-28.465208	376.97446	153.79205	517.92114	-28.040745	-2.1856084	6.2512913	69.75765	-16.78054	28.405876	28.402086	20.92906	3804.6544904708862
134	1.2	0.2	3519.5015	1793.9456	4985.318	782.8604	3572.4597	1669.4236	5172.415	1020.71063	717.875	690.3	670000	377.16605	154.17078	518.42993	-39.876987	377.1656	154.17195	529.85254	-35.443493	378.22586	153.96689	520.09784	-54.76907	-2.2169628	6.2657943	62.171406	-16.783527	28.383005	28.374195	21.120766	3842.819835424423
135	1.2	0.2	3584.1074	1377.4574	4902.057	1749.903	2295.0532	1112.0989	4223.711	1144.2677	731.0	450.9	675000	378.67877	154.28471	518.4887	-22.067581	378.67786	154.28535	529.8766	-20.29193	379.74066	154.06813	518.14874	-27.131643	-2.2315378	6.305152	69.51059	-16.436172	28.631453	28.778492	21.293215	3873.6344833374023
136	1.2	0.2	4472.3496	986.0512	4986.339	2270.5723	3668.4097	1457.4531	5101.0825	1190.59	910.5	723.5	680000	379.59097	154.52762	521.5757	-30.183414	379.59012	154.52724	521.8214	-25.703352	380.64703	154.31737	520.2753	-26.842264	-2.402141	6.2159863	68.59747	-16.904867	28.687384	28.988298	21.433079	3911.113959789276
137	1.2	0.2	4821.5605	274.71298	4989.3965	4274.815	2874.356	1471.4369	4988.29	907.1633	974.4	569.4	685000	381.0114	153.9301	523.71594	-23.158936	381.0115	153.93024	522.2949	-22.713705	382.08618	153.69225	519.57916	-28.096264	-2.221479	6.312842	84.46987	-16.808353	28.553776	28.59246	20.933712	3944.9485523700714
138	1.2	0.2	4551.3076	756.17584	4996.8037	3040.8083	2411.2117	1518.1039	4952.996	715.1447	922.6	482.1	690000	381.41974	154.35663	519.4693	-30.21756	381.41974	154.35638	520.25	-24.249939	382.47012	154.15909	519.55914	-51.498978	-2.366589	6.1833725	67.1988	-18.52294	28.258526	28.38838	21.18298	3977.1625213623047
139	1.2	0.2	3842.0386	1447.3713	4929.3057	1013.9732	1846.0154	883.3126	3909.89	1004.1341	783.0	362.3	695000	382.59225	154.4161	519.96265	-27.067575	382.59122	154.41504	522.0375	-21.691837	383.63705	154.20049	521.50146	-24.074009	-2.3894377	6.342257	93.48373	-17.936007	28.30323	28.412436	21.065905	4011.0122249126434
140	1.2	0.2	3965.8467	1383.8424	4936.966	1522.0774	1429.1227	510.99725	2788.1948	836.3197	802.5	281.1	700000	383.76443	154.3323	521.0292	-24.968695	383.7652	154.3349	520.3117	-36.355717	384.8047	154.1339	521.89484	-27.239626	-2.4269311	6.2307506	74.80515	-16.70431	28.500036	28.22868	20.955564	4041.832832336426
141	1.2	0.2	4781.205	213.8966	4918.4824	4356.647	3812.98	1194.5814	5102.991	1905.6696	973.6	753.7	705000	384.6474	154.28406	526.44525	-28.79198	384.6466	154.28348	522.38776	-25.15559	385.6926	154.07874	522.3284	-42.649036	-2.3020751	6.177244	66.508705	-17.049994	28.42523	28.632343	21.10045	4077.7433636188507
142	1.2	0.2	3957.8975	1343.5854	4897.427	1494.4081	1856.6895	1512.7645	4949.3804	741.50305	811.5	375.3	710000	386.2152	154.08366	521.4776	-50.377903	386.21463	154.0831	523.1292	-30.435694	387.31314	153.8602	523.2169	-33.793434	-2.2627628	6.327683	68.0331	-17.520016	27.924677	28.071114	20.652021	4110.204710245132
143	1.2	0.2	4578.1226	655.97217	4945.943	3116.7578	1148.6394	578.7484	2764.1663	763.27264	938.3333	227.9	715000	387.53217	154.53757	526.9047	-30.279997	387.53122	154.53725	523.993	-22.969524	388.56577	154.32468	523.9133	-25.462872	-2.5620868	6.2265615	60.05407	-18.02296	27.875116	28.048529	21.003258	4143.458696365356
144	1.2	0.2	4386.4746	970.46185	4914.9487	2446.2378	1539.7881	566.117	2643.5764	903.09094	899.8	301.4	720000	388.6728	154.89091	524.65094	-37.773617	388.67328	154.8899	530.36035	-35.705364	389.73474	154.68398	524.6279	-51.863384	-2.482531	6.2291074	65.76682	-16.934568	28.330616	28.496178	20.977684	4173.789235115051
145	1.2	0.2	4137.4297	1076.008	4912.884	2144.146	3804.2546	1321.2686	5132.456	1372.2281	846.3333	749.3	725000	390.8347	154.73685	525.2795	-29.347729	390.8342	154.73749	525.099	-40.929626	391.94077	154.53102	525.82855	-63.735325	-2.5520527	6.271543	64.02921	-17.778032	28.241295	28.214657	20.630358	4210.882602930069
146	1.2	0.2	4390.558	1015.66174	4885.0586	2121.7332	3711.7637	1643.7864	5132.4595	666.6016	908.3333	728.0	730000	391.63098	155.49626	525.8389	-50.09375	391.6302	155.49788	532.9663	-39.607468	392.69922	155.28787	527.04553	-28.550964	-2.4429348	6.2491226	67.36848	-17.179218	28.473259	28.414558	20.93763	4248.84922337532
147	1.2	0.2	4813.4604	61.80168	4870.767	4701.6025	1482.0249	629.4014	2393.464	687.7358	994.2	283.8	735000	392.57474	155.58614	527.1414	-34.69063	392.57465	155.58635	527.16284	-19.615532	393.6446	155.38628	526.7773	-29.897783	-2.23278	6.4307814	81.9187	-17.812292	28.379017	28.34296	21.241142	4280.394261837006
148	1.2	0.2	4035.431	1042.1638	4890.732	2499.263	3589.2163	1733.6144	5211.742	1028.7681	825.2	691.5	740000	394.5481	155.33054	529.7973	-38.121914	394.54752	155.32933	530.1728	-54.17789	395.60294	155.10619	530.11346	-35.675514	-2.5593991	6.3368945	69.947945	-17.77533	28.380657	28.512993	21.53608	4313.666455507278
149	1.2	0.2	3991.0754	1402.2086	4935.3164	1667.8251	3055.2795	1037.8376	4611.443	1036.3242	818.0	624.9	745000	394.6115	155.54422	528.44244	-25.698605	394.6113	155.54578	530.5635	-31.256197	395.63052	155.34172	532.2265	-32.50011	-2.3932822	6.194384	75.54174	-18.481934	28.834314	28.795107	21.27383	4351.881196022034
150	1.2	0.2	4367.333	723.30054	4932.5913	3093.4858	1770.9727	803.2213	3477.2034	1048.921	887.4	351.9	750000	395.66086	155.31386	532.1585	-39.222923	395.66043	155.31361	535.06006	-33.628925	396.7182	155.09935	530.4467	-33.98393	-2.0569696	6.3225865	67.90026	-18.102018	28.65803	28.709393	21.132053	4382.839905261993
151	1.2	0.2	4380.612	1212.5522	4956.597	1669.8187	4561.019	1007.4193	5116.4907	1951.7711	890.1667	911.1	755000	397.1892	155.32521	531.38416	-30.21484	397.1885	155.32594	529.4696	-25.218906	398.2761	155.09561	530.3522	-59.959896	-2.4419968	6.335752	63.90476	-17.648266	28.261087	28.200691	21.126604	4422.553009986877
152	1.2	0.2	4892.65	50.73385	4965.7695	4824.3813	1800.4004	1091.0294	4735.0864	912.2744	1000.0	352.9	760000	398.05087	155.57764	536.0614	-61.69524	398.0503	155.57657	533.3395	-27.193691	399.08737	155.35526	531.7041	-35.15319	-2.4005144	6.4433537	79.63107	-17.650837	28.837431	29.14787	21.522243	4455.715977668762
153	1.2	0.2	4595.7134	600.201	4926.3574	3396.5305	3458.9277	988.4094	5121.627	2189.9995	940.4	672.6	765000	398.4509	155.18262	532.75354	-30.244682	398.45084	155.1816	534.56726	-46.437595	399.48114	154.96913	532.321	-31.203072	-2.4095633	6.3246393	83.67435	-16.91004	28.481684	28.694538	21.576605	4490.944285869598
154	1.2	0.2	4846.3135	141.35016	4944.9355	4569.1436	3654.648	1677.1874	5038.3774	694.8363	987.0	738.4	770000	399.58368	154.86392	532.87396	-29.532478	399.5837	154.86536	530.88574	-33.271965	400.6449	154.65417	532.1433	-34.139877	-2.2700617	6.3805227	67.08287	-16.956957	28.654268	28.516914	21.244953	4528.309186697006
155	1.2	0.2	4882.272	35.90732	4936.7427	4828.0293	899.91296	141.33258	1209.0367	733.93665	1000.0	173.7	775000	401.09155	155.16115	536.8073	-37.395752	401.0904	155.1615	533.4515	-31.6656	402.1709	154.9348	531.4205	-39.00257	-2.4227228	6.5120983	71.88502	-18.954252	28.343702	28.236809	21.347017	4559.322390556335
156	1.2	0.2	4409.746	1091.6802	4925.717	1969.431	3741.2515	1711.7976	5116.7695	822.0028	899.8333	731.7	780000	401.95184	155.32205	533.695	-34.41727	401.95145	155.32301	533.38885	-54.87016	403.00653	155.09117	532.52966	-46.84178	-2.4310777	6.394298	66.07071	-17.541813	28.134186	28.20627	21.165781	4597.815262794495
157	1.2	0.2	3109.7515	1740.3993	4855.0903	770.9469	1760.2992	1538.014	4816.218	801.14526	635.8571	357.0	785000	403.05948	155.41168	534.46387	-30.98896	403.0596	155.41075	531.3708	-33.977028	404.1087	155.17007	532.0545	-37.908195	-2.6220658	6.335527	72.642784	-17.035292	27.836721	27.9511	20.916445	4629.182567596436
158	1.2	0.2	3556.914	1679.9296	4888.1846	1017.3258	2578.8376	1840.4124	5157.6353	896.5439	731.75	504.3	790000	403.9454	155.11339	534.78625	-37.593674	403.9454	155.11308	532.6521	-23.961233	404.99774	154.87958	536.56146	-43.60055	-2.5489213	6.3344517	87.43494	-17.00005	27.762243	27.86976	20.927929	4667.009289264679
159	1.2	0.2	4053.4265	1619.8667	4893.508	814.16016	1222.3431	1254.23	4533.791	520.82605	832.6	234.1	795000	405.30136	155.18547	534.496	-42.01148	405.30225	155.18417	541.2812	-40.26764	406.34085	154.98288	534.34863	-81.77436	-2.4265726	6.3226776	82.49883	-17.630386	28.360674	28.2879	20.976381	4695.990288257599
160	1.2	0.2	4510.275	873.8398	4938.033	2556.81	1567.1533	404.4637	2305.8638	974.2044	921.6667	309.0	800000	406.2258	155.32672	537.3347	-60.425373	406.22574	155.32718	538.72577	-27.826294	407.29288	155.08917	535.5495	-41.52112	-2.473771	6.3682175	92.44668	-16.947098	28.054329	27.992134	20.957266	4730.685633420944
161	1.2	0.2	4055.9656	1210.9098	4952.9106	1907.1821	2900.882	1407.3638	5166.1294	1279.9338	829.1667	561.7	805000	407.49957	155.5442	545.8071	-65.46804	407.49963	155.54263	542.23096	-50.0388	408.57306	155.33203	537.84076	-52.42282	-2.4624748	6.3420296	85.98654	-18.34453	28.110943	28.292116	21.026535	4766.268998622894
162	1.2	0.2	4552.931	449.81082	4942.4834	3950.523	4812.042	949.4416	5232.695	1995.797	929.0	938.7	810000	409.23236	155.9136	536.26215	-33.717236	409.2319	155.91481	541.4579	-34.23513	410.33514	155.70049	536.5779	-46.585533	-2.2631075	6.349847	83.80691	-16.843592	28.275251	28.239876	20.914356	4804.466440677643
163	1.2	0.2	4551.554	660.46686	5005.8765	3084.4153	2050.0044	1449.7917	5000.489	783.7583	941.6667	410.5	815000	409.72943	156.08855	546.7981	-42.828438	409.72937	156.08804	537.79675	-53.7787	410.77496	155.85495	539.6772	-50.17495	-2.582854	6.349657	72.936485	-17.384485	28.724419	28.782087	21.332417	4840.823176860809
164	1.2	0.2	4913.7803	80.58036	4979.9766	4759.198	1906.4202	1132.9624	4922.5605	750.1301	988.8	376.6	820000	409.673	155.44159	538.89484	-23.26935	409.67242	155.44025	538.60046	-65.50194	410.6703	155.20859	539.73193	-34.676495	-2.5025487	6.3296933	85.18831	-17.153303	29.099749	29.158127	21.74548	4874.3240442276
165	1.2	0.2	4680.922	496.77023	4982.3604	3690.1992	2370.0647	1127.7241	5038.9995	1097.0652	950.4	468.2	825000	409.7735	155.26558	541.55414	-26.45018	409.77307	155.26646	538.2726	-47.97153	410.8233	155.04251	537.4168	-41.045662	-2.3728235	6.4377546	93.75108	-17.447313	28.651777	28.701857	21.583906	4907.776491165161
166	1.2	0.2	4023.5225	1342.4252	4947.067	1507.0468	3790.4673	1760.5614	5181.1533	884.223	816.8333	741.4	830000	410.80948	155.27666	539.5801	-45.180298	410.80948	155.2756	537.5161	-74.04992	411.83984	155.05705	537.7695	-59.61651	-2.4056509	6.3850884	83.16232	-17.901213	28.879074	28.927069	21.566416	4945.211032629013
167	1.2	0.2	3608.0522	1516.2181	4952.563	1494.9587	4629.426	1088.4661	5078.683	1369.4056	737.2857	928.4	835000	412.13074	155.06686	540.20667	-35.05671	412.13165	155.0661	542.20123	-48.922073	413.19305	154.82701	539.7577	-37.212257	-2.3591928	6.3466935	85.88854	-16.654423	28.306717	28.193203	21.131216	4985.613149642944
168	1.2	0.2	4798.2915	268.23187	4951.2314	4263.0464	2268.1035	1390.4612	4890.717	666.81506	968.8	453.5	840000	412.96777	154.87575	538.8788	-36.066795	412.96637	154.87766	545.3603	-39.231255	414.01892	154.64914	539.37915	-59.10723	-2.4008107	6.293809	76.13875	-17.600372	27.551294	27.62471	20.635408	5019.760985612869
169	1.2	0.2	3750.1482	1606.7238	4944.9546	1293.4597	3393.5234	1458.4342	5090.218	877.76935	767.0	665.6	845000	413.93018	154.45898	541.01	-29.292618	413.9303	154.45927	540.7064	-26.70988	414.99274	154.21057	538.48425	-32.489395	-2.3581657	6.4714646	79.13038	-17.155945	27.576645	27.50456	20.536701	5055.2491018772125
170	1.2	0.2	4753.861	403.3666	4993.5415	3857.5564	2843.314	1442.6166	5016.7407	1008.0255	968.5	566.2	850000	415.19666	154.2705	539.8941	-44.748188	415.19684	154.26863	539.1549	-27.301434	416.26898	154.0073	539.0545	-58.08425	-2.5620053	6.3806524	66.30285	-17.876692	26.86123	26.914696	20.142336	5094.17529296875
171	1.2	0.2	4187.2095	1274.069	4835.626	1639.1012	3696.0515	1598.7279	5157.2915	986.63947	867.6	724.3	855000	417.0128	154.16565	541.2492	-49.96585	417.01382	154.1644	539.90497	-34.730183	418.12326	153.91899	540.47864	-35.377953	-2.7315588	6.395763	94.01339	-17.991331	27.163862	27.099382	20.247879	5129.410012245178
172	1.2	0.2	4761.3965	358.50925	4971.8857	4046.5747	4659.0854	810.1698	5133.41	2703.18	961.2	919.8	860000	418.40894	154.48454	542.9538	-47.79119	418.40845	154.48357	540.9298	-26.604013	419.45566	154.25574	541.15924	-32.192745	-2.734693	6.326268	103.1419	-17.852283	26.997297	27.093287	20.382837	5168.619632959366
173	1.2	0.2	4017.349	1360.7655	5039.725	1820.9431	2817.6	1540.1539	5110.751	984.5164	821.4286	551.6	865000	418.91827	154.49088	549.4259	-27.551615	418.91763	154.49303	541.32153	-35.06296	419.96558	154.24658	541.96906	-61.129955	-2.524108	6.343907	82.12761	-17.576443	27.332891	27.206675	20.32879	5207.323601007462
174	1.2	0.2	4872.6177	56.30905	4966.6616	4807.996	4980.384	123.61947	5177.7837	4851.8403	1000.0	1000.0	870000	418.7553	154.56259	541.8358	-38.34494	418.75577	154.56152	542.1273	-31.441347	419.8096	154.31085	542.10187	-49.73482	-2.4032376	6.469114	75.940155	-18.808424	27.656113	27.554625	20.475803	5248.1206221580505
175	1.2	0.2	4892.379	35.238594	4926.5913	4832.7534	3083.4788	1515.5989	4891.311	896.37	1000.0	633.8	875000	419.77756	154.34106	547.374	-31.186045	419.7779	154.34091	541.5597	-40.793514	420.8355	154.08022	541.1847	-47.86717	-2.6038613	6.378313	89.63343	-18.334896	27.274906	27.13648	20.429697	5285.004948854446
176	1.2	0.2	4930.321	99.500916	5089.6445	4823.0747	1900.6047	1093.9729	4813.3135	884.7047	1000.0	378.4	880000	420.31094	154.48166	543.44434	-42.64113	420.31052	154.48415	541.84064	-43.410316	421.3593	154.26443	543.0406	-41.963177	-2.5689926	6.4015326	83.07568	-16.925573	27.896069	27.6852	20.581528	5319.2905876636505
177	1.2	0.2	4632.803	560.23865	4976.823	3514.9817	3999.6367	1493.9911	5167.7974	1736.5989	945.2	777.6	885000	421.11697	154.5951	542.2528	-50.241417	421.1172	154.5932	546.1376	-54.221416	422.1301	154.35373	542.88464	-52.711834	-2.5886118	6.364579	86.47025	-18.825224	27.782764	27.924084	20.988283	5357.174234867096
178	1.2	0.2	4760.758	256.18326	4927.6777	4252.3594	1454.0542	982.4603	4239.0093	793.61285	973.2	288.3	890000	421.53827	154.5935	545.3309	-51.581284	421.53802	154.59186	545.61456	-32.051785	422.59473	154.36658	544.8588	-28.940277	-2.4514427	6.3547854	85.38027	-17.658466	28.032085	28.175583	20.859802	5389.893700122833
179	1.2	0.2	4329.6807	1446.3193	5035.625	1097.1094	3892.0925	1568.1855	5166.4746	941.3983	869.1667	767.8	895000	423.22906	154.7275	554.1298	-47.64227	423.22943	154.72672	542.8038	-37.279766	424.3212	154.49316	544.6817	-48.012547	-2.4153764	6.359023	85.365585	-16.59712	27.96383	28.013147	20.900492	5429.322117090225
180	1.2	0.2	4377.347	1154.719	4946.9746	1796.6195	1477.7155	1330.3817	5084.1787	712.2354	895.6667	288.5	900000	424.1928	154.65149	545.60394	-45.040955	424.1918	154.65236	545.91974	-34.492107	425.26895	154.40727	546.1016	-34.821808	-2.3096855	6.453394	90.540825	-18.299732	28.12145	28.093384	20.874302	5464.143267869949
181	1.2	0.2	4166.6587	1517.119	5009.337	1134.1582	4504.3765	974.1595	5147.4194	2465.3188	847.6	891.6	905000	425.36	154.26532	547.8605	-34.574265	425.36105	154.26479	547.5267	-28.242155	426.40854	154.00635	547.14935	-35.217834	-2.3998353	6.3520737	173.97519	-18.409777	27.923218	27.830477	20.835808	5501.203306436539
182	1.2	0.2	4927.663	43.262165	5003.032	4876.931	1247.2354	544.83856	2443.6506	652.68677	1000.0	243.3	910000	425.86533	154.12808	544.5904	-56.23239	425.86517	154.12527	547.96295	-43.35774	426.91183	153.8762	548.14453	-61.09128	-2.5363653	6.4248586	89.194275	-17.34831	27.353535	27.545876	20.286413	5534.130716085434
183	1.2	0.2	4954.668	35.158173	5013.2705	4916.2695	3816.7798	1866.0151	5107.363	894.2006	1000.0	757.2	915000	426.63794	153.70168	546.9757	-41.346825	426.63776	153.70221	546.2853	-22.525047	427.69498	153.44377	546.6794	-35.417282	-2.500248	6.3677583	92.19594	-16.866137	26.9223	26.985868	20.102566	5572.745796203613
184	1.2	0.2	4882.1514	86.04519	5032.66	4785.2554	4994.6	808.1827	5282.9966	2571.1792	1000.0	948.5	920000	427.61362	153.60696	545.4048	-27.408327	427.6133	153.60577	545.4652	-29.143194	428.67236	153.3469	545.73206	-60.49133	-2.6209145	6.391291	77.07751	-17.299706	26.464144	26.573719	19.87538	5613.273342847824
185	1.2	0.2	4342.2915	1459.7936	5067.5444	1079.4468	4693.835	1124.9554	5247.3853	1871.8306	869.8333	896.3	925000	428.9679	153.51073	548.53467	-30.725157	428.96854	153.51053	545.68005	-30.212448	430.0163	153.27675	546.9032	-35.09098	-2.5709865	6.3379807	95.30213	-16.981028	26.75761	26.614183	20.020853	5653.940651416779
186	1.2	0.2	4958.616	67.55476	5042.65	4872.941	5117.4365	110.595	5186.6035	4824.41	1000.0	1000.0	930000	428.97342	154.11497	550.8339	-50.220734	428.97375	154.1145	547.5218	-50.235188	430.02557	153.85677	548.4369	-31.715755	-2.5996802	6.377216	100.511215	-17.021824	27.188519	27.147293	20.330507	5695.279950380325
187	1.2	0.2	4915.4443	74.94716	5064.122	4865.904	4056.5098	1752.427	5173.7524	781.6406	1000.0	791.5	935000	430.19772	153.44138	550.46246	-26.902605	430.19757	153.4409	547.1017	-48.92465	431.27148	153.17319	549.0356	-47.49943	-2.57322	6.462159	119.711174	-17.635544	26.732847	26.925606	20.119238	5734.701134681702
188	1.2	0.2	4931.1636	51.731358	5012.4673	4871.637	3412.761	1683.3446	5224.332	862.6913	999.0	656.6	940000	430.94296	153.22523	547.3464	-30.857286	430.94235	153.22539	548.6103	-44.906494	431.96252	152.98312	548.0397	-65.84288	-2.8238103	6.2813225	104.242226	-16.755821	27.205471	27.170145	20.270382	5772.451835870743
189	1.2	0.2	3891.9058	1413.1777	5098.621	1595.7913	4689.75	819.1308	5223.0127	3048.5781	781.1429	903.3	945000	430.60388	153.07013	551.0275	-25.323694	430.60406	153.07095	548.79565	-42.1169	431.6044	152.82433	547.0355	-38.56859	-2.6019235	6.2877693	87.83436	-16.464985	27.385252	27.401438	20.109863	5814.355568647385
190	1.2	0.2	4852.1826	153.95052	4977.2627	4557.058	4762.575	794.2718	5256.7173	2942.1138	988.2	925.3	950000	430.21713	152.87143	546.2225	-50.40416	430.21747	152.86894	554.95795	-76.373085	431.21768	152.64034	548.40344	-43.085587	-2.8011105	6.2216825	110.6531	-16.686827	27.169165	27.033178	20.152025	5854.977101325989
191	1.2	0.2	4474.183	900.32916	4985.0156	2681.2847	2438.4578	1770.7864	4895.8394	695.63165	910.2	468.2	955000	430.52164	153.02704	553.946	-61.075394	430.5211	153.02724	548.1225	-61.718338	431.54837	152.76558	546.49066	-75.13485	-2.668223	6.3550844	89.092865	-17.051937	27.181208	27.295584	20.361341	5889.130238294601
192	1.2	0.2	4913.5	55.57746	4984.4673	4828.9043	4834.459	1064.5067	5197.664	1640.9691	1000.0	934.9	960000	430.93945	152.69905	546.0419	-58.42863	430.94022	152.69852	545.78265	-56.434074	431.95798	152.44987	546.3569	-55.574543	-2.758406	6.4136205	87.67702	-18.088076	27.348213	27.178707	20.1994	5930.060256242752
193	1.2	0.2	4937.546	77.147224	5022.0024	4825.2046	5166.7764	2.47351	5170.6772	5163.2056	999.2	1000.0	965000	432.1537	152.21172	544.9377	-23.91743	432.15332	152.21228	549.16394	-31.87494	433.19894	151.94281	548.1962	-42.45229	-2.8650897	6.4231215	103.579926	-18.184807	26.456953	26.611614	19.915308	5971.439448833466
194	1.2	0.2	4249.035	755.5151	4999.0303	3220.1382	3824.1382	1652.4946	5184.9775	897.90735	854.0	736.7	970000	433.4012	152.08826	546.9789	-30.677368	433.40173	152.08606	547.1634	-51.1187	434.4368	151.84163	548.5057	-53.309402	-2.679306	6.3878493	100.32264	-16.348862	25.95812	26.026846	19.440998	6011.444983959198
195	1.2	0.2	4913.634	28.732462	4957.068	4871.691	5054.128	137.78452	5151.598	4825.514	1000.0	1000.0	975000	433.80463	152.42847	553.51886	-40.430428	433.8045	152.42813	549.4965	-22.14657	434.83597	152.17809	547.39636	-65.5502	-2.6300857	6.3786	78.89148	-17.25932	26.214863	26.086323	19.584671	6053.114003419876
196	1.2	0.2	4851.4077	47.522896	4940.927	4812.148	3502.7996	1416.4729	5225.891	1422.2748	1000.0	687.6	980000	434.20343	152.31909	550.564	-28.577974	434.20395	152.3178	549.0095	-30.28931	435.20752	152.064	549.16	-32.061474	-2.8281915	6.494994	101.88705	-17.034267	26.248913	26.271791	19.744028	6091.362773656845
197	1.2	0.2	4892.0957	42.55553	4951.713	4837.5884	4204.5127	1436.0149	5198.479	1188.564	1000.0	817.9	985000	434.90976	151.86765	550.9397	-34.77033	434.90973	151.86682	548.67084	-39.422966	435.94614	151.58794	548.6345	-35.71918	-2.8155582	6.4289527	126.61138	-18.09523	26.447403	26.263996	19.769321	6130.964509963989
198	1.2	0.2	4598.284	524.63574	4900.479	3551.2476	4927.628	489.35687	5196.463	3706.4006	946.4	955.2	990000	434.52966	152.25006	549.42676	-28.037422	434.5292	152.25053	548.4863	-85.3252	435.5308	152.00177	548.44165	-34.29284	-2.8080375	6.4095664	117.35516	-17.583338	26.740932	26.805565	20.014526	6171.117122411728
199	1.2	0.2	4900.052	51.42677	4984.7837	4844.715	4779.038	1022.5629	5133.7153	1711.4246	1000.0	933.1	995000	436.13525	151.67982	550.03357	-31.94018	436.13654	151.67851	552.8248	-22.277317	437.18384	151.43352	549.54535	-51.122738	-2.7603376	6.3588266	114.0997	-16.728775	26.474615	26.274103	19.722652	6211.930291175842
