Epoch	EntIndex	EntCoeff	AverageEpRet	StdEpRet	MaxEpRet	MinEpRet	AverageTestEpRet	StdTestEpRet	MaxTestEpRet	MinTestEpRet	EpLen	TestEpLen	TotalEnvInteracts	AverageQ1Vals	StdQ1Vals	MaxQ1Vals	MinQ1Vals	AverageQ2Vals	StdQ2Vals	MaxQ2Vals	MinQ2Vals	AverageVVals	StdVVals	MaxVVals	MinVVals	AverageLogPi	StdLogPi	MaxLogPi	MinLogPi	LossQ1	LossQ2	LossV	Time
1	1.2	0.2	120.73002	33.697052	271.6605	78.57422	245.2446	9.498002	263.1372	224.60269	24.062801	44.7	5000	3.5465288	45.477577	99.285164	-102.90688	3.548231	45.477768	100.16178	-102.317856	1.1286654	51.237022	103.04489	-193.81914	21.40134	167.46165	15416.657	-18.756773	4.047405	4.05982	503.9334	19.2068190574646
2	1.2	0.2	121.381966	32.370377	217.31227	78.57688	249.48442	15.867373	272.62732	216.09816	24.125	46.8	10000	141.49727	75.78052	337.12314	-44.776672	141.4977	75.781494	341.02475	-41.28503	152.71053	76.07479	352.81125	-28.668787	2.8045561	5.592081	33.904366	-17.310472	8.906036	8.992229	22.202436	38.4797728061676
3	1.2	0.2	284.4183	89.17973	540.1429	105.33465	327.2784	13.60474	352.99655	310.07077	55.2	61.8	15000	280.03268	111.83316	434.2498	-146.02748	280.03134	111.82496	425.85046	-132.05473	293.35956	102.81588	423.30316	-153.70923	4.5896626	8.991898	44.076065	-17.611914	48.22164	49.63675	72.28808	59.27221155166626
4	1.2	0.2	361.82755	57.894665	604.3226	277.82254	429.313	51.156273	517.0004	358.2264	68.19178	81.1	20000	267.95786	122.01447	421.18427	-104.288155	267.95685	122.00805	422.66537	-89.82613	275.96753	116.76253	421.2154	-127.214645	1.0308077	8.855209	49.808434	-18.826433	28.376833	29.789238	49.613	80.12681365013123
5	1.2	0.2	376.13483	84.58824	571.1662	229.96825	343.60498	34.428314	433.91684	298.063	74.50746	69.0	25000	233.56937	122.57481	400.53055	-81.9884	233.56763	122.5701	402.1904	-76.16095	239.08325	120.27622	399.79416	-75.93917	-0.81083584	7.2608953	41.144695	-17.298668	25.217413	26.469902	40.60589	100.79415845870972
6	1.2	0.2	456.6747	93.53382	692.5812	283.39313	452.13467	42.728035	530.00854	414.05658	90.90909	95.1	30000	206.86754	115.15569	382.2103	-67.900444	206.86546	115.15037	378.128	-60.29616	211.43451	114.09498	374.6918	-64.31858	-1.2450626	6.1879745	50.036274	-16.766058	21.397526	22.686403	34.048923	122.10919284820557
7	1.2	0.2	472.8629	98.367294	800.0296	323.72647	422.74066	42.74744	461.5361	333.87613	94.41509	88.7	35000	197.4327	108.90788	370.52634	-55.87239	197.4314	108.90178	367.054	-72.017235	201.26003	108.25546	360.2478	-50.98826	-1.5349394	5.442027	73.21271	-17.466534	18.35845	19.335089	28.490438	143.24369931221008
8	1.2	0.2	501.96207	142.04941	887.4134	286.47617	567.53613	103.01304	827.58154	438.36905	102.14286	108.6	40000	192.45248	104.41167	364.84158	-60.496323	192.45227	104.40696	358.8537	-53.733597	195.8108	104.0156	355.62317	-68.010254	-1.7722852	5.018118	29.30623	-16.809252	16.505795	17.315918	24.997314	164.61779761314392
9	1.2	0.2	505.41467	109.714134	869.5101	332.6758	577.1592	65.85471	728.1989	496.4256	100.18	114.5	45000	192.3911	102.917885	352.5414	-40.069176	192.39165	102.91256	352.36005	-37.25863	195.42949	102.55109	347.6607	-44.09213	-2.3995519	4.8584867	33.908516	-17.089445	14.606852	15.324466	22.38326	186.26573514938354
10	1.2	0.2	515.3387	109.556114	796.97174	291.37476	502.36563	69.40752	687.5189	438.91693	102.42857	95.9	50000	194.06836	102.927284	351.95477	-33.428604	194.06691	102.92191	351.46835	-22.064817	196.81908	102.56987	346.8653	-34.305466	-2.8917131	4.8902607	27.799562	-17.677687	13.664281	14.556379	20.891079	207.5333755016327
11	1.2	0.2	535.71423	116.78432	919.38226	320.39832	589.70685	102.06332	728.49097	449.0961	107.26087	118.8	55000	194.47992	102.50337	350.69083	-22.38047	194.48091	102.49667	349.10196	-30.235764	196.94405	102.07004	347.33252	-70.336105	-3.297383	4.769596	31.216879	-16.967657	13.787774	14.616214	20.518036	228.7963466644287
12	1.2	0.2	539.0918	112.2837	905.6339	372.30115	617.9332	96.419556	830.6863	515.2119	105.8125	121.2	60000	195.44	100.652596	349.09134	-26.011925	195.43916	100.64661	348.1828	-34.713417	197.73442	100.18985	344.51553	-34.09375	-3.5324283	4.7176228	25.267082	-17.277613	13.119193	13.980217	19.17804	250.45882773399353
13	1.2	0.2	547.6745	115.433174	835.32855	354.08182	514.7904	57.962162	631.3504	420.05978	107.847824	99.4	65000	198.1113	100.3026	349.3918	-25.394104	198.11092	100.29736	349.5239	-23.323696	200.30731	99.82085	348.52832	-24.612642	-3.7796273	4.6629786	35.203377	-17.576866	12.319284	13.071102	17.99865	271.75161147117615
14	1.2	0.2	547.36273	101.89922	821.09406	353.3116	510.5834	32.511314	571.26636	476.29114	107.95652	98.9	70000	200.19115	101.03019	351.40118	-37.0804	200.1908	101.02589	350.86655	-28.946787	202.22395	100.55224	349.2772	-37.174847	-4.135551	4.6040897	40.835068	-17.351301	12.140674	12.870786	17.388494	293.079603433609
15	1.2	0.2	570.5725	159.11284	1358.4752	335.91873	680.2069	170.45448	1073.858	492.91656	110.565216	129.8	75000	202.35	100.99627	353.3709	-35.582508	202.3497	100.992325	356.64233	-31.69093	204.28642	100.49068	350.5966	-27.91083	-4.380041	4.546174	33.28747	-17.76897	11.683891	12.3695135	16.528145	315.06638407707214
16	1.2	0.2	571.944	111.08629	852.7509	340.1738	679.81604	231.7567	1336.07	494.42838	114.72093	130.9	80000	205.56479	101.46381	356.241	-51.254448	205.5647	101.459145	354.60922	-25.169266	207.47061	100.96005	354.54068	-32.357586	-4.340114	4.534741	30.094658	-17.357874	11.65469	12.159164	16.153925	336.89923429489136
17	1.2	0.2	554.8779	152.1113	1045.1698	350.7609	590.40204	90.42099	725.08167	417.7815	111.35555	118.0	85000	207.81342	102.60672	359.10074	-29.682388	207.81209	102.60324	356.2357	-22.700136	209.6059	102.07216	354.84686	-27.43316	-4.4922795	4.4457026	28.42928	-17.926235	11.7941	12.448775	15.78936	358.65817499160767
18	1.2	0.2	542.0524	122.90606	930.05884	321.15884	542.14484	50.13652	627.0421	498.38962	107.3617	101.9	90000	208.80276	103.06466	360.39224	-36.617176	208.80238	103.06145	361.1884	-48.770092	210.53157	102.5759	357.8921	-21.401937	-4.457495	4.4703994	34.89128	-17.265482	12.059583	12.500473	15.808936	380.6499228477478
19	1.2	0.2	560.29785	139.97415	1022.43475	324.21854	675.17975	158.5484	937.4099	475.58755	110.82222	128.2	95000	209.83873	103.289474	359.60324	-52.462685	209.83824	103.286415	360.17874	-29.465712	211.49405	102.79837	362.22678	-32.865402	-4.340279	4.4238067	29.468935	-19.652092	12.148226	12.613814	15.720276	402.6016118526459
20	1.2	0.2	609.32635	181.13094	1082.5009	377.13596	618.3883	72.808304	718.4086	460.51187	120.17073	116.6	100000	211.22481	103.14779	359.467	-22.414816	211.22511	103.14469	363.37518	-32.584938	212.79538	102.635666	358.93323	-26.554768	-4.490289	4.4359636	30.229837	-18.891718	11.745034	12.137572	14.793672	424.1475203037262
21	1.2	0.2	558.00555	105.66686	836.119	345.0995	605.6103	123.91742	889.778	409.98563	108.652176	117.8	105000	212.31772	103.18277	362.49524	-43.19215	212.31772	103.1792	361.70993	-26.884314	213.84506	102.68545	360.93256	-20.848488	-4.478759	4.422503	32.112404	-18.939568	11.815851	12.193427	14.746064	446.0996470451355
22	1.2	0.2	607.73364	149.53154	1068.3035	365.32935	584.7051	96.68565	820.2414	477.60013	118.0	112.8	110000	213.44266	102.9894	361.70386	-50.535484	213.44266	102.98662	364.94568	-20.682302	214.93958	102.46555	362.867	-20.23751	-4.6499434	4.3742166	33.38198	-17.38825	11.547411	11.915969	14.262503	468.2498915195465
23	1.2	0.2	584.9356	110.88674	1007.3556	442.4392	565.11316	91.01571	705.8664	402.25677	111.77273	112.6	115000	214.78546	103.12598	363.37674	-29.25098	214.78528	103.12277	362.05765	-28.552622	216.25763	102.612656	362.25143	-21.266739	-4.774267	4.349539	30.637814	-18.437033	11.146754	11.495716	13.600681	489.7915635108948
24	1.2	0.2	576.95013	143.0044	1062.8955	375.89877	496.18417	91.2465	728.25415	381.85608	113.422226	91.7	120000	216.06529	103.54829	362.43033	-28.032824	216.06552	103.54461	362.613	-26.27267	217.48341	103.03089	361.6231	-37.09508	-4.821388	4.2953515	34.805595	-18.029907	10.860571	11.268557	13.229134	511.85380387306213
25	1.2	0.2	597.12836	142.49976	944.2007	329.68005	556.07025	53.504925	680.58563	453.9687	115.06977	103.8	125000	217.39229	104.162605	365.95856	-22.996565	217.39204	104.160515	365.05804	-34.533695	218.77968	103.66305	364.10907	-20.476221	-4.84601	4.352391	30.213825	-17.489077	11.053044	11.283743	13.186042	533.586404800415
26	1.2	0.2	626.94305	154.32559	980.41974	371.53613	598.17163	96.56038	808.5091	452.24127	121.097565	112.4	130000	218.94334	104.5716	365.7563	-22.783543	218.94316	104.56943	368.25635	-27.034515	220.30838	104.0743	366.19055	-27.10152	-4.892328	4.3141384	32.54587	-19.993824	10.873663	11.188113	12.955295	555.4859852790833
27	1.2	0.2	640.7354	157.79156	1142.855	442.29852	689.4752	181.10185	913.56274	401.84482	123.04878	135.6	135000	220.38847	104.75848	368.77185	-65.89584	220.3885	104.758255	367.88937	-21.466713	221.73502	104.26159	367.77423	-23.036678	-4.9947133	4.2393126	35.536366	-18.84868	10.871726	10.972259	12.565781	578.0882675647736
28	1.2	0.2	626.65247	130.99211	991.99915	331.02008	590.42346	61.72268	708.0726	491.40292	120.243904	111.9	140000	221.65506	105.39044	370.22977	-19.209318	221.65414	105.389244	369.6582	-38.4321	222.98361	104.90814	370.0089	-25.125566	-4.9411035	4.255053	39.672382	-17.21739	10.862987	11.062185	12.459951	599.8907113075256
29	1.2	0.2	623.6634	164.33379	1351.8527	412.4183	572.2717	69.494415	722.0414	487.5232	120.38095	108.9	145000	223.1251	105.98532	372.4756	-22.824581	223.12561	105.98244	371.65	-14.317708	224.43399	105.5004	371.07068	-24.445066	-5.0672603	4.18413	35.319134	-16.998264	10.729767	11.0242	12.378235	622.2194623947144
30	1.2	0.2	595.82733	125.08189	911.8408	387.9184	710.5848	212.08234	1148.5361	473.751	116.139534	135.4	150000	224.06036	106.26075	374.05627	-39.448875	224.06029	106.2591	375.05078	-32.31483	225.33661	105.786835	371.53815	-18.964914	-5.1385345	4.2187824	35.811146	-18.018988	10.742379	10.969777	12.198553	644.4864192008972
31	1.2	0.2	638.02014	139.73997	1026.8528	393.19382	605.99896	92.72598	789.4619	516.116	124.625	118.9	155000	224.88094	106.63444	373.72086	-81.426155	224.88078	106.63218	374.66162	-52.46387	226.15257	106.16676	373.32758	-22.769672	-4.9810276	4.175033	30.99849	-17.304201	10.926045	11.047906	12.360558	666.412266254425
32	1.2	0.2	597.85626	107.0515	871.0433	365.44174	598.41113	53.782887	636.5057	445.43628	116.62791	113.1	160000	225.66873	106.9523	376.64072	-25.941896	225.66925	106.95039	376.19388	-20.37922	226.92116	106.49379	374.82257	-50.549225	-4.975076	4.1806087	32.478493	-17.34617	11.128128	11.267268	12.245305	688.405811548233
33	1.2	0.2	677.3481	187.98798	1190.4705	412.0867	591.7506	164.59113	928.7675	425.73407	131.26315	113.3	165000	226.82613	107.31224	378.28683	-28.881355	226.8262	107.31202	378.6008	-32.318954	228.07098	106.88996	376.67996	-19.55241	-4.9386396	4.2533894	49.36626	-18.913439	11.043268	11.218573	12.310061	710.586448431015
34	1.2	0.2	619.7428	112.402985	883.18756	423.5736	545.6847	45.711918	621.7964	456.1322	118.166664	107.6	170000	228.12852	107.837906	379.67404	-51.435303	228.12788	107.83651	382.23016	-18.922075	229.35521	107.42488	379.50424	-20.457914	-4.925034	4.273796	60.51137	-17.344387	11.054461	11.197297	12.041806	732.7883486747742
35	1.2	0.2	735.4632	241.65506	1730.085	485.7902	601.18494	83.49628	760.9401	456.77554	144.11429	115.7	175000	229.5262	108.73997	381.84705	-35.290836	229.5263	108.73834	381.77063	-27.43005	230.78194	108.35052	381.32236	-22.354586	-4.8656254	4.307598	38.13961	-17.76637	11.110996	11.215964	11.938572	755.4178128242493
36	1.2	0.2	715.4248	238.59875	1431.274	396.55045	549.14276	28.076296	577.26654	476.8064	140.55556	102.7	180000	231.10924	109.4761	385.52975	-57.751328	231.10902	109.47493	385.22668	-33.05868	232.34874	109.07856	384.586	-18.659262	-4.9702916	4.2972603	32.427055	-18.430094	11.2847805	11.416106	12.124134	777.935625076294
37	1.2	0.2	641.2747	135.79866	938.9206	295.98404	612.6588	108.896645	881.6977	514.0572	124.075	116.7	185000	231.79573	109.55256	384.81198	-37.59973	231.7954	109.552826	384.8354	-15.171549	232.99294	109.14984	384.38162	-19.703035	-4.900936	4.26037	43.78869	-18.3747	11.318842	11.471455	12.018632	800.1252663135529
38	1.2	0.2	644.9703	169.93477	1030.3558	338.68915	648.9255	110.09808	892.04614	521.7721	128.73685	121.6	190000	232.53844	109.99753	385.7797	-42.27916	232.53816	109.996895	388.6766	-17.69165	233.73009	109.59867	385.16382	-24.387705	-5.0400677	4.237512	33.9491	-17.386862	11.302275	11.41543	11.891491	822.1119203567505
39	1.2	0.2	705.3903	154.19426	1116.9639	447.3737	613.7919	20.17137	643.00104	588.8877	136.51352	115.4	195000	233.59547	109.800545	386.45157	-31.366827	233.59586	109.799614	386.63742	-18.451466	234.7861	109.42466	385.43427	-19.987165	-4.927866	4.306214	34.457863	-17.023857	11.492525	11.549769	12.055152	844.62815117836
40	1.2	0.2	669.97064	151.55797	1085.9806	420.0786	548.78906	40.863678	639.76843	510.36804	130.63158	102.2	200000	234.83195	110.48336	389.58273	-22.588102	234.83156	110.483734	388.86487	-33.924847	236.02716	110.10025	387.21777	-23.772686	-4.9961467	4.276697	56.831535	-16.9832	11.430942	11.485174	11.9469385	866.7259595394135
41	1.2	0.2	724.2183	156.15935	1218.2338	500.332	650.96063	60.577976	805.9106	584.5685	141.91667	122.4	205000	235.59174	110.70523	389.0948	-21.693708	235.59138	110.70456	389.81262	-33.216923	236.7632	110.32252	389.8194	-17.079863	-4.904167	4.263569	38.574738	-16.750996	11.536854	11.640417	11.834397	889.5062818527222
42	1.2	0.2	706.59595	165.67064	1216.1907	432.83295	602.7248	47.420406	718.85394	550.9865	138.55556	112.5	210000	236.17346	110.81007	392.29013	-30.414362	236.17346	110.80902	389.35468	-26.56712	237.33409	110.44628	389.71805	-32.81561	-4.83764	4.2410145	36.684887	-16.74245	11.594572	11.668519	11.810836	911.9772868156433
43	1.2	0.2	734.1675	210.5335	1610.1886	386.82855	683.22986	90.72911	916.7726	603.17004	142.51428	128.8	215000	237.2342	111.10213	391.6337	-50.574097	237.23332	111.10241	390.47354	-38.99361	238.39432	110.739075	391.08316	-43.10261	-4.8247805	4.207309	34.5391	-17.071184	11.476395	11.547977	11.589573	934.5963234901428
44	1.2	0.2	706.75165	189.69116	1385.1213	393.48685	638.9415	53.893677	761.62335	547.4457	138.30556	123.2	220000	238.57681	111.53765	392.82733	-31.59436	238.57687	111.53747	393.2189	-43.19923	239.74513	111.19308	392.9811	-21.09555	-4.816586	4.201975	42.70856	-16.704067	11.488586	11.589594	11.523568	956.9126532077789
45	1.2	0.2	700.51636	176.7974	1283.767	448.4801	627.2002	85.56837	838.4696	536.8362	138.66667	116.5	225000	239.70692	112.33505	395.29837	-51.27903	239.70702	112.33447	394.10306	-28.48804	240.86566	111.983986	394.8653	-22.42609	-4.721138	4.2052135	32.62402	-17.727888	11.826998	11.876855	11.799738	979.4657337665558
46	1.2	0.2	774.9309	202.51102	1314.6265	453.64066	596.1644	41.62568	666.5869	532.5046	151.27272	109.0	230000	240.23987	112.67441	395.74704	-37.600765	240.23924	112.67417	395.92383	-22.761425	241.4023	112.32234	394.96127	-21.297298	-4.6150045	4.221219	35.205257	-17.485804	11.970069	12.134336	11.719085	1002.1572518348694
47	1.2	0.2	776.5929	223.30846	1616.8043	498.67453	584.6449	24.067148	639.73224	547.6267	153.33333	108.2	235000	241.61047	112.73471	400.5616	-32.65715	241.61041	112.733406	397.46722	-29.168142	242.76141	112.39714	396.55505	-22.489153	-4.5199084	4.214196	35.905563	-17.399927	12.016858	12.126901	11.919693	1024.7890148162842
48	1.2	0.2	707.9031	165.68846	1181.4392	499.47305	589.5597	38.83852	691.2826	539.7607	138.66667	110.0	240000	242.47797	113.41803	399.08676	-16.844656	242.47806	113.417114	398.94632	-36.603775	243.64815	113.09151	398.00702	-53.872005	-4.529839	4.185424	38.21443	-17.517399	12.057496	12.190005	11.665203	1047.2857706546783
49	1.2	0.2	795.88855	193.53227	1258.019	478.0435	666.03723	64.25505	770.0243	592.13495	154.71875	125.2	245000	244.24892	114.034424	400.07462	-29.054842	244.24847	114.033646	399.38437	-20.451946	245.39108	113.71548	399.41885	-18.256653	-4.5784082	4.1230507	39.982254	-17.349653	12.183838	12.287112	11.796956	1070.068250656128
50	1.2	0.2	794.40314	181.83852	1346.6432	499.49362	696.73	98.807976	840.61127	526.20807	154.21213	131.1	250000	245.54651	115.17395	403.41953	-56.94395	245.54611	115.17346	400.87244	-41.23124	246.71922	114.87227	402.45508	-18.15093	-4.5291495	4.1606393	47.244694	-17.27581	12.519582	12.687428	11.844209	1093.4347429275513
51	1.2	0.2	909.5788	306.21042	2083.9429	397.36658	587.36584	23.447989	623.3007	546.7076	177.5	109.0	255000	246.94196	115.73403	404.6191	-24.79811	246.9422	115.73418	404.23212	-39.712563	248.0985	115.41837	403.25674	-17.894217	-4.4319515	4.1589932	40.906483	-16.926054	12.564374	12.641523	11.96337	1116.1502265930176
52	1.2	0.2	770.3811	249.94928	1475.5573	458.5351	616.4975	88.067276	851.2052	515.5152	148.51515	114.4	260000	248.24866	116.30361	408.00964	-26.385454	248.24785	116.30358	405.73712	-23.756588	249.40157	115.99205	404.36487	-15.950564	-4.3358245	4.1988554	34.475895	-16.788593	12.839157	12.84423	12.069619	1138.672954082489
53	1.2	0.2	774.39703	188.53217	1112.9938	432.83542	829.637	194.88252	1218.8026	654.9701	149.23529	159.6	265000	249.84673	116.91885	409.01578	-46.48628	249.8465	116.9189	406.7598	-18.621025	251.03818	116.63558	408.4603	-41.259323	-4.162111	4.2800984	37.41011	-16.619425	12.876694	12.915239	12.114629	1161.983936548233
54	1.2	0.2	815.3928	383.4245	2557.1853	490.16638	670.79517	57.596687	767.0018	586.5989	156.5	124.6	270000	252.18974	118.00082	410.46664	-19.050228	252.18877	118.00204	411.41196	-24.261744	253.40118	117.71069	409.4959	-35.213413	-4.118843	4.326619	36.381073	-19.389994	12.97573	13.075917	12.1047125	1185.1747121810913
55	1.2	0.2	852.36096	187.4529	1338.9136	515.9468	662.2209	89.22691	815.9659	539.2164	164.9	122.6	275000	253.3339	118.995155	413.83438	-27.821543	253.33397	118.99374	411.9146	-24.656021	254.53664	118.734924	411.71057	-28.009235	-3.9939418	4.399444	39.965557	-17.947998	13.453171	13.56093	12.4038105	1208.0177114009857
56	1.2	0.2	898.38245	285.06177	1695.5775	526.9782	591.86194	34.780983	650.7763	534.2768	174.2069	109.9	280000	255.05959	119.91771	414.8337	-29.80047	255.05913	119.9172	415.09558	-17.44698	256.2782	119.66171	414.3295	-17.510633	-3.865406	4.4761486	39.435772	-17.250795	13.781942	13.85938	12.712611	1231.3093016147614
57	1.2	0.2	852.6547	282.94128	1550.6584	481.9461	795.30194	145.07547	1135.2007	585.29004	168.16667	149.6	285000	256.88626	120.99276	418.04456	-28.919779	256.88647	120.99147	416.9643	-56.440746	258.11075	120.739494	416.5742	-82.59085	-3.6778214	4.4935236	38.557194	-17.402363	14.357623	14.477075	13.120856	1254.9523010253906
58	1.2	0.2	990.6023	338.2318	1807.1624	480.41812	1092.2809	689.7986	2553.251	556.9396	194.36	207.8	290000	258.03857	121.79231	420.62854	-21.743574	258.03848	121.7925	419.9078	-17.020403	259.25348	121.56131	418.90955	-25.666376	-3.7003007	4.527045	50.74904	-18.238092	14.654227	14.72473	13.234884	1278.399406671524
59	1.2	0.2	953.14935	344.77408	2036.2828	507.96063	543.85864	42.756634	610.6602	480.65762	188.40741	100.3	295000	259.34613	122.34398	422.01553	-41.401787	259.34604	122.34184	421.0358	-21.900826	260.56985	122.102264	422.58475	-19.982014	-3.6453931	4.574607	40.853092	-16.17162	14.938151	15.118722	13.433212	1301.7395415306091
60	1.2	0.2	977.34625	374.2836	2069.9653	500.40283	701.88635	113.71613	949.7674	569.234	190.8077	132.0	300000	260.8752	123.224266	421.23	-26.147907	260.87503	123.22343	423.14294	-20.12711	262.09076	122.98221	423.9881	-21.060102	-3.477357	4.6237807	45.278564	-17.068153	15.002573	15.146245	13.398864	1324.9722549915314
61	1.2	0.2	1026.2021	384.00928	2248.8315	440.80887	868.047	165.00458	1329.9272	756.06067	199.32	162.0	305000	262.49625	123.71576	426.4567	-34.632004	262.49554	123.71574	426.2399	-21.196426	263.73123	123.50646	423.93146	-22.722277	-3.4307697	4.6386585	46.806225	-18.45945	15.45617	15.5569105	13.436051	1348.6274137496948
62	1.2	0.2	1169.4377	845.50604	4383.051	491.91348	679.3668	218.12868	1309.3558	522.61615	229.42857	134.6	310000	264.30884	124.74535	425.73257	-27.476543	264.3085	124.7435	428.30325	-20.407927	265.5539	124.532974	428.62036	-29.118803	-3.310071	4.779319	47.321945	-17.337435	15.48863	15.783763	13.811641	1371.8379163742065
63	1.2	0.2	1167.474	360.27112	2034.8842	547.4363	817.74774	109.502235	1012.29645	671.8516	229.39131	153.8	315000	265.97476	125.578125	429.0757	-44.93234	265.97458	125.57775	431.9536	-24.832302	267.223	125.369	429.64337	-32.968235	-3.068255	4.772395	44.36544	-17.823935	16.241396	16.369045	14.231224	1396.869128227234
64	1.2	0.2	1240.3855	493.89774	2463.1025	499.15958	918.7311	180.99637	1345.4277	714.02325	245.36842	174.9	320000	268.29996	126.663246	432.26654	-32.17722	268.29993	126.66278	431.58206	-27.995083	269.5907	126.48261	430.08838	-27.584782	-2.917559	4.831223	43.90245	-18.520842	16.475288	16.500807	14.174741	1420.0476913452148
65	1.2	0.2	996.1759	480.37332	2686.524	478.8211	1100.3643	287.3374	1633.9838	673.7429	194.3077	209.6	325000	270.64688	128.22714	436.49292	-19.928856	270.64706	128.22685	434.3535	-24.583826	271.91364	128.0427	435.1931	-26.287357	-2.8714	4.8737297	56.123158	-18.2832	17.138382	17.228167	14.683467	1444.6496939659119
66	1.2	0.2	1255.2416	546.1128	2838.7668	478.1528	746.27826	233.96333	1372.5891	534.2203	247.90475	140.3	330000	272.16428	129.08485	439.00394	-31.553772	272.16412	129.08372	439.05298	-18.578796	273.41663	128.89006	439.19016	-22.305449	-2.8446171	4.870527	56.104492	-16.643885	17.631071	17.821575	15.139631	1469.234069108963
67	1.2	0.2	1212.0294	460.3191	2452.3193	494.17477	732.4933	116.6221	936.76495	588.34875	239.25	136.1	335000	273.65128	129.72885	441.16693	-39.834698	273.65076	129.72748	441.88934	-21.741224	274.93048	129.56087	441.2656	-42.7667	-2.7474027	4.975369	56.085194	-17.209772	18.117058	18.251623	15.251262	1492.4529161453247
68	1.2	0.2	1077.1359	489.90573	2449.6685	405.37762	1648.4567	499.9173	2350.0425	849.38464	213.20833	316.4	340000	274.7251	130.42989	441.38934	-35.988956	274.72452	130.43033	440.36304	-25.59997	275.99615	130.24619	444.03857	-28.356007	-2.8206835	4.917425	44.962307	-16.951326	18.418787	18.384207	15.365905	1518.408412694931
69	1.2	0.2	1211.4647	471.9886	2392.4185	619.49036	1366.9253	162.33023	1712.283	1201.429	242.09525	265.2	345000	275.9254	130.8084	445.795	-24.32379	275.92505	130.8086	443.459	-26.994165	277.17703	130.62476	444.77484	-25.22828	-2.7645032	4.9734316	52.024776	-16.585255	18.500202	18.641212	15.578652	1544.0839302539825
70	1.2	0.2	1465.0652	869.6521	4359.0254	624.3858	1627.9021	587.7399	2569.3557	876.65784	293.94116	309.5	350000	276.4675	130.9034	447.3764	-48.61099	276.4673	130.90147	444.74847	-26.811563	277.6889	130.7294	443.5167	-24.788378	-2.7899995	4.9525046	50.293076	-17.720762	18.7197	18.974604	15.825783	1569.6166546344757
71	1.2	0.2	1299.6517	497.81955	2226.3323	507.63126	1153.4227	121.81187	1298.3307	851.3682	259.5263	219.0	355000	277.77887	131.03072	446.53854	-32.51608	277.77863	131.02974	444.50427	-32.439808	279.0294	130.85194	443.0846	-25.407028	-2.665026	4.9802575	62.28783	-17.59352	18.574406	18.776611	15.517934	1594.1919434070587
72	1.2	0.2	1458.319	593.21594	2776.523	562.92126	1970.1969	1049.4828	4210.271	744.69434	283.3889	378.1	360000	279.37643	131.78807	444.38583	-33.586796	279.37653	131.78693	444.87363	-24.978355	280.59875	131.61786	444.90286	-26.996666	-2.5906172	4.9709773	56.19572	-17.510231	18.932522	19.097181	15.885096	1620.7174468040466
73	1.2	0.2	1152.057	429.39438	1874.5922	594.5156	908.93933	239.26228	1280.342	608.69617	226.71428	175.2	365000	280.86224	132.69498	450.02954	-27.602129	280.8616	132.69514	449.01443	-19.048529	282.1238	132.54155	446.9297	-39.418846	-2.5424585	5.050773	49.071087	-16.999704	19.429953	19.494677	15.985586	1644.6365790367126
74	1.2	0.2	1225.4105	490.3349	2336.923	596.1779	1056.0448	304.50436	1710.0521	617.7469	244.38095	204.9	370000	282.30432	133.50078	449.73624	-28.319963	282.30453	133.50053	451.0695	-26.92128	283.5192	133.32619	449.44977	-27.936682	-2.563677	4.9967504	52.31383	-18.217659	19.449934	19.556093	16.070036	1669.8809452056885
75	1.2	0.2	1539.0804	721.13904	3209.8801	636.8363	1368.6448	294.5588	1788.2665	851.83167	305.05884	264.5	375000	283.68396	133.86366	450.95264	-19.381845	283.68408	133.86244	453.39764	-29.607355	284.9289	133.71661	450.98984	-31.565485	-2.4507773	5.0670443	61.81736	-16.44782	20.071741	20.141804	16.434065	1696.3260407447815
76	1.2	0.2	1407.9469	651.25714	3026.7542	588.5181	1565.8849	522.2805	2641.9934	748.34454	276.52942	307.0	380000	284.94562	134.41151	452.5033	-26.757416	284.94562	134.40997	452.89227	-36.937374	286.17618	134.25385	453.1299	-32.58295	-2.5839875	5.091257	55.617573	-17.08228	20.385773	20.525627	16.54753	1721.2724940776825
77	1.2	0.2	1687.1711	581.5504	2972.1538	987.8817	1069.6272	93.285416	1195.1061	911.1384	331.25	200.5	385000	286.5451	134.87398	456.52414	-39.328514	286.54608	134.87408	455.21313	-27.494955	287.78558	134.72104	454.1131	-26.764643	-2.5941753	5.0957828	48.851547	-17.277472	20.722784	20.67356	16.67321	1747.2998368740082
78	1.2	0.2	1481.0159	809.4451	3902.4404	544.6013	1927.5315	851.53033	3592.951	873.4169	293.64706	375.4	390000	288.0956	135.47638	460.86246	-37.33291	288.09622	135.4751	455.78156	-23.260221	289.3385	135.32974	456.08524	-22.007332	-2.3478513	5.153052	75.09509	-17.14474	20.763027	20.80337	16.72513	1774.2790558338165
79	1.2	0.2	1367.2606	744.2709	3147.7056	492.34515	953.52014	382.15173	1655.5045	524.3982	273.27777	195.0	395000	289.72498	136.19478	458.6898	-25.286541	289.72467	136.19493	459.41037	-33.8696	290.97345	136.0477	457.81332	-26.20162	-2.31898	5.1917305	56.12875	-17.140028	20.850513	20.825037	16.432394	1799.3897347450256
80	1.2	0.2	1375.3463	642.9102	3252.7422	580.6176	885.4009	354.54602	1622.8455	550.1479	271.6111	178.7	400000	291.28796	136.85184	459.42163	-24.04814	291.2885	136.85011	460.76202	-23.780933	292.53818	136.73228	461.87054	-22.255108	-2.260397	5.2080193	53.12667	-17.23149	21.173773	21.209106	16.92937	1824.0178427696228
81	1.2	0.2	1580.1781	681.78046	3150.2656	528.6674	1208.0087	348.78952	1917.0432	584.8442	312.0	230.8	405000	291.8751	137.45761	464.45056	-22.60706	291.87488	137.45773	466.03003	-21.65035	293.10764	137.31357	461.37265	-19.924099	-2.4378664	5.1635313	48.3076	-17.937706	21.699738	21.648	17.25026	1849.2872862815857
82	1.2	0.2	1696.436	1122.7963	4813.627	566.2437	1241.5398	464.3777	2208.508	669.94867	337.86667	244.4	410000	293.5123	137.68298	462.71088	-35.82446	293.5133	137.68233	463.5013	-38.605133	294.73764	137.5437	461.4083	-19.895813	-2.29871	5.1853876	65.771385	-17.031368	21.806602	21.741106	17.214727	1875.5369658470154
83	1.2	0.2	1300.416	631.21625	2659.646	558.1829	2164.822	1242.374	5228.371	897.90643	257.94736	415.2	415000	294.28214	138.14494	464.2274	-25.151768	294.28204	138.14459	463.70776	-27.62558	295.48578	138.01665	462.32675	-23.997078	-2.2489965	5.2375264	68.19859	-17.869497	21.916172	21.95809	17.129606	1902.2040588855743
84	1.2	0.2	1687.7444	1252.0913	5026.335	667.3551	1752.6494	829.27997	3534.6174	663.0736	333.26666	340.0	420000	295.12112	137.82465	465.45877	-25.85207	295.12155	137.82295	464.33246	-20.714428	296.32257	137.68135	465.13367	-22.155338	-2.1759458	5.261659	56.3817	-16.366402	21.978712	22.037455	16.972033	1929.0177657604218
85	1.2	0.2	1451.2107	810.70825	3601.968	502.82846	1352.8883	1428.917	4974.7437	619.352	284.77777	278.0	425000	296.6684	138.33284	469.38446	-77.865776	296.66855	138.33228	465.71854	-44.79798	297.87292	138.19794	464.36017	-28.032743	-2.094519	5.270568	54.935112	-17.952724	22.007391	22.009392	17.139637	1955.669156551361
86	1.2	0.2	1593.4775	810.858	3298.2688	574.9223	1925.1012	1645.3527	5271.1343	680.49713	317.9375	376.3	430000	297.9271	138.53612	466.9008	-29.404179	297.9278	138.53473	470.09647	-38.04044	299.14127	138.40967	464.79434	-27.337091	-2.1749775	5.270273	59.08288	-17.87163	22.445004	22.47883	17.112526	1983.1227581501007
87	1.2	0.2	1577.018	782.5534	3397.525	644.49493	1465.8329	703.12616	3328.8958	682.7338	311.0625	283.3	435000	298.52374	139.48985	469.0019	-19.720823	298.52484	139.48845	473.9265	-27.561758	299.7398	139.37471	467.4328	-22.190874	-2.0575278	5.2917533	95.82384	-16.922838	22.484333	22.449188	17.305685	2009.3320999145508
88	1.2	0.2	1727.4377	1042.2393	3814.8135	549.35913	1240.3844	504.0814	2328.4844	604.1741	342.35715	248.5	440000	300.27557	139.93944	471.23987	-35.782845	300.2761	139.93736	470.88397	-80.933075	301.48547	139.81981	469.7882	-25.428457	-1.9561468	5.3659277	60.551193	-17.5253	22.609934	22.745174	17.335854	2034.8518235683441
89	1.2	0.2	1719.4692	1057.3696	5087.243	540.5188	1163.2382	374.02335	1931.7206	683.8595	338.93332	226.5	445000	301.9349	140.42223	470.92212	-42.861855	301.93567	140.42139	474.4682	-34.49291	303.15176	140.29228	471.39893	-22.720112	-2.0454702	5.355966	57.739376	-17.6615	23.011837	23.016872	17.526268	2061.007176876068
90	1.2	0.2	2373.4272	1333.732	5074.9775	473.2946	2077.8901	994.0163	3986.3118	692.8366	469.18182	402.4	450000	302.8283	140.555	475.02374	-75.67877	302.8278	140.55508	472.61612	-44.118637	304.03506	140.4283	471.5257	-24.939505	-1.8922611	5.4492483	54.103848	-17.580349	23.23587	23.3637	17.531187	2089.019103050232
91	1.2	0.2	2365.373	909.55237	3542.2678	882.2879	1572.885	962.6845	3789.5957	543.67096	468.0	311.6	455000	304.3426	140.68387	473.28986	-43.563885	304.343	140.68306	475.97125	-27.611044	305.5305	140.54501	473.3061	-40.522125	-1.8891733	5.4458203	63.968346	-16.96633	23.081854	23.185669	17.472025	2114.904062986374
92	1.2	0.2	1832.9031	696.47473	3054.4258	525.79913	1376.7063	552.48303	2403.0999	757.4609	358.92856	269.6	460000	306.07812	141.08022	473.7871	-34.215916	306.07806	141.07845	476.78574	-22.225737	307.29852	140.93903	473.4847	-31.697344	-1.8705561	5.4460273	56.846706	-16.746489	23.340103	23.326725	17.695467	2141.1935381889343
93	1.2	0.2	2580.298	1144.8649	4309.161	697.6368	1874.3984	782.3733	3591.468	1081.4827	513.4	380.3	465000	307.702	142.20084	475.82843	-42.867657	307.70312	142.2004	478.23276	-22.945671	308.92325	142.08063	475.5595	-23.654	-1.6907722	5.500145	55.711197	-16.8749	23.351328	23.319624	17.63364	2169.543598175049
94	1.2	0.2	2166.2593	1528.1019	5059.847	752.9164	2210.9165	1426.5564	5187.5693	733.9322	430.5	432.2	470000	309.22968	143.50452	478.69724	-48.60014	309.23032	143.50299	478.97974	-29.419594	310.45618	143.38704	478.33658	-43.860653	-1.738439	5.56711	57.653694	-16.944258	23.866388	23.865452	17.763168	2198.682787179947
95	1.2	0.2	1801.5398	1478.752	5014.0024	607.3312	1877.4314	1199.4259	4433.914	760.2324	361.76923	367.5	475000	311.28537	144.05446	480.9285	-40.717075	311.2862	144.05338	481.3422	-33.493916	312.4923	143.94539	480.05936	-27.754993	-1.6000732	5.6648016	69.33834	-16.842999	24.407814	24.407087	18.15411	2225.466542482376
96	1.2	0.2	2652.654	1833.2479	5045.507	920.7138	2625.6228	1693.5455	5127.3296	805.5917	530.8	515.5	480000	312.74344	144.59557	483.4174	-26.14604	312.74365	144.59428	482.88992	-31.305416	313.9646	144.48802	479.95627	-28.798582	-1.4919528	5.723301	75.45281	-17.34289	25.037603	25.057272	18.512663	2255.741444349289
97	1.2	0.2	2136.0996	1126.6755	5063.877	1082.0509	2435.47	1521.1309	5198.815	656.06744	423.9091	472.6	485000	314.41403	145.15213	486.10754	-31.440405	314.4146	145.15047	485.78268	-41.32408	315.67365	145.03345	481.3194	-28.343256	-1.5175828	5.6735396	55.25042	-17.319298	25.113712	25.131655	18.512512	2283.1863408088684
98	1.2	0.2	2279.2817	1382.9043	5040.988	801.21356	1602.6814	817.59045	3722.673	682.77106	455.63635	311.7	490000	317.21133	145.95059	485.965	-32.025562	317.212	145.94958	485.32053	-40.710068	318.48538	145.84048	484.32227	-41.660725	-1.4307863	5.7676544	79.351166	-16.308384	25.258858	25.379053	18.8	2310.334199666977
99	1.2	0.2	2024.4979	743.0696	3502.2964	1131.1453	2241.3223	1264.5646	4389.09	1114.6989	404.27274	447.0	495000	318.95447	146.92125	486.94098	-34.4364	318.9534	146.91945	487.75327	-31.451862	320.18857	146.81349	485.63617	-38.88556	-1.4733984	5.7500577	59.5601	-16.690844	25.681461	25.898294	18.884613	2337.697023630142
100	1.2	0.2	2642.5847	1302.5558	5027.105	1231.5934	3542.196	1755.7684	5233.4116	883.76843	523.2727	681.0	500000	321.04074	147.57474	489.78073	-24.925756	321.04056	147.57585	490.68976	-54.545677	322.28146	147.46822	487.94656	-33.055405	-1.2724735	5.86187	57.425484	-16.605011	26.01056	26.09649	18.838867	2371.0953726768494
101	1.2	0.2	2167.625	1333.8372	5118.489	1039.2587	2338.0522	1078.3535	4747.2256	943.35565	425.75	446.7	505000	322.59375	148.56212	490.3856	-43.82223	322.59283	148.5617	494.4218	-24.964758	323.79523	148.42123	487.37717	-51.461914	-1.4676864	5.8317733	54.489098	-16.788126	26.294535	26.455538	19.155468	2400.274322271347
102	1.2	0.2	2609.8208	1523.7186	5134.067	897.32043	4580.4097	1069.0914	5240.014	2136.96	510.44446	885.0	510000	323.21655	148.45901	491.3748	-66.54274	323.21548	148.4618	499.58737	-44.056587	324.44513	148.32678	491.06528	-42.766174	-1.2249129	5.9035063	71.95534	-17.861351	26.95442	27.077126	19.494919	2431.8558778762817
103	1.2	0.2	4819.7773	493.25653	5153.9473	3839.5422	4657.8174	1106.3623	5238.772	1856.071	947.8	898.5	515000	325.3181	148.37364	490.14514	-35.09686	325.31808	148.37445	498.13187	-31.498056	326.54684	148.24103	490.80136	-40.958076	-1.2803268	5.8513694	76.353874	-16.755112	27.065105	27.09107	19.31742	2464.494416952133
104	1.2	0.2	2666.225	1161.4633	5089.72	1107.329	4815.0	1108.8429	5237.272	1494.3679	524.0	923.6	520000	326.6219	148.8973	493.39124	-45.735657	326.6205	148.89914	493.5688	-44.83446	327.83926	148.75098	492.29013	-42.041523	-1.3410151	5.8366065	75.95867	-16.805716	26.949564	26.908642	19.005146	2498.9713892936707
105	1.2	0.2	3449.2148	1378.8658	5103.0034	1160.8514	1832.9847	998.2544	3347.681	708.0688	678.625	353.0	525000	328.07004	148.9933	494.2406	-64.76056	328.0692	148.99728	497.35086	-80.75396	329.25476	148.85777	494.21725	-63.37773	-1.2293874	5.905671	64.9873	-17.60872	27.368412	27.339571	19.621729	2528.692382335663
106	1.2	0.2	3086.1475	1933.9303	5032.8164	720.2599	2119.0442	839.57825	3772.8499	1142.5902	614.875	413.5	530000	329.3073	149.2518	495.06213	-55.89754	329.30695	149.25237	497.857	-52.95422	330.52417	149.08669	492.69604	-62.988644	-1.1830866	5.9575987	67.68705	-16.420263	27.831003	27.820467	19.372196	2557.2504291534424
107	1.2	0.2	3464.4937	1315.5239	5085.8823	1774.8958	2731.4048	1580.469	5233.1704	768.9036	686.5714	524.7	535000	330.98267	149.41258	496.9724	-35.085274	330.98233	149.41254	497.09903	-56.438534	332.20264	149.26299	493.73376	-35.658604	-1.1496539	5.922345	72.36979	-16.414478	27.706142	27.718699	19.936638	2586.4297573566437
108	1.2	0.2	4088.0144	1277.2369	5080.1895	1612.1685	4418.2734	1821.3298	5368.3184	762.17126	806.1667	828.9	540000	333.39966	150.00742	496.42932	-42.88584	333.3996	150.00891	496.67462	-39.91131	334.61908	149.83974	495.47046	-53.224705	-1.270473	5.941687	72.834496	-17.073048	27.729769	27.599577	19.495762	2618.581845998764
109	1.2	0.2	3837.3801	1204.7644	5102.037	1985.2069	3108.5073	1624.936	5168.721	1106.4277	756.5714	604.9	545000	335.98813	150.04677	504.38602	-55.36666	335.9878	150.04776	501.53958	-32.737453	337.22797	149.87251	498.0496	-51.203472	-1.2593273	6.0270834	77.77109	-16.850582	27.806826	27.745382	19.535835	2650.2280344963074
110	1.2	0.2	2756.7598	1384.9503	5012.5093	931.90265	1860.0365	803.3393	3425.782	800.60657	542.0	368.6	550000	337.20892	150.89755	499.7673	-74.38433	337.20895	150.89783	504.74	-70.45852	338.46228	150.71828	497.9807	-78.5892	-1.0784204	6.0782247	66.733665	-16.975374	28.115107	28.1871	20.051563	2676.5626192092896
111	1.2	0.2	3379.5586	1511.1508	5010.482	1242.3416	4204.007	1492.2375	5182.2134	1447.1862	669.875	813.8	555000	339.00558	151.16248	500.3267	-51.489014	339.00696	151.15982	502.85837	-53.84888	340.2772	150.98035	499.11984	-59.486877	-1.0863768	6.003372	63.159573	-17.42168	27.875574	28.040983	19.528921	2710.6676104068756
112	1.2	0.2	2926.789	1647.0905	5118.8623	693.3333	2852.684	1402.0221	5115.425	657.2308	578.0	557.5	560000	341.4768	151.97691	502.39667	-90.22861	341.47696	151.97568	508.40536	-63.66453	342.7487	151.81369	502.0594	-51.88251	-0.98236513	5.9846473	81.231415	-18.431015	27.794165	27.7073	19.568174	2739.7938482761383
113	1.2	0.2	3016.8923	1599.0406	5120.908	1132.6506	2158.6392	1376.0697	5061.9717	727.2964	596.0	418.7	565000	343.756	152.76491	506.53708	-63.59185	343.75534	152.76492	503.61575	-54.24589	345.00403	152.5839	503.65512	-41.819588	-1.0681608	6.0746613	79.10389	-17.511934	28.403	28.519196	19.969067	2769.9103434085846
114	1.2	0.2	3824.334	1324.4167	5043.847	1250.5275	2355.5925	1022.89636	4510.0454	835.6235	761.0	456.7	570000	345.51315	153.18678	506.29208	-42.506733	345.5143	153.18451	505.35287	-42.457176	346.76242	153.00964	506.27438	-92.79501	-1.1472713	6.1309047	72.257355	-16.333633	29.09937	29.05156	20.02151	2800.4147777557373
115	1.2	0.2	2793.4111	1284.9042	5056.86	753.08765	2895.3887	1228.8549	5096.118	1126.3475	554.0	558.3	575000	346.58536	153.20297	506.96024	-45.91312	346.58737	153.19865	507.03973	-35.805206	347.85294	152.9699	509.30524	-36.46753	-0.98704493	6.198204	70.35844	-16.371271	28.942411	29.040714	20.501364	2830.499260902405
116	1.2	0.2	4737.3745	469.94437	5101.962	3847.2974	2441.3142	1584.8457	5146.7627	707.3116	939.0	478.9	580000	348.55066	153.04424	507.97772	-37.3247	348.55084	153.04199	506.54962	-31.225039	349.79858	152.81741	504.8572	-36.428482	-1.0639067	6.1506023	68.153725	-16.70467	29.263226	29.326914	20.265076	2860.052319765091
117	1.2	0.2	3961.9229	1030.8457	4999.9565	2661.5903	3810.3953	1422.9921	5088.9277	791.4933	798.8333	746.2	585000	349.08792	153.37408	506.52783	-43.796944	349.0887	153.3744	517.45624	-47.053463	350.3218	153.13727	506.32587	-45.045418	-1.1022042	6.221347	69.44236	-17.377495	29.545803	29.433157	20.646294	2891.8594722747803
118	1.2	0.2	3275.6362	1446.9719	5178.2	1354.6057	4313.255	1527.5221	5240.2695	909.4907	649.375	831.1	590000	350.54947	153.31908	510.78546	-48.74231	350.5502	153.31822	514.6183	-46.028015	351.74725	153.08537	506.0829	-43.63014	-1.2010727	6.230863	76.15776	-15.994515	29.617126	29.646	20.955303	2925.5588734149933
119	1.2	0.2	2438.15	1274.8744	4949.569	728.5923	3698.0684	1277.9509	5220.618	1412.7804	487.5	721.2	595000	350.7671	153.32863	508.0404	-47.43056	350.76703	153.32735	508.21814	-32.93753	351.99573	153.09341	507.3565	-74.42918	-1.0300767	6.2499638	102.18936	-16.908886	29.688772	29.614443	20.663212	2957.3349537849426
120	1.2	0.2	3062.0864	1483.4957	5054.0063	1129.6477	2040.3958	1237.574	5029.804	691.54565	611.8889	408.8	600000	352.30908	153.4091	511.25485	-46.49402	352.30972	153.40883	511.65378	-48.76354	353.52744	153.17708	507.45676	-48.487274	-1.1405246	6.301869	80.36184	-17.172832	29.605154	29.740917	20.929667	2988.261829137802
121	1.2	0.2	2477.8977	1571.7509	4999.5874	640.537	2454.958	1537.3569	5242.1255	657.7904	492.55554	473.5	605000	354.1466	153.25085	509.64108	-72.00904	354.14682	153.24872	518.46423	-61.91997	355.36072	152.9911	507.36246	-75.013824	-1.1819131	6.2388396	90.48369	-16.706251	29.289547	29.175713	20.430222	3015.9837214946747
122	1.2	0.2	2817.2131	1670.4685	5147.8794	955.35846	2536.2837	1352.3351	5019.5093	1097.3173	558.55554	494.3	610000	354.75958	154.05846	510.7152	-62.954884	354.75943	154.06001	512.09827	-49.281685	355.96814	153.83157	508.88693	-51.89809	-1.0442502	6.2484636	61.20652	-17.767988	29.41611	29.355278	20.153124	3046.17623090744
123	1.2	0.2	3812.1128	1627.0292	5076.7163	1242.6134	4226.1064	1542.0713	5264.5854	1368.8916	758.4286	810.6	615000	356.4876	154.03583	510.62613	-61.487022	356.48795	154.0349	511.1625	-55.51526	357.6712	153.78438	509.19482	-51.00804	-1.11611	6.2936797	75.0605	-17.77752	28.928877	29.008883	20.48019	3081.0033581256866
124	1.2	0.2	3343.5295	1395.9833	5022.2466	900.0307	2246.3293	1018.3168	4670.123	1097.5494	662.0	440.4	620000	357.32446	154.11725	517.1932	-37.17233	357.325	154.11612	510.4459	-30.891443	358.49945	153.85896	509.22064	-49.41732	-1.2805849	6.30346	83.76831	-16.784061	29.5064	29.404497	20.212523	3109.0534200668335
125	1.2	0.2	3451.3093	1275.7566	5067.1997	945.09576	2228.2534	1630.7018	5118.505	573.7907	688.875	438.6	625000	357.76913	154.017	512.30963	-40.815228	357.76974	154.01564	511.19766	-31.66233	358.92557	153.77408	510.09735	-49.79318	-1.129183	6.30597	99.31326	-17.734835	30.406454	30.415789	21.118233	3140.517296552658
126	1.2	0.2	3919.4954	1495.994	5068.193	1112.4232	3055.6855	1660.3015	5132.832	1177.8514	785.1667	597.5	630000	357.9497	153.82202	511.97717	-29.62939	357.95032	153.82014	515.2386	-33.294697	359.08044	153.56264	510.60504	-46.244293	-1.1000443	6.300255	88.96646	-16.834969	29.755812	29.736898	20.396156	3170.9081156253815
127	1.2	0.2	3486.6304	1352.9915	5044.61	1388.1603	4855.7056	1039.0228	5325.51	1889.187	696.7143	917.6	635000	358.95804	153.87106	512.6736	-71.75259	358.95642	153.8727	516.7264	-68.6022	360.15118	153.63403	509.48163	-37.99021	-1.0542922	6.3269563	65.88835	-16.974585	29.557335	29.759247	20.223213	3204.5452947616577
128	1.2	0.2	3936.4124	1424.8325	5012.626	1595.944	4035.8403	1289.4056	5107.8457	1961.504	788.5714	797.2	640000	361.49396	153.83992	521.96173	-43.324295	361.4938	153.84125	512.9662	-39.095108	362.6883	153.59174	512.64026	-50.71865	-1.1418201	6.354062	91.22175	-17.567747	29.71888	29.626846	20.674597	3239.8742203712463
129	1.2	0.2	3324.2349	1553.638	5081.611	970.0452	2572.624	1131.5618	5114.857	1401.9062	671.4286	512.3	645000	363.51138	154.06975	513.24677	-48.114876	363.51138	154.07018	522.7249	-26.48119	364.68326	153.81548	512.0993	-55.39651	-1.1108077	6.3129473	85.70143	-17.535805	29.586376	29.345964	20.262857	3269.6156027317047
130	1.2	0.2	4116.9126	1316.663	5080.9546	1496.5839	2464.7017	1917.5425	5280.2256	752.0574	827.5	475.3	650000	364.44055	154.84613	514.25275	-38.88774	364.44003	154.84746	516.24084	-35.175842	365.61008	154.59177	513.29395	-55.648014	-1.2741972	6.25844	71.87349	-16.844463	29.63235	29.47336	20.62386	3299.4557540416718
131	1.2	0.2	4102.379	960.5598	5040.2837	2773.783	2066.6594	1047.8235	4052.1494	869.4346	818.5	406.5	655000	364.9107	154.87254	513.504	-42.242165	364.911	154.87244	517.0405	-38.157757	366.07385	154.6326	512.7843	-31.981861	-1.1903135	6.327096	101.23708	-18.255222	29.97513	30.10003	20.884657	3328.8132557868958
132	1.2	0.2	4165.0586	976.0092	5050.914	2170.3894	1558.592	1399.4973	5191.4756	645.3343	840.1667	304.7	660000	365.63733	155.10727	520.1507	-34.009907	365.63696	155.10593	521.37714	-32.84172	366.76993	154.86327	516.5005	-51.233868	-1.0744237	6.2995715	85.97817	-17.966932	30.35996	30.451746	21.050549	3357.998591184616
133	1.2	0.2	4924.022	83.761086	5042.648	4791.0073	1330.529	700.88995	2833.5725	810.5509	988.2	260.6	665000	366.78372	155.14589	515.2002	-48.4621	366.7841	155.14456	522.14	-42.527657	367.9411	154.90923	514.1306	-46.52009	-1.0281695	6.3351374	80.321	-16.926895	30.143326	30.188494	20.874706	3385.956341266632
134	1.2	0.2	3349.6504	1684.7256	5054.6704	922.0497	4936.475	695.65924	5218.965	2851.646	667.75	956.2	670000	369.5748	155.09045	522.28015	-52.943	369.5753	155.08907	517.87616	-37.42389	370.78748	154.8466	516.89966	-31.283764	-1.0663948	6.473755	93.301	-17.975863	30.10504	30.08845	21.015026	3422.340770483017
135	1.2	0.2	3651.1797	1411.3	5073.944	1440.6499	1846.5996	1076.4839	3640.5205	713.00854	734.1667	373.4	675000	371.35468	155.54208	521.5587	-29.181232	371.3563	155.54076	520.00073	-29.21692	372.52692	155.31187	517.0199	-35.41373	-1.27861	6.3853364	67.38954	-16.1191	29.910223	29.70791	20.556498	3449.708002090454
136	1.2	0.2	3544.9856	1623.0374	5114.4263	721.6149	1927.7354	1207.9785	5086.4526	727.5166	702.0	381.4	680000	372.53027	156.27011	518.91266	-64.266685	372.53003	156.27007	526.7015	-49.857567	373.70963	156.02042	517.83435	-43.503906	-1.1582259	6.4533362	93.60627	-17.602621	30.121967	29.950087	20.56119	3481.14617228508
137	1.2	0.2	2682.3044	1873.5385	4989.4033	758.18396	3184.4067	1447.3228	5339.1216	1400.3883	541.0	600.1	685000	373.68613	156.40027	521.0606	-90.97311	373.688	156.39818	517.82104	-31.10954	374.85245	156.16591	519.7985	-84.13607	-1.3061373	6.4413667	91.97985	-16.588638	30.461338	30.306326	21.134277	3511.616947889328
138	1.2	0.2	3093.9067	1491.3335	5130.0205	1090.5842	3372.9949	1489.0135	5261.73	998.7469	615.25	653.3	690000	373.6073	156.23141	519.5285	-35.749393	373.60757	156.22859	524.1298	-41.997784	374.74048	155.96407	519.9133	-44.29943	-1.1994647	6.4488864	87.951675	-17.82625	30.690052	30.725971	21.20881	3543.3888499736786
139	1.2	0.2	4249.4453	720.15027	5012.3154	3226.0728	3550.319	2082.4998	5298.0146	967.9125	858.5	673.8	695000	374.3382	156.27423	522.89716	-45.518436	374.34042	156.27174	521.0917	-38.658554	375.47073	156.02591	519.0532	-34.8396	-1.2851039	6.429947	81.38836	-17.188116	30.769638	30.656445	21.379951	3576.273173570633
140	1.2	0.2	5072.012	135.45921	5220.812	4860.639	4134.8115	1459.3695	5263.189	1428.0421	998.4	794.0	700000	374.3857	155.9359	521.06726	-49.458965	374.3867	155.93501	519.3571	-43.850964	375.48962	155.68597	519.5177	-66.652275	-1.2743886	6.4193892	82.71574	-16.49649	31.194962	30.884684	21.53715	3610.060334444046
141	1.2	0.2	3157.7053	1923.5237	5116.857	779.59	4629.2134	1397.265	5343.9214	1589.3574	630.2222	874.4	705000	375.28656	155.9157	522.0161	-53.575993	375.28735	155.9124	530.88495	-52.540527	376.41684	155.68211	520.1793	-78.218185	-1.1951979	6.428978	75.20343	-17.661966	30.978739	30.74021	21.562866	3646.9859733581543
142	1.2	0.2	3473.6667	1622.0162	5069.647	784.3641	2260.5146	1380.3727	5024.5356	729.65405	690.5714	446.0	710000	376.5106	156.26974	522.49866	-51.20507	376.51257	156.26881	525.8438	-31.638353	377.67667	156.01471	520.6018	-58.789577	-1.2498192	6.5355115	76.01959	-17.994629	30.912863	30.51723	21.270071	3677.486115694046
143	1.2	0.2	4713.012	524.1662	5024.3105	3667.387	2763.5142	1304.4742	5198.633	811.21387	940.2	531.8	715000	377.5798	155.86072	523.926	-70.94704	377.58112	155.85846	522.1308	-54.304497	378.6802	155.60533	521.60767	-47.974613	-1.459202	6.4039054	73.779655	-17.497667	31.076685	30.678503	21.226624	3707.849945306778
144	1.2	0.2	3947.7542	1217.0077	5052.392	1640.4087	3370.9956	1681.2517	5267.42	1360.6545	775.1667	650.8	720000	378.14594	155.7306	522.5825	-38.735493	378.14774	155.72792	528.77124	-35.14095	379.2566	155.47966	522.00977	-44.28713	-1.346262	6.4201126	79.45834	-17.183912	30.627264	30.434776	21.231411	3739.3684599399567
145	1.2	0.2	3227.4692	1622.8596	5135.68	801.701	5270.0034	10.157187	5288.7236	5255.846	640.5	1000.0	725000	379.1116	155.89474	522.2623	-68.944016	379.11435	155.88998	525.9771	-34.01141	380.23587	155.64786	520.7788	-64.59511	-1.2988901	6.448197	84.47155	-18.814865	30.99891	30.702045	21.356485	3775.2893364429474
146	1.2	0.2	4040.3547	1288.5123	5147.121	2063.8809	3936.5024	1567.8822	5265.2095	1135.9403	796.6667	750.9	730000	380.92297	155.61578	521.90466	-50.84879	380.92386	155.61491	522.4362	-37.356346	382.06396	155.36076	521.4806	-58.06441	-1.2631099	6.545883	103.51304	-18.410933	31.322062	30.914621	21.764679	3808.2545886039734
147	1.2	0.2	3211.7603	1424.4536	4978.1616	767.63806	1797.7812	1564.3923	5202.243	719.6521	642.7778	344.6	735000	381.5023	156.30045	529.02545	-39.252712	381.50488	156.29654	523.735	-29.997915	382.59943	156.05066	523.9547	-44.19805	-1.4751859	6.4684024	97.16484	-19.032593	30.982887	30.73496	21.445282	3840.4842159748077
148	1.2	0.2	2486.5078	1694.7344	5025.9004	746.17615	5217.668	41.48108	5267.082	5160.9224	498.7	1000.0	740000	381.89984	156.39088	524.46136	-40.93427	381.90045	156.3888	530.09827	-28.616423	383.0122	156.14531	523.7368	-58.408012	-1.3056592	6.459106	72.22673	-17.17555	31.774225	31.477915	21.731894	3876.231550216675
149	1.2	0.2	4706.7725	724.3389	5102.401	3258.6333	3494.198	1302.9901	5229.825	1448.0283	929.6	669.1	745000	382.7182	156.04015	529.40454	-34.99522	382.72226	156.03099	528.72626	-38.474953	383.8125	155.76947	524.57117	-39.234825	-1.3000891	6.4947424	100.365234	-17.284279	31.497318	31.413027	21.495512	3908.368304491043
150	1.2	0.2	2906.9216	1809.7296	5084.8545	646.7824	2123.9905	676.25146	3738.6882	1373.5388	576.625	402.2	750000	383.44543	156.05502	526.4949	-41.52256	383.44754	156.05319	528.2082	-46.033745	384.53326	155.79123	525.7672	-52.657795	-1.3251202	6.53951	107.58463	-17.007019	31.466084	30.955988	21.849182	3937.057142019272
151	1.2	0.2	4086.6138	1515.8184	5118.4844	1619.8982	4293.5986	1035.8365	5223.36	2289.005	810.7143	830.6	755000	383.49487	155.79288	527.25867	-52.609913	383.49823	155.78784	527.369	-30.028126	384.54004	155.53464	523.21204	-34.36607	-1.3865258	6.409298	83.207664	-18.04545	31.688654	31.178705	21.532192	3973.7402608394623
152	1.2	0.2	4540.118	958.00323	5151.1963	2633.3943	4354.1865	1386.3785	5313.19	1323.5763	899.4	831.8	760000	384.18875	155.94992	528.157	-36.431965	384.19086	155.94725	528.124	-42.683777	385.27536	155.6894	524.8296	-80.72865	-1.3190184	6.586033	82.6113	-17.630898	31.7398	31.335419	21.854301	4006.748677253723
153	1.2	0.2	3908.885	1582.8243	5207.078	1017.78986	4824.4536	1044.5284	5214.636	1691.3739	767.7143	934.1	765000	385.5954	155.65332	523.7858	-52.22906	385.5986	155.64693	530.7897	-44.16522	386.66507	155.41435	524.76465	-58.14625	-1.4380229	6.528887	95.396576	-18.37112	30.91758	30.56046	21.11966	4043.8291351795197
154	1.2	0.2	3525.6204	1570.657	5008.924	1251.747	3036.026	1892.693	5274.135	837.10376	703.5714	584.1	770000	386.3523	155.78949	527.04016	-45.09635	386.35437	155.78506	526.4406	-46.246284	387.4155	155.51537	523.38007	-45.57883	-1.4065187	6.517241	104.31552	-17.460728	31.140558	30.634588	21.19164	4075.6602981090546
155	1.2	0.2	3725.6929	1328.4777	4923.014	2131.8108	2513.072	1019.8654	5294.7153	1523.1158	754.1429	476.7	775000	387.41632	155.98828	527.1784	-39.311035	387.41946	155.98322	538.5705	-40.359367	388.51733	155.71783	525.6625	-60.167675	-1.3887335	6.5836787	90.69154	-17.590368	31.26731	30.83361	21.392723	4107.74581360817
156	1.2	0.2	4558.388	1100.895	5122.5625	2356.6838	5225.9756	14.7884445	5250.129	5197.969	890.4	1000.0	780000	388.32745	155.94508	526.0498	-58.519875	388.3309	155.93958	524.37335	-64.96871	389.3759	155.68033	525.2074	-46.804436	-1.3256876	6.5932155	85.87478	-16.984324	31.221775	30.82823	21.482979	4142.636253356934
157	1.2	0.2	3809.6538	1991.8285	5205.8423	583.5924	2264.3315	1619.5948	5209.014	759.3033	750.4286	432.4	785000	389.1538	155.93867	526.81903	-44.563667	389.15768	155.932	527.35455	-36.434723	390.21655	155.66241	524.3127	-52.76261	-1.303399	6.6750364	96.41399	-17.05232	31.192497	30.840755	21.382057	4174.197638273239
158	1.2	0.2	4555.5757	1136.3268	5111.7246	2015.9255	3469.7368	1496.1636	5292.238	1846.7566	900.0	687.9	790000	390.07785	155.64658	525.8302	-38.54497	390.08087	155.6404	531.7798	-53.479546	391.1422	155.36668	525.6831	-40.610397	-1.5304122	6.655747	102.55498	-16.50504	31.38937	30.89796	21.484444	4208.985276222229
159	1.2	0.2	4144.1084	1758.2412	5108.021	631.98755	4416.416	1350.5806	5305.2676	1810.8577	827.4	839.7	795000	390.5119	155.04286	526.8118	-40.445553	390.5148	155.03828	529.1895	-30.580423	391.54974	154.7624	525.6349	-26.125885	-1.6484715	6.4609904	110.09665	-17.264278	30.926105	30.600092	21.005148	4241.53538274765
160	1.2	0.2	5023.814	97.64478	5146.7993	4864.7866	3965.4902	1674.9434	5119.5215	1256.2551	995.4	784.9	800000	391.24866	154.69072	531.3626	-31.03089	391.2531	154.68404	533.56793	-28.73216	392.32782	154.37509	526.2484	-33.492325	-1.5565951	6.532983	94.541046	-17.776613	30.418312	29.998114	20.982393	4276.239139080048
161	1.2	0.2	3984.9534	1249.2656	5184.897	1620.9576	4103.9683	1292.6359	5216.4214	1290.2034	799.1429	793.4	805000	392.92184	155.056	527.1343	-41.491802	392.92538	155.04767	528.0797	-58.872093	393.9738	154.76076	527.2752	-49.379738	-1.5526296	6.6309223	91.61621	-17.356842	30.528057	29.984627	20.797596	4312.26270365715
162	1.2	0.2	4016.716	1408.3564	5152.516	2005.6227	3397.6777	1848.0471	5341.7847	678.42676	799.6667	638.6	810000	393.4556	155.21202	527.34625	-43.82463	393.46118	155.2019	530.74927	-51.83816	394.4814	154.915	525.88245	-46.357975	-1.5899447	6.565533	100.59152	-17.110415	30.48415	30.081596	21.276281	4344.745444774628
163	1.2	0.2	4293.743	1100.6929	5127.0854	2102.2593	3611.0796	1618.0696	5308.053	631.1436	850.6667	696.7	815000	393.99786	154.73798	527.69464	-31.047316	394.0017	154.73016	530.4793	-22.86958	395.0396	154.43462	527.56573	-28.088285	-1.7342237	6.6117163	96.54937	-17.225641	30.32022	29.700327	20.742567	4378.914875745773
164	1.2	0.2	4371.5337	1625.0173	5165.7466	741.16095	5267.9326	6.1042686	5281.461	5260.01	857.0	1000.0	820000	395.035	154.78697	527.8734	-36.706264	395.0387	154.78008	532.9858	-28.66018	396.08096	154.48245	528.0176	-33.419563	-1.7628206	6.500575	88.14952	-17.908474	30.667007	30.133278	21.101446	4415.827078819275
165	1.2	0.2	3933.408	1187.6578	5069.852	2280.9268	2930.4324	1400.8949	5173.5215	1009.53894	783.8333	577.4	825000	395.24863	155.03387	527.34393	-35.556847	395.25336	155.02489	528.0349	-40.56885	396.27536	154.74274	528.1392	-34.46624	-1.6576705	6.506604	80.071526	-16.838072	31.211643	30.798656	21.336071	4447.665838003159
166	1.2	0.2	4479.72	1234.4517	5114.631	1722.2947	4896.784	862.9358	5355.4644	2854.4163	885.1667	920.8	830000	395.7007	155.3571	530.917	-48.229317	395.70514	155.34901	538.2314	-51.80003	396.75186	155.05324	527.03656	-30.349361	-1.7272365	6.6256223	77.49252	-17.179577	31.069075	30.532188	21.29984	4484.375900268555
167	1.2	0.2	4425.782	971.00616	5096.714	2542.5305	4706.257	1201.4095	5319.638	2221.0552	883.0	887.6	835000	397.08588	154.55391	530.4539	-37.669415	397.0893	154.54813	527.5012	-31.901575	398.1107	154.2554	527.3559	-37.51336	-1.7642483	6.576331	89.77429	-17.641956	30.626635	29.962309	20.783443	4517.854373455048
168	1.2	0.2	4968.597	57.41537	5079.6704	4924.8716	4768.1006	1321.3485	5218.859	804.2002	1000.0	915.7	840000	397.18643	154.52655	529.78766	-30.372156	397.19125	154.5182	530.52045	-27.440866	398.22333	154.207	527.1966	-27.869854	-1.7813222	6.5631013	125.24661	-17.52807	29.962734	29.628565	20.567976	4553.624401807785
169	1.2	0.2	3702.1914	1679.6387	5125.4097	989.5931	5240.133	336.3829	5371.941	4231.9136	740.125	979.0	845000	399.03204	154.09525	528.4536	-45.86343	399.0353	154.08699	538.7136	-34.78853	400.09253	153.78491	528.044	-42.33499	-1.749038	6.6116424	94.685974	-17.432041	29.766676	29.41712	20.669706	4592.883409738541
170	1.2	0.2	5051.3545	56.03844	5124.4004	4964.59	4977.8657	688.5968	5323.334	2917.5454	1000.0	957.4	850000	400.43347	154.2856	528.8396	-36.030846	400.43796	154.27682	532.3482	-65.86492	401.4676	153.97354	530.01495	-32.463596	-1.9343688	6.560752	83.300896	-18.50595	29.759373	29.216063	20.338434	4629.376780033112
171	1.2	0.2	4470.6533	837.9495	5156.5327	2874.7322	4056.0396	1654.8195	5253.3867	603.9494	891.2	781.6	855000	401.22128	154.70297	530.4037	-39.121056	401.22446	154.69852	540.89764	-39.952545	402.26642	154.37868	529.95764	-40.93922	-1.7800168	6.71962	131.28305	-18.032759	30.483362	29.817322	21.207289	4662.921386480331
172	1.2	0.2	3942.362	1511.3704	5071.4805	1299.207	4448.1377	1534.0737	5264.0405	943.31586	787.8333	853.7	860000	401.6158	154.05449	529.99963	-41.68074	401.61893	154.0485	530.15485	-28.75579	402.6068	153.71365	533.65765	-40.00887	-1.988947	6.6117435	96.5137	-16.988173	30.211102	29.760805	20.951471	4697.7206473350525
173	1.2	0.2	4783.1494	558.96735	5059.685	3534.413	4584.7827	1455.3967	5298.5435	833.1802	950.8333	868.0	865000	401.89966	153.02983	532.2986	-43.66294	401.90387	153.0221	535.111	-40.35624	402.91156	152.6815	529.198	-34.47749	-1.7880887	6.528643	87.7346	-17.424427	30.082981	29.660917	20.630522	4735.836238384247
174	1.2	0.2	4991.7256	67.71334	5071.268	4906.7617	4188.2007	1599.224	5366.313	1013.3948	1000.0	781.6	870000	403.37323	153.3124	533.9215	-29.669052	403.3766	153.308	543.6237	-34.426334	404.41656	152.99681	529.8041	-35.532158	-1.8143871	6.531408	77.05921	-16.676785	29.277288	28.81929	20.164038	4770.992725849152
175	1.2	0.2	4304.3237	1334.654	5127.9043	1463.9287	2810.6907	1565.7115	5304.934	782.27386	846.1667	532.0	875000	403.99854	153.1528	539.42365	-36.47889	404.0008	153.14989	544.189	-41.553864	405.04953	152.81503	531.6764	-45.725067	-1.768985	6.486418	85.72411	-16.664904	29.501144	28.936096	20.293964	4804.294585466385
176	1.2	0.2	4215.0405	1013.2011	5029.6973	2606.26	4307.3613	1453.4049	5289.4175	1484.2473	839.5	816.7	880000	405.56284	152.91591	532.63617	-23.573397	405.56467	152.91072	542.6742	-21.635012	406.58487	152.57526	530.3542	-33.996376	-1.8014385	6.558131	91.345245	-18.51907	29.103369	28.675402	19.959484	4839.718588590622
177	1.2	0.2	5074.3438	43.528885	5142.0186	5018.9233	4442.5327	1509.3617	5207.783	1116.4276	1000.0	855.6	885000	406.35977	152.81506	535.92456	-59.23105	406.36288	152.81152	536.22656	-23.772171	407.37778	152.48376	532.7167	-27.88111	-1.7726865	6.5833335	92.140114	-17.945528	29.283968	28.746029	20.195347	4875.72172498703
178	1.2	0.2	4036.3184	1474.719	5054.6846	1176.7396	4765.8643	1113.4147	5191.811	1427.3997	810.8333	928.5	890000	407.17615	152.73848	530.8273	-32.63245	407.17902	152.7343	532.9545	-40.803593	408.21384	152.40512	531.8842	-68.54638	-1.8425244	6.562238	83.00576	-16.641232	29.762793	29.147097	20.408594	4912.70991396904
179	1.2	0.2	4303.5513	1419.8923	5193.1416	1174.0907	3587.3027	1784.5753	5228.8076	664.2965	853.1667	696.3	895000	408.30475	152.59926	533.1206	-39.716446	408.3069	152.5964	542.1306	-46.351124	409.31058	152.25827	530.8233	-41.682377	-2.0265043	6.549365	87.48809	-17.358788	28.759108	28.346313	19.96771	4947.494238376617
180	1.2	0.2	4996.328	78.16992	5101.5073	4862.4165	3753.9116	1558.1833	5105.697	1270.8541	1000.0	753.8	900000	409.0064	152.53897	533.5032	-45.196598	409.00986	152.53397	536.35626	-30.961948	410.06003	152.17862	532.7577	-64.58288	-1.9205806	6.602043	93.51532	-17.1703	29.317482	28.758625	20.029781	4983.122418165207
181	1.2	0.2	3768.161	1733.2156	5071.993	1237.361	3112.582	1504.7128	5341.5176	1182.5092	752.0	584.3	905000	410.62717	152.25482	535.12964	-43.165955	410.62866	152.25131	542.2308	-36.666157	411.6909	151.90816	532.9297	-31.350733	-1.9414045	6.614042	118.43081	-16.944004	28.678846	28.239094	19.920115	5014.567364215851
182	1.2	0.2	3695.4358	1425.0251	5151.708	1563.2518	3366.5884	1662.6956	5314.04	967.09015	725.1429	639.4	910000	411.55484	152.18642	536.5448	-36.245174	411.5559	152.18457	537.58563	-27.308516	412.60922	151.82774	534.54034	-29.186872	-2.1406183	6.647242	89.99249	-16.998592	28.199701	28.000929	19.738964	5047.988851070404
183	1.2	0.2	5002.4785	135.04733	5186.494	4860.6997	1013.7713	321.70383	1599.019	622.51654	1000.0	192.2	915000	412.12265	152.274	548.7933	-34.6093	412.12503	152.27017	536.5756	-32.690556	413.14575	151.91528	533.4622	-46.93853	-2.158954	6.758554	97.012955	-18.521437	28.494057	28.033026	19.740814	5077.3818147182465
184	1.2	0.2	3533.0044	1799.6382	5204.6504	1121.1259	1412.4569	584.7877	3036.9497	935.8047	697.2857	274.7	920000	413.02	152.01077	537.5652	-55.758526	413.02182	152.01035	615.64734	-44.29811	414.0206	151.62704	534.5968	-39.344616	-2.0750787	6.6374545	88.513054	-17.220867	28.595627	28.086887	20.03832	5107.359609127045
185	1.2	0.2	4238.261	1246.7954	5045.588	1609.209	4294.9775	1565.4009	5316.7393	1172.3584	843.1667	819.5	925000	414.2159	152.14442	540.0772	-59.770626	414.21808	152.13919	534.9959	-46.27121	415.27316	151.78174	535.14075	-41.538124	-2.0379925	6.620262	115.65329	-15.975602	27.859335	27.46211	19.190353	5143.208190917969
186	1.2	0.2	5043.3	142.4563	5256.8545	4879.609	4492.077	1403.2463	5227.017	818.17914	1000.0	871.8	930000	415.8189	152.56247	538.3293	-37.056625	415.8207	152.56026	542.34906	-44.992493	416.87207	152.19487	536.901	-44.61783	-2.004433	6.618103	114.34362	-17.341183	28.908506	28.531687	20.117306	5179.624620437622
187	1.2	0.2	4985.952	66.152756	5076.9985	4898.4404	2765.247	1368.1001	5180.372	1378.0858	1000.0	552.0	935000	416.03088	152.24837	538.0712	-43.907677	416.03363	152.24272	543.4559	-31.66352	417.05914	151.8751	537.1326	-49.251755	-1.9700006	6.6111283	104.49117	-17.365791	28.643044	28.418594	19.86611	5212.508460760117
188	1.2	0.2	4126.694	1407.4224	5057.609	1093.4178	4930.1494	1154.3573	5322.7393	1467.1516	825.8333	927.2	940000	416.72583	152.10753	536.70966	-54.84456	416.7267	152.10548	542.46045	-37.418316	417.77063	151.74127	537.96716	-49.465714	-2.0889728	6.630236	118.56721	-17.529537	28.710999	28.35946	19.961016	5249.555412769318
189	1.2	0.2	4647.3765	774.306	5118.236	3103.0308	4480.047	1558.6235	5325.4834	1360.6843	923.0	851.4	945000	417.12512	152.1217	541.33795	-33.53383	417.12805	152.11705	537.27576	-34.365257	418.10806	151.77138	539.16943	-47.160534	-2.2761264	6.5790257	89.39171	-17.866177	28.158958	27.97815	19.32958	5284.476012706757
190	1.2	0.2	3690.2666	1568.1285	5073.5425	1009.5879	4605.7173	1234.205	5250.7656	1186.148	733.875	880.3	950000	417.21136	151.86049	536.39026	-34.6091	417.21237	151.85791	542.2358	-39.520733	418.2137	151.48813	536.3672	-74.33729	-2.1628258	6.558214	123.574936	-17.048119	28.590801	28.133907	19.93796	5324.032985448837
191	1.2	0.2	4980.339	131.19609	5127.301	4792.102	4741.919	1075.7543	5299.771	2480.126	980.8	898.7	955000	417.1897	151.73317	539.5043	-55.315155	417.19196	151.73189	539.4617	-37.40213	418.18347	151.35217	538.0693	-41.61995	-2.1738768	6.5832996	102.29711	-17.307096	28.792637	28.475046	19.918657	5360.4005215168
192	1.2	0.2	4266.185	1458.1279	5021.054	1350.315	3958.1753	1696.945	5283.617	1091.5553	849.2	754.9	960000	417.5538	151.87802	537.07184	-59.930656	417.555	151.87595	540.03186	-40.697445	418.59604	151.51974	538.248	-36.570393	-2.0504723	6.5915995	96.1048	-17.911049	28.531603	28.057535	19.665775	5393.008441448212
193	1.2	0.2	4785.8447	532.44464	5182.6587	3649.6682	4977.521	584.8933	5227.1743	3227.7756	944.6667	962.3	965000	418.78452	150.9911	539.3382	-41.729824	418.7861	150.98772	539.9485	-38.668682	419.79727	150.60242	536.7379	-33.648666	-2.183832	6.5600452	144.65279	-18.110226	28.476425	28.169388	19.450058	5433.409319400787
194	1.2	0.2	3798.753	1788.1605	5235.906	1237.2473	4761.522	858.2927	5197.219	2382.5178	751.5	923.3	970000	419.17685	151.03368	537.8137	-45.431393	419.1791	151.03214	547.2039	-46.328495	420.16037	150.66092	540.92523	-52.705925	-2.1718373	6.568662	89.531456	-16.19307	28.434824	28.24772	19.873404	5469.27928519249
195	1.2	0.2	4242.971	1001.5597	4981.48	2171.959	4467.5664	1246.7654	5129.6074	1940.1097	854.0	877.3	975000	419.75485	151.11658	540.38293	-33.751038	419.75613	151.11377	543.4712	-30.874393	420.75937	150.75838	538.20776	-49.21313	-2.0783525	6.6057353	98.88551	-19.721462	28.66114	28.185627	19.49432	5506.495967626572
196	1.2	0.2	4611.0317	987.57666	5139.7783	2406.2317	4781.0894	643.2533	5160.9907	3053.3518	913.5	940.3	980000	420.98233	150.987	540.83344	-60.151234	420.98395	150.98395	547.0145	-36.869003	422.0031	150.61583	539.12805	-37.972733	-2.1245334	6.5620255	90.29996	-16.461916	28.16014	27.908148	19.419561	5545.9272582530975
197	1.2	0.2	4465.4336	1160.3888	5110.7803	2148.0105	3383.929	1359.5372	5289.29	894.2279	885.8	642.0	985000	422.40933	150.82265	541.2206	-37.130978	422.4118	150.81943	541.67426	-30.554077	423.44943	150.43715	540.07904	-48.9986	-2.3235433	6.6575837	94.6597	-17.28005	27.863592	27.37144	19.190626	5579.0034766197205
198	1.2	0.2	4874.3096	439.39456	5176.271	3999.9756	3704.519	1814.7413	5256.371	962.73584	953.0	718.9	990000	423.07166	151.02011	538.4506	-39.714005	423.07266	151.01814	540.5444	-34.32469	424.12482	150.63254	538.9323	-43.19734	-2.2296758	6.6089287	118.47599	-17.505203	27.740786	27.335278	18.934393	5613.362361431122
199	1.2	0.2	4682.9663	632.9154	5084.195	3276.8901	5254.584	33.17625	5296.0483	5200.178	932.3333	1000.0	995000	424.51712	151.00505	545.0524	-38.024967	424.51797	151.00479	545.51154	-22.922985	425.53625	150.63689	540.9966	-44.06119	-2.2134485	6.60419	129.01569	-17.288887	27.637829	27.264387	18.960474	5653.701174020767
