Epoch	EntIndex	EntCoeff	AverageEpRet	StdEpRet	MaxEpRet	MinEpRet	AverageTestEpRet	StdTestEpRet	MaxTestEpRet	MinTestEpRet	EpLen	TestEpLen	TotalEnvInteracts	AverageQ1Vals	StdQ1Vals	MaxQ1Vals	MinQ1Vals	AverageQ2Vals	StdQ2Vals	MaxQ2Vals	MinQ2Vals	AverageVVals	StdVVals	MaxVVals	MinVVals	AverageLogPi	StdLogPi	MaxLogPi	MinLogPi	LossQ1	LossQ2	LossV	Time
1	1.2	0.2	122.70026	36.336212	275.95703	78.40808	259.02805	12.616356	285.96045	242.49489	24.436274	47.1	5000	6.530266	47.473488	108.644745	-103.07936	6.5318885	47.474434	108.192635	-97.03624	4.2221475	53.438816	115.86159	-152.51016	21.346928	112.54946	13372.16	-18.043818	3.788027	3.7306592	197.03183	20.65714740753174
2	1.2	0.2	119.592285	32.63232	264.10312	78.353195	192.36327	10.844503	208.24442	174.87814	23.744076	36.1	10000	148.29816	75.349815	330.1993	-47.2573	148.29945	75.3521	333.63696	-54.356754	159.35512	74.36717	338.8506	-46.04447	1.9458518	4.754996	26.61873	-15.717792	9.84759	9.492344	23.656023	40.67946219444275
3	1.2	0.2	323.49603	86.82591	584.38446	202.51064	251.51042	14.2284355	277.4943	235.99677	61.753086	46.6	15000	275.4989	111.40873	418.37958	-196.93196	275.50204	111.40752	423.76523	-177.2785	288.4255	102.86432	417.05704	-211.81425	3.4095552	8.435321	44.109116	-16.731663	42.725136	42.51698	64.856804	64.13935685157776
4	1.2	0.2	336.65536	71.54719	569.27924	201.93568	249.79562	17.952013	265.62793	214.82521	64.97369	55.4	20000	269.42862	122.721016	421.40222	-92.87382	269.42868	122.73386	422.522	-85.549126	277.31558	117.46591	417.33826	-90.772835	0.78186387	9.161905	60.744247	-17.175138	36.49775	35.312042	53.991844	87.44859099388123
5	1.2	0.2	379.3208	98.19212	753.198	230.82309	323.05838	42.06857	408.76797	246.56044	76.55385	70.5	25000	232.05717	120.58521	397.6582	-113.008934	232.05753	120.59722	404.24564	-106.3764	237.41475	118.26518	402.8014	-133.49411	-0.6910325	7.5397577	51.07526	-17.437542	29.421787	28.714304	44.477768	111.29947519302368
6	1.2	0.2	390.48035	101.75624	722.75275	227.79007	326.06503	40.38442	387.20032	270.8186	78.765625	72.2	30000	202.00484	112.775925	376.63477	-79.74644	202.00449	112.78057	376.65356	-93.97109	206.39165	111.99229	379.2162	-85.89797	-0.96992004	6.1523776	127.21859	-16.880936	23.280233	22.978807	35.54961	135.09202933311462
7	1.2	0.2	368.42584	66.27589	590.37384	234.76662	364.1398	61.00086	499.33923	297.84637	76.76923	76.6	35000	189.41994	106.76187	362.8357	-58.171257	189.41849	106.76791	362.55713	-63.158012	193.1049	106.49805	358.82156	-58.207153	-1.7706056	5.369665	43.48613	-17.597631	21.355965	20.907993	31.310562	158.93880605697632
8	1.2	0.2	483.57126	129.03398	936.23706	299.34558	457.61636	56.83899	593.2709	375.7992	97.333336	93.4	40000	180.77911	102.69185	351.1511	-38.879875	180.77951	102.692375	349.75793	-47.974995	183.8436	102.55867	349.03018	-40.925972	-2.856453	5.0233984	31.846989	-17.605824	18.599442	18.43026	27.31736	182.86473560333252
9	1.2	0.2	463.33295	120.8692	1001.30084	305.2719	445.45035	46.46395	514.9995	373.30865	92.833336	93.4	45000	174.09825	96.04917	331.60632	-23.891535	174.09904	96.049675	331.4173	-22.167542	176.72832	95.87435	331.4257	-38.400436	-3.6458178	4.72721	29.02377	-18.48354	15.7792225	15.574957	22.830643	207.04770827293396
10	1.2	0.2	489.94287	109.00575	739.78314	308.6627	438.9375	58.5672	527.47046	357.48163	97.65385	94.1	50000	173.42764	91.00708	323.60498	-22.047812	173.4276	91.01128	325.2495	-20.204363	175.76952	90.73397	322.5623	-41.51946	-4.402725	4.385724	26.45435	-17.582518	13.320044	13.105536	19.30065	231.52201914787292
11	1.2	0.2	513.0843	98.52316	746.0339	329.49414	593.26215	213.44376	1147.7389	369.82605	102.916664	124.9	55000	177.54945	89.862724	319.44675	-49.35345	177.54906	89.86547	321.67578	-28.21267	179.7909	89.51152	316.55124	-39.54269	-4.7426796	4.3282275	32.009426	-17.967411	11.183485	11.003825	16.51445	255.83983397483826
12	1.2	0.2	506.4833	96.200035	855.2135	335.05872	486.87543	77.8865	589.2356	354.21194	101.0	93.5	60000	182.2998	92.07798	327.83145	-62.685707	182.29994	92.079834	326.4024	-58.525333	184.46063	91.728065	324.09744	-30.831392	-4.891455	4.314022	26.833765	-18.130308	10.661131	10.499381	15.7469	280.289977312088
13	1.2	0.2	497.10425	92.09528	817.95636	322.1013	446.42255	25.891275	500.69003	414.47107	99.64	83.5	65000	186.22786	94.64682	331.07956	-37.879185	186.22713	94.64898	333.36426	-33.33367	188.29532	94.32914	331.8314	-56.919563	-4.981455	4.1825495	29.558199	-17.479082	10.873016	10.793047	15.736573	304.32344675064087
14	1.2	0.2	509.76105	110.60729	929.7581	312.6306	476.6998	65.31438	576.3785	399.9626	99.98	90.9	70000	188.76384	96.27958	339.2927	-22.974636	188.76378	96.28327	338.64835	-25.920988	190.75671	95.97952	335.0358	-32.52528	-4.989673	4.183919	26.845423	-17.786823	11.476587	11.236186	16.133236	328.4972999095917
15	1.2	0.2	492.9396	104.6409	798.91656	296.9423	607.66223	106.38438	816.62366	511.14572	97.17647	114.1	75000	190.30783	97.14421	339.68228	-24.558693	190.30763	97.14681	340.14832	-21.780058	192.16899	96.89026	338.83362	-39.696217	-4.9761753	4.1339545	30.875631	-18.458235	11.283879	11.158742	15.664598	352.7194848060608
16	1.2	0.2	509.6822	83.98368	750.0454	376.11627	487.1669	82.56666	635.9034	392.50366	99.117645	94.1	80000	191.4881	96.9495	343.64764	-29.176716	191.48724	96.95096	343.02994	-19.501865	193.28375	96.72077	341.63675	-28.600828	-5.1192265	4.1201534	34.13251	-18.182375	11.360002	11.303141	15.296048	377.2545359134674
17	1.2	0.2	523.644	109.51386	853.4105	354.48706	582.3663	77.83162	742.35956	486.4619	101.591835	117.1	85000	191.96078	96.737015	342.1582	-22.224463	191.96033	96.740005	344.0446	-49.232475	193.67712	96.49345	340.35086	-28.04248	-5.211522	4.020605	32.273586	-17.52093	11.221058	11.112352	14.930645	401.8577084541321
18	1.2	0.2	550.45197	123.81784	872.401	318.77246	533.8571	55.7907	679.8923	486.5154	109.521736	102.3	90000	193.8841	96.964424	343.8583	-23.10537	193.88359	96.9663	344.11432	-23.702059	195.52774	96.714905	342.34592	-35.026276	-5.222894	3.9324875	37.002113	-16.314083	11.009223	11.002776	14.389225	426.4530963897705
19	1.2	0.2	558.3363	126.44891	968.3335	365.75385	523.506	63.283546	630.6926	429.12967	109.51111	108.0	95000	196.35255	97.71621	344.7216	-34.744865	196.35118	97.71771	346.00992	-22.292513	198.00377	97.47659	343.74127	-37.40354	-5.005209	4.0315657	34.12846	-18.724663	11.099975	11.104241	14.388212	450.65988874435425
20	1.2	0.2	566.08167	95.28135	838.1679	389.889	575.3082	98.34909	781.38885	449.76123	112.0	113.4	100000	198.48405	98.622246	349.2665	-43.5924	198.4839	98.62313	348.7887	-27.589231	200.0994	98.36546	348.30322	-49.06185	-5.0911207	4.0316234	33.87456	-18.60946	11.014325	11.023822	13.7972	475.494425535202
21	1.2	0.2	560.736	114.78015	862.4719	377.26166	505.85416	41.532215	573.0989	424.77118	109.95556	93.5	105000	200.92303	99.486015	351.47437	-46.183105	200.92213	99.48615	350.8728	-22.315315	202.50346	99.231316	349.70874	-40.024162	-5.072425	4.0832295	35.67616	-18.31227	11.11324	11.082909	13.861429	499.8137881755829
22	1.2	0.2	535.20605	121.35432	915.3857	296.335	579.6208	40.481552	648.4671	513.2141	101.14	106.1	110000	202.66374	100.18491	351.84955	-31.945314	202.6627	100.18632	352.36502	-28.963858	204.20952	99.91876	351.56058	-45.3093	-5.0913053	4.049817	32.731995	-16.814919	11.161326	11.121073	13.637909	524.628458738327
23	1.2	0.2	553.4115	105.60703	869.1238	352.40054	534.4362	39.30497	603.73114	463.02783	107.67391	105.7	115000	204.38054	100.65866	355.23102	-42.91643	204.38005	100.65927	355.731	-31.263042	205.87793	100.39357	354.5493	-30.863848	-5.1233068	4.077929	35.76843	-16.935654	11.195592	11.196075	13.436432	549.1856257915497
24	1.2	0.2	664.6815	171.12575	1178.9998	383.2603	489.1209	48.759098	600.55554	429.92154	132.05263	91.6	120000	206.24611	101.3108	355.79324	-44.290024	206.24556	101.310616	355.80194	-34.880817	207.6933	101.05302	355.21396	-40.318375	-5.092979	4.0915985	44.265835	-18.039415	11.494166	11.531307	13.565645	573.985732793808
25	1.2	0.2	574.64136	149.06415	1045.5529	368.52856	509.10757	29.346998	560.19934	461.65326	113.72727	96.4	125000	207.55075	102.46765	359.27014	-52.06729	207.55013	102.468506	360.2038	-31.346186	209.01187	102.242714	357.66916	-43.12176	-4.806679	4.145154	32.037663	-16.733372	11.832779	11.890385	13.536987	598.594021320343
26	1.2	0.2	586.122	140.20657	1140.8508	393.4335	445.44208	31.746977	518.53156	394.70502	115.16279	84.7	130000	208.88583	103.132545	360.88934	-25.94814	208.88487	103.1332	361.33963	-36.76513	210.30739	102.90603	360.62234	-31.451885	-4.934588	4.150386	37.119698	-19.163465	11.9708605	12.035626	13.614684	623.049723148346
27	1.2	0.2	571.7834	155.15656	1101.572	344.60922	646.36755	72.819214	782.0306	510.74316	111.2	122.7	135000	210.18411	103.44027	364.03467	-37.04212	210.18297	103.44139	362.69855	-31.738232	211.53339	103.21553	361.19843	-35.367744	-4.960858	4.041889	33.778603	-18.03326	12.165222	12.13848	13.400045	647.9677314758301
28	1.2	0.2	576.883	147.99384	1046.6453	367.28394	644.0741	131.93317	856.2327	514.7455	114.204544	126.1	140000	210.77542	103.64355	365.06223	-34.81544	210.77496	103.64413	365.1857	-38.292282	212.10626	103.41002	362.51312	-35.779373	-4.814598	4.02363	32.60018	-16.828354	12.093986	12.201129	13.341209	673.1277139186859
29	1.2	0.2	620.35406	166.9331	1158.1332	381.96646	649.3937	118.25417	832.4998	421.21545	120.2619	122.3	145000	211.28455	103.55137	364.603	-28.777338	211.28384	103.55184	363.97327	-18.082026	212.59726	103.33463	363.66937	-44.027668	-4.8238654	4.071234	35.02327	-17.292025	12.060924	12.119811	13.198847	698.4382407665253
30	1.2	0.2	627.9852	170.0751	1170.3599	404.27768	678.9842	97.84932	821.7151	522.83185	123.85	138.3	150000	212.69691	103.925255	365.0382	-23.947721	212.6955	103.9272	366.67056	-31.005283	213.97128	103.68685	363.78323	-40.423008	-4.945308	4.0561986	44.472538	-17.101421	12.074375	12.107306	13.03421	723.7102026939392
31	1.2	0.2	633.57166	132.69669	1002.7948	432.30624	543.72424	75.488625	685.40265	442.09195	125.375	104.2	155000	213.35895	103.93487	368.38614	-42.961414	213.35837	103.93528	366.37845	-25.451456	214.62871	103.72153	364.42233	-35.446487	-4.9352775	4.054029	33.74091	-16.4905	12.287912	12.231009	12.967462	748.8247709274292
32	1.2	0.2	624.1567	177.60913	1251.8318	395.3281	647.8653	79.03239	753.9396	521.5738	121.414635	126.3	160000	213.89417	104.24028	366.29367	-32.0159	213.89331	104.241005	366.7029	-49.968197	215.10744	104.015656	367.00687	-28.8909	-4.95717	4.016509	33.153305	-17.80342	12.468584	12.548895	13.0362835	773.8803479671478
33	1.2	0.2	649.59314	187.4319	1327.7587	356.5754	545.84143	49.22404	634.40265	470.91177	126.325	100.8	165000	215.07127	104.27772	368.32825	-30.352625	215.06985	104.27897	369.52625	-37.8978	216.2789	104.05878	366.9644	-50.350952	-4.9454083	4.0035524	37.73321	-17.380669	12.419172	12.414259	12.656247	799.1267418861389
34	1.2	0.2	650.48114	163.90433	1111.6648	442.3422	705.46124	78.78604	804.8481	581.581	128.1282	137.6	170000	216.60559	105.00053	367.84824	-23.18783	216.6049	105.00079	368.44058	-20.246796	217.7928	104.79096	368.6738	-32.36242	-4.969863	4.0007133	104.95393	-17.913208	12.520892	12.553569	12.803343	824.5872893333435
35	1.2	0.2	671.304	171.37402	1132.3258	299.80396	641.71313	117.94646	869.4336	501.67642	131.97298	120.6	175000	217.54277	105.57479	369.62494	-54.69976	217.54149	105.576	372.90274	-19.65037	218.70718	105.347305	368.82532	-27.233236	-4.948749	4.018423	69.19016	-16.94729	12.703042	12.718589	12.88226	849.3955357074738
36	1.2	0.2	681.2542	171.62726	1092.2277	397.9319	613.34625	92.25845	820.0163	530.3816	133.36842	117.2	180000	218.20575	106.178154	372.12988	-27.172892	218.20558	106.17807	370.87866	-31.316887	219.35782	105.95828	370.5878	-65.124664	-4.916233	3.9845357	35.77338	-17.611275	12.831564	12.981199	12.778664	874.9951531887054
37	1.2	0.2	622.94867	98.94386	821.8457	433.05557	667.9241	82.95738	810.97626	506.4927	122.21951	133.6	185000	219.37718	106.63573	372.96747	-23.254417	219.37624	106.63654	374.50574	-45.78582	220.53807	106.44347	372.92487	-47.899075	-4.871299	4.020357	37.66541	-17.415483	13.025727	13.050909	12.929351	900.4917621612549
38	1.2	0.2	680.87836	126.8004	1067.5621	486.1535	788.75024	78.73598	927.4334	660.138	132.21053	149.7	190000	220.95544	107.18969	374.69427	-37.80891	220.95427	107.19058	376.2733	-25.910433	222.1022	106.98986	375.31876	-23.290539	-4.7549505	4.0310497	34.021553	-17.346123	13.2165165	13.290919	13.074539	926.1398637294769
39	1.2	0.2	697.8413	124.27929	952.18695	454.31024	648.9061	85.67324	793.82764	497.94693	134.13513	126.8	195000	222.12912	107.35733	378.14877	-21.90918	222.12944	107.35544	376.03564	-21.308395	223.27145	107.145584	374.55624	-53.42557	-4.836014	3.9870307	34.78103	-18.042397	13.3022995	13.367642	13.051956	951.4343791007996
40	1.2	0.2	734.799	164.23895	1147.8007	396.5321	748.1957	31.024855	785.4661	671.97424	142.02856	141.1	200000	224.20197	108.14485	378.98032	-33.46688	224.2012	108.14463	376.6394	-27.672241	225.35176	107.94901	377.454	-36.418003	-4.5925837	4.084236	40.760998	-16.978645	13.326534	13.487119	12.925009	977.0931985378265
41	1.2	0.2	709.60175	197.32362	1339.3969	358.87747	743.9796	121.37626	989.2666	588.65796	138.08109	147.1	205000	225.92174	109.07083	382.19168	-49.465893	225.92137	109.06959	380.8154	-42.391113	227.08168	108.88469	380.00858	-43.238194	-4.533351	4.1357946	37.30022	-16.689655	13.624994	13.782355	13.253532	1003.3400239944458
42	1.2	0.2	695.28265	175.93584	1135.1443	402.1099	684.39124	69.50019	858.8143	622.61316	134.8108	130.2	210000	226.90117	109.79192	382.66464	-44.046463	226.90083	109.79223	381.98993	-51.45604	228.03134	109.6104	381.8346	-44.937824	-4.515284	4.1273017	41.001377	-18.02567	13.842792	13.901141	13.143447	1028.8995821475983
43	1.2	0.2	747.3045	171.70018	1205.3795	470.4019	738.5786	97.41152	864.6874	579.2985	144.5	139.6	215000	227.69415	110.17658	384.3227	-33.74106	227.69402	110.17527	382.42758	-30.535143	228.80428	110.015076	383.86072	-32.927414	-4.567693	4.152261	35.490845	-17.088913	13.909112	13.97741	13.16879	1054.4689514636993
44	1.2	0.2	705.90717	197.97046	1351.5393	406.7216	649.42175	77.62547	780.1456	495.43365	138.55556	121.4	220000	229.01279	110.519165	389.9006	-24.504398	229.01276	110.51884	385.7594	-24.565195	230.13377	110.35203	384.7016	-22.101332	-4.491936	4.148728	55.207676	-18.414724	14.0464525	14.140213	13.173059	1080.0713748931885
45	1.2	0.2	752.2114	234.94328	1413.8324	453.21274	585.3363	61.17134	682.8699	443.28503	145.85294	111.3	225000	229.92752	111.10688	385.7671	-54.9472	229.9275	111.10667	386.54968	-31.157885	231.07016	110.95097	386.79495	-29.749908	-4.375698	4.2286835	37.687527	-17.651642	14.331169	14.399829	13.433921	1105.571974992752
46	1.2	0.2	756.05023	199.44867	1255.091	458.67645	560.8412	36.081203	610.0649	496.4451	145.25714	101.9	230000	232.01936	112.038246	390.8842	-60.678005	232.01833	112.03846	389.49548	-56.897648	233.14352	111.86844	388.00928	-73.35907	-4.4392657	4.2435412	40.74829	-18.672703	14.501744	14.594334	13.472616	1131.565644979477
47	1.2	0.2	809.79596	213.06488	1332.2573	413.60526	750.82654	120.6622	986.15125	510.2675	156.3125	140.4	235000	233.3507	112.45426	390.85864	-34.042107	233.35033	112.45413	391.0188	-45.25328	234.46112	112.288605	390.10953	-44.05977	-4.417388	4.2659764	59.73738	-18.158344	14.600547	14.717582	13.432005	1157.4342305660248
48	1.2	0.2	865.415	242.97418	1456.7388	515.8603	887.64795	196.56049	1322.994	667.04156	167.06667	164.6	240000	234.44978	112.830956	392.68936	-43.92564	234.45016	112.8304	392.87045	-43.96933	235.5683	112.667366	391.39578	-63.202087	-4.3137717	4.2815566	38.11187	-18.271418	14.799673	14.906593	13.542127	1183.7817804813385
49	1.2	0.2	847.29114	298.4409	1658.761	446.85065	577.3287	25.459156	603.72894	529.2611	166.46666	107.2	245000	236.6353	113.94022	394.3585	-24.073254	236.63474	113.9405	394.35965	-28.844852	237.77678	113.77451	394.90298	-33.55885	-4.1809335	4.3187885	51.061623	-16.72917	14.842414	14.918018	13.467829	1209.3888156414032
50	1.2	0.2	927.4803	267.3288	1458.723	513.8576	800.955	260.77277	1555.4478	574.9888	180.67857	151.0	250000	238.58083	114.736176	397.51105	-45.841003	238.58075	114.736084	397.0333	-72.19971	239.70242	114.574234	396.45905	-85.44169	-4.223261	4.272296	49.589077	-18.923283	15.26564	15.302249	13.839521	1235.700966835022
51	1.2	0.2	961.386	402.89987	2322.7334	522.3517	1287.7375	420.16595	2120.332	615.22864	188.8077	245.4	255000	240.70639	115.65005	397.21893	-38.072704	240.70668	115.64921	398.12466	-25.65483	241.83638	115.47531	398.36584	-38.876194	-3.9741366	4.294717	41.68105	-17.154213	15.595822	15.683312	13.906495	1262.5117676258087
52	1.2	0.2	888.45874	221.95035	1592.0833	523.6789	689.1646	68.544304	821.1594	547.25244	173.0	129.5	260000	242.7379	116.65071	402.68433	-36.93832	242.73778	116.65029	402.2327	-29.58154	243.90613	116.496315	401.39285	-44.030712	-4.009816	4.328906	38.68145	-17.87846	15.850219	15.959663	14.051336	1288.538749217987
53	1.2	0.2	1000.58203	334.01938	2301.9417	556.36053	857.5869	196.57693	1173.7684	580.92957	193.73077	163.8	265000	245.13596	118.04256	407.36014	-41.07561	245.13554	118.04235	408.60858	-28.475227	246.31592	117.88925	404.47333	-28.013805	-3.8807278	4.355689	68.04722	-17.783512	16.508429	16.615955	14.459261	1315.1057057380676
54	1.2	0.2	953.43677	305.3686	1698.4763	466.33606	886.9738	220.8261	1455.3674	683.0676	185.37038	168.3	270000	246.41985	118.914406	408.4751	-42.385212	246.41917	118.91367	407.91425	-53.288757	247.61348	118.775696	406.5462	-62.59501	-3.664892	4.43607	44.27352	-16.846003	16.91736	17.03806	14.603006	1341.8899207115173
55	1.2	0.2	1112.437	357.14078	1696.4471	515.7875	687.98175	115.24154	880.51904	556.92926	213.86363	136.8	275000	247.93753	119.32799	410.84335	-33.38114	247.93741	119.328316	411.64883	-39.540955	249.09	119.167274	408.4168	-46.023468	-3.7221005	4.368875	44.073875	-17.090698	17.240845	17.39607	14.962743	1367.043956041336
56	1.2	0.2	1475.07	846.8353	3666.843	648.9687	792.12146	75.12684	945.7964	656.1893	287.77777	150.9	280000	249.55225	120.056435	411.05313	-34.45032	249.55212	120.05499	411.73898	-50.211636	250.73102	119.92548	411.32367	-57.408054	-3.607473	4.42648	41.57766	-17.952772	17.43339	17.52004	14.955021	1394.2407410144806
57	1.2	0.2	1167.3729	562.958	2504.9895	445.99417	1280.1572	328.34116	1791.6122	867.4931	226.71428	248.5	285000	252.71881	121.631775	418.91507	-46.61153	252.71834	121.6308	416.4494	-79.322334	253.95332	121.52884	414.9537	-27.664028	-3.3410628	4.572811	42.823357	-18.911345	17.879644	18.079405	15.330654	1421.0535175800323
58	1.2	0.2	1319.5981	572.90247	2829.9473	477.18802	611.8114	47.485268	690.0137	486.7891	258.85	116.1	290000	255.904	123.39887	418.68768	-43.418476	255.90442	123.39808	419.66095	-44.875004	257.12335	123.29632	420.4751	-47.21119	-3.2083979	4.6514215	45.336277	-17.683151	18.906927	19.042744	16.061888	1447.9862327575684
59	1.2	0.2	1437.3639	706.3486	3372.816	687.3771	856.3273	264.3653	1479.1948	595.27014	279.94446	162.8	295000	258.2157	125.206894	422.96237	-24.256527	258.21524	125.20661	423.90833	-20.142532	259.41623	125.10993	422.83792	-34.18191	-3.084662	4.668791	81.70798	-17.356092	19.646261	19.71303	16.311369	1474.9544422626495
60	1.2	0.2	1368.8942	605.4209	2784.7031	497.82394	857.6837	357.6843	1730.5867	584.21796	266.6842	163.0	300000	259.9872	126.122635	430.25018	-30.880186	259.9866	126.12186	427.69592	-30.419605	261.20624	126.06096	428.0079	-33.55632	-2.920692	4.7526135	40.157265	-16.749434	20.385464	20.591246	17.062384	1501.9286561012268
61	1.2	0.2	1175.904	574.396	2458.193	499.86383	817.22815	132.63538	1183.8892	702.40375	230.19048	155.3	305000	261.96667	127.996414	435.39905	-29.417646	261.96594	127.99614	432.14447	-31.7662	263.21	127.96058	431.29865	-43.689507	-2.7272735	4.827589	42.74665	-16.594656	21.326977	21.584532	17.623291	1528.0857524871826
62	1.2	0.2	1408.7688	601.6395	2431.6602	688.8466	935.1146	474.9175	2293.1099	604.6646	276.10526	178.7	310000	264.38913	129.16379	436.8449	-27.732174	264.3888	129.16348	436.34848	-24.347576	265.63144	129.11034	435.32916	-40.235973	-2.6382937	4.960176	51.925488	-17.604942	22.10606	22.276651	18.139454	1556.0527231693268
63	1.2	0.2	1545.5236	911.2675	4310.9688	670.72546	749.0036	356.9651	1470.8328	400.44647	302.875	147.2	315000	266.69675	130.0284	436.96365	-19.947077	266.69626	130.02881	437.85913	-32.440994	267.96393	130.01704	437.67435	-61.860874	-2.3698208	5.0581036	45.80249	-17.668041	22.817987	22.910032	18.523859	1582.1381769180298
64	1.2	0.2	1170.2032	615.17554	3143.2769	463.09525	992.9335	511.67987	2440.0576	597.9221	227.77272	184.1	320000	268.76126	131.35312	441.03207	-60.12085	268.76096	131.35281	441.99194	-58.279568	270.00885	131.33372	440.64026	-39.411575	-2.2709	5.0855284	42.876026	-18.426025	23.629196	23.805828	18.952053	1609.3783078193665
65	1.2	0.2	1431.1426	700.3291	2620.849	624.0935	704.6824	97.88943	962.56506	586.8137	278.16666	133.0	325000	270.78183	132.84117	447.06088	-83.05167	270.78085	132.84065	444.67496	-55.66484	272.07205	132.84187	443.48328	-73.06686	-2.16784	5.1562386	44.097904	-17.135742	24.000032	24.127743	19.248484	1636.3120956420898
66	1.2	0.2	1481.2378	630.729	2499.0708	471.81082	2260.3792	1125.1613	5091.5186	1140.3778	285.66666	443.1	330000	273.018	133.48474	446.34592	-31.899906	273.01782	133.48424	446.52072	-29.443953	274.2918	133.45984	447.3305	-70.70663	-2.0385559	5.278525	43.406498	-16.679474	24.497482	24.720633	19.855928	1666.797894001007
67	1.2	0.2	1313.236	491.99393	2614.7302	618.5133	1142.7297	337.13266	1899.9027	668.49945	258.8889	224.4	335000	275.1059	134.24846	455.0665	-23.651346	275.10587	134.24875	451.22467	-36.3613	276.36902	134.22844	448.73315	-50.643253	-2.1928744	5.171931	49.34111	-17.2275	25.06827	25.02363	19.834522	1693.2148628234863
68	1.2	0.2	1591.597	782.2864	3510.564	529.3425	788.98486	407.6284	2001.9045	560.34875	311.0	149.8	340000	275.59113	134.84279	450.3265	-25.500654	275.58948	134.84222	450.0015	-29.547987	276.82965	134.83698	450.33228	-30.55667	-2.1471071	5.1575065	51.327618	-16.486267	24.868484	25.107496	19.520317	1720.4261493682861
69	1.2	0.2	1436.2402	866.6099	4054.1387	691.3916	992.3151	303.0218	1559.7899	697.9559	281.6842	190.1	345000	277.9811	135.24493	453.9107	-30.681194	277.98166	135.24316	458.39777	-28.772388	279.24323	135.23311	453.13504	-56.861248	-2.0677714	5.261981	65.47797	-18.950287	25.038754	25.231129	19.903933	1749.311437368393
70	1.2	0.2	1431.1638	641.0561	2816.144	810.9708	997.8835	344.9486	1942.3024	691.2149	278.16666	188.9	350000	279.1487	136.0972	456.33408	-29.43103	279.1478	136.09645	460.39603	-27.074572	280.40317	136.08913	453.8552	-32.949883	-1.951181	5.3505445	50.147713	-17.667301	25.361916	25.60132	19.974495	1776.9541749954224
71	1.2	0.2	1799.238	1151.3684	5162.5635	762.55646	1009.16077	487.864	1955.0372	564.7648	349.7857	190.7	355000	280.49423	136.77898	459.79977	-31.310886	280.4949	136.77808	459.08746	-44.198334	281.7736	136.79205	457.80594	-53.721916	-1.9231507	5.3904023	45.60226	-16.823765	25.646145	25.84446	20.143858	1804.1823816299438
72	1.2	0.2	1354.0967	607.5432	3104.2727	769.80023	747.11346	98.00804	938.0104	640.4371	262.58823	142.7	360000	282.9271	137.42407	460.22006	-45.517616	282.92664	137.42339	463.41165	-21.778915	284.17474	137.42096	457.09354	-35.393105	-1.8952663	5.469028	50.610336	-17.298853	25.343676	25.413408	19.391909	1829.415364265442
73	1.2	0.2	2574.6326	1375.0532	5102.427	964.6355	969.7743	279.2806	1533.6797	620.0137	503.72726	184.0	365000	284.3451	138.21782	463.9655	-50.076706	284.34552	138.21619	464.43503	-47.29189	285.63046	138.23914	462.67456	-74.51759	-1.800932	5.4629736	132.47218	-17.311476	26.269957	26.423191	20.300934	1858.806438922882
74	1.2	0.2	1990.1766	786.9072	3823.042	911.68835	1699.8396	1091.5752	4067.9973	619.792	393.27274	333.0	370000	286.07874	139.37279	466.95755	-46.928574	286.07947	139.36916	464.17032	-21.893793	287.30893	139.37715	462.08432	-33.50883	-1.874192	5.465327	53.221493	-16.949362	26.788359	27.097118	20.910818	1885.5020599365234
75	1.2	0.2	2407.6936	1310.0297	5156.802	885.9319	1449.371	563.28815	2870.8362	901.73645	472.83334	277.2	375000	288.3293	139.90399	467.8633	-53.07722	288.32867	139.9031	468.4276	-22.904621	289.59048	139.90242	464.21155	-52.250004	-1.7833843	5.5326624	48.551445	-17.085112	26.97104	27.096592	20.861149	1916.6665353775024
76	1.2	0.2	2588.588	1201.5916	4818.932	985.0636	2388.4265	1470.2028	5179.3267	615.61743	501.1	465.9	380000	290.5979	140.85942	468.60916	-45.370796	290.5982	140.85628	470.14676	-33.690193	291.85394	140.85445	468.30136	-37.02897	-1.7837546	5.5444436	50.962162	-17.067146	27.474094	27.831392	21.342754	1947.3955807685852
77	1.2	0.2	2546.2063	1608.6244	5191.632	578.09296	4599.7476	1109.1444	5273.0107	2340.495	500.1	880.0	385000	292.90317	141.58867	474.9228	-38.2633	292.90298	141.58714	473.26706	-30.748537	294.18744	141.59944	471.3862	-83.49251	-1.6821479	5.5536113	64.0455	-17.725994	27.79664	28.03766	21.361374	1981.9414665699005
78	1.2	0.2	2550.702	1555.916	5182.219	816.5483	1011.01886	623.2817	2531.6099	494.27554	493.44446	193.8	390000	295.67334	142.96094	477.40958	-26.302773	295.6747	142.95847	476.3973	-22.543207	296.98257	142.9951	475.97446	-31.518051	-1.5062168	5.6428924	51.914177	-18.344526	28.348053	28.629427	21.57938	2008.2717714309692
79	1.2	0.2	2350.0754	1091.5211	5172.0815	863.5652	2099.6013	817.95703	3089.7097	770.79193	451.66666	396.1	395000	298.50543	144.12918	481.90274	-31.13881	298.5053	144.12753	480.5339	-38.364872	299.8302	144.1419	478.4265	-33.56997	-1.5661337	5.59707	58.68353	-20.222836	28.59867	28.7912	21.773325	2039.9146902561188
80	1.2	0.2	2988.2717	1631.362	5274.847	748.6768	4885.7085	1285.6226	5321.6416	1028.9153	572.55554	921.2	400000	301.31085	145.25977	480.66602	-61.251034	301.31055	145.2588	481.83472	-36.978287	302.6036	145.26785	480.87033	-36.677807	-1.4690783	5.612719	69.86771	-17.531017	29.052742	29.266026	22.281229	2075.9294624328613
81	1.2	0.2	3612.5789	1551.6173	5242.856	1677.5433	3316.8235	1573.0516	5371.5835	888.5561	694.2857	618.9	405000	303.14966	145.81352	485.83783	-38.282364	303.14954	145.81053	484.39584	-50.230675	304.4543	145.8011	480.5299	-48.54487	-1.5658675	5.6682568	52.948708	-16.997044	29.442133	29.700203	22.411722	2107.5289273262024
82	1.2	0.2	2200.1355	1419.2954	5160.788	932.3331	2799.9487	1680.8765	5254.29	761.5221	425.08334	538.3	410000	306.47855	147.19548	485.59744	-47.20612	306.47916	147.19188	485.52405	-65.26918	307.82828	147.19724	485.20438	-51.58427	-1.2876885	5.8437986	49.09058	-16.93696	29.29326	29.666601	22.232283	2139.6949350833893
83	1.2	0.2	2486.108	1372.7587	5183.836	968.8942	3341.8972	1709.0001	5253.2803	865.98413	482.1	638.9	415000	309.57037	149.15668	489.05078	-45.43847	309.57037	149.15517	492.20682	-29.309317	310.9177	149.17285	491.0111	-40.42001	-1.1929796	5.879968	79.85448	-18.20506	29.87185	30.201073	22.738667	2171.760228872299
84	1.2	0.2	2060.7275	1145.2355	5144.667	655.9828	1804.8428	1553.625	5331.095	909.84186	396.0	343.9	420000	311.85397	150.2942	493.98456	-41.82748	311.85397	150.29114	493.94882	-38.964607	313.20374	150.30547	493.1339	-66.05834	-1.1453199	5.954009	63.72854	-16.986055	30.8826	31.286177	23.652391	2202.040087223053
85	1.2	0.2	2059.5945	1049.4607	4643.9487	737.1782	2813.1675	1641.0084	5357.4253	1027.5125	395.18182	522.9	425000	314.20795	151.78542	497.53284	-72.010574	314.20697	151.78352	497.15515	-48.980675	315.52927	151.802	496.2398	-46.40128	-1.2606139	5.934873	62.344547	-17.531286	31.931852	32.188198	23.883738	2231.3622858524323
86	1.2	0.2	2240.3013	1180.4337	5138.0146	941.9978	2809.2131	1012.0312	4505.034	1205.7312	429.41666	538.8	430000	315.5323	152.50612	499.30066	-41.24323	315.53253	152.50455	500.01215	-30.933212	316.8396	152.52594	499.15372	-33.471516	-0.99281704	5.9403863	62.045017	-16.12514	32.435493	32.763653	24.436754	2263.6110169887543
87	1.2	0.2	2331.9578	1577.0768	5201.949	709.9314	3862.5513	1769.0068	5264.8438	1165.0599	451.08334	736.4	435000	317.6656	153.2092	504.4617	-43.41596	317.66617	153.20644	503.75787	-46.372166	319.0152	153.22473	501.64917	-52.67997	-1.0133282	5.9330044	61.62664	-16.458023	32.526844	32.87712	24.549032	2299.0387468338013
88	1.2	0.2	2315.8125	1083.1841	5156.237	1232.5547	2087.7905	866.53796	3366.4187	1107.5532	452.0	395.8	440000	319.38873	153.53632	504.92813	-34.646618	319.38782	153.5343	505.14902	-30.51967	320.72397	153.53142	505.61368	-60.487873	-0.89277214	6.028867	54.97335	-16.340252	32.793926	33.143574	24.578606	2329.3998091220856
89	1.2	0.2	2657.2524	1441.0394	5118.7275	731.7881	791.8302	83.0112	893.5029	650.8342	513.8	150.6	445000	320.09482	153.0898	504.6906	-27.696453	320.09564	153.08519	504.034	-50.42589	321.36658	153.05923	503.29904	-33.068497	-1.2383791	5.8641768	67.4507	-17.818207	32.34773	32.939037	24.155205	2357.9960973262787
90	1.2	0.2	2646.1182	1341.8342	5166.236	773.491	1045.884	307.57095	1815.6094	754.36163	512.1111	193.5	450000	321.20538	152.73737	502.44025	-34.31479	321.20468	152.73721	504.85806	-27.089474	322.43597	152.71207	502.6068	-41.974434	-1.2749345	5.869724	56.176273	-16.85902	32.58013	32.74518	24.495003	2384.9995155334473
91	1.2	0.2	3429.6248	1574.6063	5247.4175	1666.9468	4907.57	976.1072	5246.2617	1979.3248	661.0	938.1	455000	321.04886	152.48831	501.2359	-39.668198	321.0489	152.48486	501.83633	-40.206287	322.2707	152.46063	503.3616	-46.7747	-1.1960756	5.8955026	53.862816	-16.979603	32.303406	32.98581	24.303452	2421.903576850891
92	1.2	0.2	4530.3076	1274.1829	5255.3467	1984.1528	3451.7056	1781.4838	5277.353	730.7757	877.0	660.9	460000	322.77896	152.73769	503.62738	-29.66694	322.7787	152.73526	508.56296	-35.51454	324.03387	152.69824	500.734	-39.712906	-1.1731688	5.904029	50.27836	-18.45411	32.66288	33.083096	24.620075	2453.0763380527496
93	1.2	0.2	3235.8577	1502.7362	5187.4336	999.24445	3286.2114	1450.793	5279.466	1054.3406	627.55554	621.9	465000	325.3334	153.25749	512.60376	-32.42991	325.33313	153.25603	509.48398	-41.157394	326.5867	153.2231	504.9371	-45.017944	-1.2650211	5.906153	69.55994	-16.288048	31.903976	32.160866	23.594175	2488.1068007946014
94	1.2	0.2	2679.5542	1465.535	5172.769	944.61	1122.4436	528.741	2544.2632	623.0518	516.55554	210.6	470000	327.4039	153.54079	503.6368	-70.60187	327.40424	153.53835	501.8968	-28.106064	328.62878	153.47935	505.16867	-37.46626	-1.2175082	5.8669267	53.533447	-16.858957	32.069504	32.380856	23.81578	2515.7549889087677
95	1.2	0.2	3931.192	980.4615	5204.009	2062.1748	3366.0103	1182.1416	5261.024	1262.1381	759.7143	642.0	475000	328.79034	154.25577	505.822	-43.12604	328.79034	154.25618	507.24924	-29.496113	330.0256	154.20822	505.96228	-47.753906	-1.185663	5.921922	60.38481	-17.848429	32.555984	32.806095	23.867764	2549.950345516205
96	1.2	0.2	2659.72	1366.0848	5177.0537	815.81696	3537.0508	1858.0049	5307.7476	957.6062	507.7	670.2	480000	331.42593	154.62784	506.1472	-33.96038	331.42523	154.62497	505.24292	-38.45672	332.67807	154.55893	506.88458	-49.778988	-1.192948	5.9723015	62.530766	-18.465996	32.157085	32.481228	24.107775	2583.840316295624
97	1.2	0.2	2670.628	1269.2218	5197.5347	1338.3313	3854.8647	1677.0339	5294.034	1270.6393	512.8889	728.5	485000	333.28793	155.06097	508.3421	-47.464535	333.28876	155.05777	509.56677	-46.749847	334.53217	154.983	506.94354	-47.77556	-1.3744347	5.9723115	65.231445	-18.83716	32.633076	32.880287	24.229914	2616.6731939315796
98	1.2	0.2	3213.1643	1309.6534	5187.912	1536.3732	3667.0247	1128.8932	5278.451	1280.7719	615.44446	693.8	490000	334.6999	155.68698	509.31448	-51.538296	334.69952	155.68668	510.0129	-90.16656	335.97067	155.59422	509.6363	-48.7601	-1.1858172	6.063851	64.92874	-17.947659	33.063347	33.36274	24.723951	2652.45014667511
99	1.2	0.2	2542.8813	1143.9896	5216.03	1047.3298	2869.2878	1457.106	5286.753	1268.659	492.7	548.6	495000	336.72015	155.8657	509.79468	-35.63111	336.7192	155.86375	513.5563	-38.996426	337.9709	155.77394	510.9707	-39.1681	-1.3477944	5.9679356	57.51012	-16.933876	32.867382	33.157047	24.016682	2684.8102526664734
100	1.2	0.2	2192.63	700.0647	3683.2332	1238.3816	1931.1531	1078.2646	4798.1304	925.89417	428.45456	358.6	500000	338.51358	156.29008	512.36053	-39.28447	338.51425	156.28671	513.9953	-26.541496	339.83786	156.21503	512.21014	-40.821056	-0.98026	6.1757703	79.03377	-16.925655	32.57049	32.986507	23.840588	2714.4343798160553
101	1.2	0.2	3585.5034	1417.9442	5236.5293	1472.2087	3553.1445	1597.0913	5305.5776	837.027	693.7143	670.9	505000	340.69214	157.33398	515.23096	-33.37591	340.69083	157.33351	514.91064	-31.123442	341.9207	157.21	514.2548	-32.78881	-1.2222675	6.1009903	59.970886	-17.020004	32.607513	32.85768	24.193655	2747.5864703655243
102	1.2	0.2	3496.1575	1581.2743	5247.7974	1018.31824	3638.6714	1754.2709	5300.139	691.599	669.125	692.2	510000	341.33508	157.20578	517.2326	-39.67125	341.33496	157.20485	515.832	-76.34533	342.53363	157.08163	514.6153	-41.308678	-1.3171319	6.073546	84.46345	-17.685993	33.00526	33.389748	24.156202	2783.2975237369537
103	1.2	0.2	2553.6147	1076.2898	4507.8135	1125.248	5260.9214	9.259931	5272.593	5238.047	491.6	1000.0	515000	341.65543	156.7515	521.1709	-51.254845	341.6545	156.75034	515.07874	-35.83688	342.8268	156.60684	511.38242	-42.296375	-1.4049839	6.08394	62.597946	-16.923473	32.812473	33.08574	24.07483	2820.1657729148865
104	1.2	0.2	3796.8125	1504.5701	5243.727	851.8162	3416.8452	1930.016	5349.875	757.1831	724.4286	644.3	520000	342.0905	156.688	512.91656	-40.38764	342.08954	156.68747	517.60406	-35.72228	343.254	156.555	515.0915	-39.215973	-1.3752791	6.1319838	66.25928	-17.419497	32.86213	33.24187	24.130869	2854.0714197158813
105	1.2	0.2	2101.869	989.4822	4543.338	712.6922	2615.688	1225.5543	4804.317	957.4318	404.41666	499.4	525000	343.92755	156.42813	512.70404	-34.469604	343.92764	156.42253	517.0202	-39.47952	345.0842	156.28644	512.3732	-45.059883	-1.3905776	6.1270566	52.398567	-17.912056	32.017616	32.73453	23.784367	2885.8845674991608
106	1.2	0.2	3368.9165	1637.9803	5196.862	831.2954	2305.3027	1892.906	5387.092	728.6661	647.5	430.4	530000	345.07202	156.71149	515.57367	-56.09093	345.07196	156.71048	513.682	-29.110622	346.24362	156.57462	515.60956	-43.47233	-1.4079461	6.137692	65.50563	-17.196705	32.81064	32.98601	24.013655	2918.2672805786133
107	1.2	0.2	3291.3076	1213.5621	5137.4478	1418.1205	5342.218	13.022788	5363.293	5320.411	636.75	1000.0	535000	346.10086	156.8345	514.4913	-31.951225	346.0997	156.8323	514.95483	-63.941666	347.23996	156.68729	515.7334	-44.92005	-1.4450679	6.177274	68.9375	-16.931545	32.568295	33.072716	23.65152	2956.125389814377
108	1.2	0.2	3597.5925	1561.8914	5287.6763	993.3252	3939.5337	1353.6102	5355.242	1937.2494	686.7143	735.3	540000	347.97345	156.88217	515.1115	-40.274754	347.97363	156.87897	522.5318	-37.1383	349.16333	156.75436	514.2473	-24.8248	-1.42948	6.1155267	75.49978	-16.873375	32.584496	33.05338	23.717817	2990.3679814338684
109	1.2	0.2	3261.5566	1407.8065	5226.8667	1375.8441	3249.986	1943.1731	5408.64	712.68567	627.25	611.5	545000	349.40073	157.59865	517.14075	-33.46126	349.39963	157.59708	523.5857	-36.114925	350.56177	157.44928	517.80646	-45.04271	-1.4073055	6.176944	59.123886	-17.9146	33.14709	33.89177	24.180677	3023.84943318367
110	1.2	0.2	2999.9368	1619.941	5241.9004	1151.1086	4903.233	1040.9076	5352.565	1893.1497	578.1111	918.8	550000	349.86246	157.3176	519.28656	-70.089386	349.86124	157.31665	517.44543	-52.97433	350.9767	157.15416	516.2702	-52.522808	-1.5181627	6.100838	62.390896	-17.752527	33.31331	33.807343	24.127754	3061.6113533973694
111	1.2	0.2	2163.4053	1099.295	4133.6245	748.1798	5290.4307	30.466713	5347.773	5236.545	412.83334	1000.0	555000	350.20862	157.21085	520.4538	-27.945652	350.20712	157.20831	519.76575	-42.286842	351.3296	157.06972	516.71124	-37.587734	-1.4331331	6.1028476	65.18681	-18.595297	33.668987	34.34846	24.760914	3099.2989554405212
112	1.2	0.2	3175.5176	1601.6959	5215.724	1087.1074	2184.1824	1517.7731	5337.595	875.3703	613.875	415.8	560000	351.5446	156.83348	516.26746	-38.025066	351.54495	156.83238	522.1147	-39.593246	352.66006	156.68517	518.287	-42.667633	-1.39442	6.1257787	65.59824	-17.346153	32.90907	33.228344	23.914717	3130.5553617477417
113	1.2	0.2	3781.6401	1388.7434	5226.032	1403.765	4856.5933	681.2407	5254.473	3143.5308	727.1429	931.9	565000	352.99307	156.74715	516.9181	-48.309334	352.9919	156.7461	518.96674	-30.574068	354.08942	156.58153	515.20636	-31.465086	-1.4285451	6.150146	61.358284	-17.464876	32.732788	33.152046	23.967731	3168.125720024109
114	1.2	0.2	4081.9075	1609.2676	5188.2583	1098.7114	1450.3254	516.49713	2690.3752	762.0338	790.1667	281.5	570000	354.17322	156.49167	517.72833	-68.42507	354.1723	156.49095	516.46594	-44.794323	355.2707	156.31068	515.23816	-42.75289	-1.5064995	6.1361604	76.64069	-16.03627	32.61244	32.939754	23.815788	3197.589097738266
115	1.2	0.2	3886.7595	1496.0829	5233.8213	740.9734	2067.3618	561.50446	3149.1646	1370.0449	749.2857	394.2	575000	355.50894	156.60577	515.24585	-32.377014	355.5083	156.6039	536.294	-24.817617	356.64236	156.40526	516.27344	-36.28116	-1.5055176	6.1420784	77.69265	-17.346064	32.173145	32.53763	23.439661	3230.147747039795
116	1.2	0.2	2869.629	1402.9747	5222.7847	1461.8932	1930.4854	269.51572	2348.877	1484.3173	549.3333	367.6	580000	357.20883	156.79684	517.57605	-35.51823	357.2077	156.79805	528.09045	-36.592434	358.32663	156.58786	516.48663	-39.267612	-1.4969034	6.1730824	101.90991	-17.11021	32.18489	32.356045	23.378826	3261.3351550102234
117	1.2	0.2	3425.892	1501.7362	5161.651	1770.5167	4583.4014	1300.3712	5277.0845	1611.9462	663.8571	872.2	585000	359.6313	156.71136	518.65094	-36.968334	359.63077	156.70955	523.4785	-32.867783	360.76477	156.5075	518.8458	-36.96743	-1.4118712	6.2745595	66.3727	-18.662195	32.1212	32.562943	23.455599	3296.616993188858
118	1.2	0.2	3558.2488	1494.7839	5211.8154	1296.492	4040.9146	1377.1005	5333.7456	1850.3826	688.5714	764.9	590000	361.3577	157.16537	518.9346	-29.35882	361.35608	157.16354	521.8491	-39.1218	362.48492	156.96553	518.72675	-38.351322	-1.5433233	6.245581	67.04357	-16.306767	32.010067	32.584892	23.30457	3331.4255883693695
119	1.2	0.2	4152.692	1484.5463	5254.881	1736.9305	3182.716	1486.9246	5290.3794	1437.8224	799.6667	604.8	595000	362.78864	157.77692	522.85266	-41.315	362.78873	157.77478	524.63324	-36.132107	363.9089	157.5699	523.6812	-36.557983	-1.4999719	6.2788286	64.69549	-17.798464	33.047176	33.34618	24.177467	3364.6630206108093
120	1.2	0.2	3455.396	1802.9141	5224.6895	711.86847	2758.8303	1731.2174	5274.603	875.10657	666.625	525.6	600000	364.34183	157.76544	523.284	-45.882584	364.3411	157.76497	525.7551	-21.55732	365.45068	157.54561	521.2811	-46.36	-1.6331675	6.268029	91.920395	-17.840107	32.48197	32.92154	23.804247	3399.2882401943207
121	1.2	0.2	4113.804	1637.3022	5229.8623	872.3592	4495.921	1299.7544	5299.217	1424.7338	795.1667	854.0	605000	366.03107	157.72876	522.5024	-65.96962	366.031	157.72664	524.8918	-33.44692	367.18597	157.51299	522.16486	-35.323162	-1.5953737	6.2879825	64.23936	-16.684715	32.22285	32.411858	23.269335	3435.2526762485504
122	1.2	0.2	3594.2722	1636.0662	5170.545	1143.8422	1802.7172	1246.3849	5233.1895	787.36365	701.625	346.5	610000	368.78036	158.31206	526.77435	-49.56468	368.77917	158.31088	529.72595	-49.28812	369.95847	158.0741	524.0978	-30.855923	-1.4479629	6.481247	88.667	-17.329025	31.671944	31.940863	22.976494	3469.1648664474487
123	1.2	0.2	3706.0078	1158.908	5144.556	2160.335	1174.3091	751.4224	2804.8286	551.8795	719.0	226.9	615000	371.10547	158.78377	526.2028	-32.247643	371.106	158.78246	527.54193	-36.780514	372.2323	158.5532	525.2321	-32.477833	-1.6171247	6.3424153	77.53189	-17.2129	32.222843	32.581028	23.353947	3499.534750699997
124	1.2	0.2	3035.3494	1835.2903	5234.901	785.51794	4480.037	1369.2614	5269.5615	1186.9343	588.625	855.4	620000	371.51233	159.43202	526.13525	-38.375275	371.51114	159.4302	528.2075	-25.503296	372.66193	159.19081	525.51074	-42.243942	-1.5068179	6.2860646	67.912674	-18.311155	32.545956	33.00569	23.744831	3535.8175432682037
125	1.2	0.2	4299.1455	1271.0706	5210.414	1919.237	5251.1875	24.586916	5278.822	5205.7876	835.0	1000.0	625000	373.28024	159.38412	528.1581	-81.64136	373.27786	159.38602	528.6317	-34.09542	374.4175	159.15651	529.3071	-99.3067	-1.370104	6.373735	80.83342	-18.290407	33.064705	33.308575	23.967413	3574.494995355606
126	1.2	0.2	4937.219	425.02008	5231.5767	4098.452	5187.782	519.0589	5438.943	3761.8806	959.2	956.5	630000	373.87497	159.78235	533.00323	-30.728256	373.87463	159.78061	528.23816	-29.267475	375.01752	159.54436	528.92957	-37.793842	-1.5259631	6.4052496	69.928474	-16.628992	33.39035	33.973644	24.125055	3611.552594900131
127	1.2	0.2	4149.13	891.61835	5178.725	2743.529	1674.5413	586.1429	2475.9395	1009.2783	801.0	312.5	635000	375.4737	159.68195	535.29486	-27.533485	375.47324	159.67859	532.08435	-42.572754	376.59473	159.43896	529.2266	-45.43318	-1.6736528	6.329259	74.20701	-17.348423	32.8183	33.359226	24.320353	3642.292503595352
128	1.2	0.2	2728.9846	1994.1792	5200.2783	777.78815	3902.2905	1989.6365	5317.9023	716.20624	533.2	737.5	640000	376.68085	159.48447	534.90894	-55.474182	376.68085	159.48187	537.4906	-31.29556	377.80548	159.23398	528.8641	-43.64846	-1.6209424	6.409179	74.73682	-16.403198	32.76003	33.005978	23.977087	3679.4566106796265
129	1.2	0.2	3010.3982	1775.5823	5209.9688	685.0996	1183.4509	226.20747	1574.8431	910.576	583.44446	227.1	645000	378.2303	159.47612	531.0652	-58.97167	378.22952	159.47731	530.90753	-44.282936	379.3536	159.22163	530.22864	-48.967415	-1.5641727	6.397044	78.14326	-16.83182	33.28651	33.6051	24.256918	3710.9505174160004
130	1.2	0.2	4297.103	1427.5093	5182.035	1231.9932	1240.3895	405.1178	1738.8579	599.74713	838.1667	234.7	650000	378.42264	159.89792	540.52155	-38.916264	378.42108	159.89732	538.27106	-75.49112	379.53452	159.65541	531.1259	-37.055225	-1.5774965	6.3996816	78.67239	-17.704062	33.48001	33.842827	24.088276	3741.648674964905
131	1.2	0.2	3378.9358	1935.6587	5232.288	1040.781	4101.2524	1563.1705	5343.9014	1038.6353	656.8571	770.8	655000	379.69305	159.95047	535.7778	-96.65714	379.6926	159.94946	532.36334	-74.87889	380.82626	159.70424	531.1289	-54.355843	-1.574983	6.3705907	90.74045	-17.034733	33.851143	34.061054	24.051208	3776.6488955020905
132	1.2	0.2	5162.534	10.248296	5180.415	5148.6743	4163.7993	1572.383	5245.1357	1269.7113	1000.0	798.4	660000	381.13205	159.84404	536.60187	-71.70789	381.13174	159.8436	535.6601	-125.17492	382.21417	159.57806	530.4386	-162.1769	-1.7940215	6.368161	86.261314	-17.409784	33.32551	33.415092	24.179686	3813.265423297882
133	1.2	0.2	3529.4607	1721.2542	5233.205	1247.5922	1836.3132	965.9896	3439.5696	577.6538	680.75	345.4	665000	382.9901	159.02321	531.0688	-133.21852	382.98862	159.0231	532.9628	-103.273544	384.09912	158.75502	532.5789	-97.61596	-1.767291	6.3076715	74.602036	-16.935833	33.056313	33.58332	23.782051	3846.733474254608
134	1.2	0.2	4300.5703	1085.8461	5175.5864	2504.7056	5341.4365	32.789043	5378.192	5261.8013	832.2	1000.0	670000	383.40533	159.57043	531.6173	-98.61947	383.40527	159.56955	530.42633	-120.12952	384.49872	159.30573	529.73926	-143.30217	-1.7540597	6.330427	71.50298	-16.975115	33.423546	33.64066	23.89925	3882.5694665908813
135	1.2	0.2	4328.956	1392.1772	5217.9775	1364.5461	5226.502	10.861564	5243.2725	5202.621	846.6667	1000.0	675000	383.87845	159.56161	536.27734	-209.3265	383.87802	159.56085	533.56775	-159.79813	384.998	159.30124	532.6232	-185.54745	-1.6653799	6.3632226	72.122505	-16.72261	33.646095	34.00506	24.159454	3922.064568042755
136	1.2	0.2	5117.591	58.382923	5203.4976	5038.0376	2627.6191	1575.4786	5272.6436	1286.3633	1000.0	507.4	680000	385.54898	159.32094	533.2012	-75.0137	385.54865	159.32033	541.57404	-49.27295	386.66925	159.03381	534.8734	-104.37347	-1.7596086	6.3765154	87.692825	-17.340305	33.584476	33.760956	23.810905	3955.8565883636475
137	1.2	0.2	4646.6235	728.1798	5202.0044	3397.2715	4781.043	674.3523	5083.8784	2854.867	900.3333	941.6	685000	388.1087	159.10399	533.9457	-90.03882	388.10675	159.10619	534.0907	-85.7783	389.25223	158.82198	533.1991	-80.472694	-1.745511	6.453409	80.53084	-17.433374	33.039013	33.19644	23.763536	3996.1550924777985
138	1.2	0.2	3481.787	1531.5105	5145.973	898.6791	4690.4155	1423.3375	5358.356	768.4847	685.625	881.9	690000	389.69168	159.51202	535.15405	-65.76083	389.68994	159.51266	538.26294	-98.42485	390.80627	159.19995	533.0236	-99.62403	-1.9259747	6.487518	83.18086	-16.742355	32.94701	33.27167	23.673079	4035.510214805603
139	1.2	0.2	3287.655	1694.9061	5176.3228	1007.28156	2918.899	1534.9911	5217.5073	932.41534	647.5714	566.3	695000	389.899	159.98618	536.04736	-114.14264	389.8984	159.98483	538.3582	-100.22282	391.01468	159.71756	537.5873	-109.80016	-1.889866	6.4624143	69.31238	-19.10081	33.125744	33.43865	23.567175	4068.4720709323883
140	1.2	0.2	4446.8076	1538.9478	5175.011	1006.3974	2397.5544	806.32196	3733.055	1156.7354	868.8333	457.9	700000	391.70676	160.52205	537.00244	-143.92572	391.7063	160.5211	537.47186	-119.57005	392.8162	160.24129	536.2694	-93.089355	-1.7975168	6.5301924	87.65945	-16.568651	33.82862	34.19164	24.190746	4102.731894254684
141	1.2	0.2	4856.195	700.601	5258.6025	3457.0388	1779.9938	799.84283	3076.3167	891.89764	933.2	344.6	705000	392.7597	160.31215	541.8629	-244.4139	392.75766	160.31102	544.2736	-177.24217	393.86475	160.05145	540.6596	-256.89044	-1.8588226	6.4985466	78.246895	-17.189466	33.27537	33.72169	23.867977	4133.702739477158
142	1.2	0.2	3945.604	1122.4863	5280.053	2422.1362	2473.4236	1355.6631	4701.0996	730.94806	761.8571	463.7	710000	394.77643	160.3983	548.70374	-106.92627	394.77637	160.39767	542.6694	-117.536285	395.85837	160.1246	536.75525	-144.23409	-1.9210004	6.379151	86.533295	-17.88199	33.63549	33.82516	24.248756	4168.406234025955
143	1.2	0.2	5228.782	26.16579	5270.6133	5195.806	5352.5356	19.325022	5379.5933	5309.887	1000.0	1000.0	715000	394.2721	159.90839	543.32166	-168.00227	394.2712	159.909	539.782	-176.16443	395.34372	159.60304	535.7875	-187.36893	-1.8056839	6.491505	72.389496	-18.00611	34.209763	34.442574	24.498995	4207.18893456459
144	1.2	0.2	5193.0537	43.940186	5240.7227	5121.5195	4282.387	1094.3684	5327.2847	2428.6638	1000.0	815.8	720000	395.2175	159.3707	535.63934	-160.49341	395.21695	159.36876	539.4696	-148.63376	396.31305	159.04694	536.1964	-197.72832	-1.8666255	6.548676	78.34394	-16.518064	33.47871	33.636536	23.877298	4244.486962556839
145	1.2	0.2	3593.2585	1492.4806	5189.054	1517.63	5332.277	7.661614	5343.5425	5316.224	696.7143	1000.0	725000	396.7969	159.02763	548.4102	-88.91603	396.795	159.03203	551.7213	-132.23335	397.9198	158.703	537.1998	-179.8188	-1.8781244	6.5253553	76.002686	-16.245474	32.794304	32.898746	23.779348	4283.775157690048
146	1.2	0.2	3418.8472	1834.9321	5232.2124	949.16833	2206.443	757.54034	3380.1846	1054.7656	658.5	419.8	730000	398.60953	158.95605	545.3948	-196.384	398.60922	158.9543	562.2399	-219.88423	399.72266	158.63625	537.33417	-175.33557	-2.1290898	6.4933677	82.86512	-17.843157	32.733395	33.104706	23.863201	4317.963943481445
147	1.2	0.2	4830.674	728.07355	5232.377	3375.7222	4241.796	1617.4293	5335.139	1388.7266	927.8	800.9	735000	400.33508	158.94412	539.93866	-133.26057	400.33505	158.94131	545.5183	-132.81305	401.4558	158.62112	539.3908	-172.81947	-2.1562476	6.5129285	74.22541	-18.325933	32.86218	33.105263	24.034367	4353.543370008469
148	1.2	0.2	3436.3682	1677.5149	5237.1953	674.00464	5401.2544	16.801855	5420.2954	5356.142	660.75	1000.0	740000	401.57056	159.29016	546.17474	-213.3703	401.56967	159.28868	543.55756	-206.9051	402.70013	158.93794	540.4918	-273.10785	-2.0992322	6.512362	95.45179	-16.387732	32.364628	32.681454	23.427813	4394.179128408432
149	1.2	0.2	4510.0107	1387.106	5220.839	1736.0172	4412.706	1374.4884	5355.5854	1344.5433	868.8	825.2	745000	403.4227	159.18813	548.773	-306.34973	403.42163	159.18979	540.00995	-317.08038	404.56647	158.84807	540.0368	-270.8882	-1.9219707	6.552104	111.80242	-16.92458	32.793095	33.237793	23.892044	4429.616583347321
150	1.2	0.2	4533.1753	1436.588	5259.8213	1322.9868	3799.1726	1662.2443	5331.1777	779.94305	872.5	716.7	750000	404.1679	159.50172	540.76276	-153.05685	404.1667	159.50201	545.7705	-243.7232	405.27664	159.16084	542.5858	-137.445	-2.0072439	6.568451	94.58317	-17.34461	33.83743	33.762024	24.027525	4466.864499568939
151	1.2	0.2	4867.704	686.26044	5262.667	3498.3914	4309.1016	1356.5386	5385.511	1994.4431	934.4	805.1	755000	405.42325	159.09601	545.6373	-259.1503	405.42386	159.09496	546.5016	-203.01175	406.49268	158.75172	541.3437	-202.64667	-2.254246	6.4604845	133.39603	-17.094131	32.29764	32.329617	22.786524	4502.9655730724335
152	1.2	0.2	5242.038	47.492176	5298.9663	5169.118	5125.663	542.5	5391.226	3624.2979	1000.0	953.8	760000	406.20895	158.8383	553.24536	-176.16971	406.20734	158.8399	548.28143	-171.958	407.32623	158.49577	541.5911	-196.22499	-2.100639	6.4035354	87.80048	-16.702671	33.25478	33.540188	23.586422	4541.725409984589
153	1.2	0.2	4207.404	1286.8107	5270.0625	1850.0166	4754.004	893.90875	5360.2954	2987.0535	806.0	892.0	765000	407.60693	158.75757	543.0985	-173.40814	407.60672	158.75656	549.90247	-145.30293	408.67688	158.4184	541.70935	-168.90616	-2.1993008	6.4589987	99.10556	-16.803404	32.614845	32.858917	23.101686	4582.495339155197
154	1.2	0.2	5194.238	54.12651	5253.2915	5111.463	5300.5996	14.968176	5318.3525	5275.1597	1000.0	1000.0	770000	407.31113	159.37274	542.011	-195.85114	407.31076	159.3715	542.9017	-167.70718	408.3796	159.04243	541.3471	-183.82312	-2.0332453	6.5964875	103.77635	-16.550806	33.432144	33.44173	23.838367	4621.915650606155
155	1.2	0.2	4324.3286	1434.5557	5202.792	1193.8755	3596.9277	1370.9408	5365.451	1560.0933	838.1667	675.7	775000	408.8948	158.75804	552.64545	-222.53496	408.89444	158.75716	546.4853	-269.55722	410.03534	158.40501	543.2271	-226.45496	-2.0493495	6.649336	96.162025	-17.657309	32.510612	32.869656	23.037323	4658.165571928024
156	1.2	0.2	4092.0657	1545.6334	5232.818	1423.0641	4315.316	1590.0702	5345.0146	1190.8901	787.1667	812.7	780000	409.8166	159.18588	549.6554	-180.9432	409.81628	159.18513	543.17114	-222.93448	410.9286	158.85135	541.9544	-206.0058	-2.2386227	6.6340704	94.554405	-19.588406	33.19591	33.131386	23.457642	4694.856009244919
157	1.2	0.2	5189.5986	61.502525	5237.685	5067.9746	2898.2007	1726.9236	5387.2104	1103.5232	1000.0	537.4	785000	410.81027	159.63155	547.48773	-213.92412	410.80997	159.63206	544.41583	-223.33975	411.91354	159.28625	544.5762	-301.0223	-2.119187	6.719575	193.67523	-18.366035	33.284264	33.469856	23.521832	4729.620190858841
158	1.2	0.2	4150.52	1578.8461	5304.8965	1364.1067	5088.4243	983.53766	5438.734	2138.1694	796.0	940.4	790000	412.19626	159.47058	547.10455	-236.4011	412.1949	159.47025	545.25543	-228.54277	413.25107	159.12634	544.9632	-242.38277	-2.317791	6.5904136	94.93606	-16.47383	33.577034	33.58698	24.178028	4767.896892786026
159	1.2	0.2	5193.4795	53.119392	5247.533	5124.066	3516.8364	1430.979	5366.31	1173.1338	1000.0	673.9	795000	412.3466	159.26096	543.34357	-291.5054	412.34708	159.26085	553.20825	-313.44678	413.39352	158.92557	544.38196	-273.61526	-2.199307	6.6138077	97.81748	-16.869528	33.60348	33.67692	23.8446	4804.226357460022
160	1.2	0.2	5194.6943	35.135857	5222.7534	5127.8804	5154.8037	733.28	5423.876	2955.6316	1000.0	954.7	800000	413.17825	158.73244	546.4606	-163.12398	413.17697	158.73369	544.39624	-165.64194	414.28094	158.3618	542.63104	-200.4824	-2.117968	6.7174726	103.68617	-18.047468	33.337425	33.333622	23.693031	4843.184522867203
161	1.2	0.2	4816.418	868.6607	5248.3784	2875.3433	5355.391	30.07917	5383.926	5276.017	924.1667	1000.0	805000	414.6786	158.78806	545.66724	-352.42447	414.67865	158.78778	547.57434	-299.5536	415.7539	158.44463	546.2321	-367.4776	-2.401545	6.6704173	115.79783	-18.524996	33.071926	32.952435	24.165712	4884.679751396179
162	1.2	0.2	4516.3013	1373.7358	5248.3516	1769.8009	3948.1724	1503.7787	5379.9937	1370.2079	871.0	744.2	810000	416.33374	158.76683	550.6195	-163.27391	416.3341	158.76521	549.1277	-228.58284	417.424	158.41919	546.1838	-182.13852	-2.338943	6.6922274	92.336784	-16.86042	32.157173	32.29136	23.068419	4919.603866577148
163	1.2	0.2	4709.6836	812.49536	5272.0903	2979.147	4934.9297	1017.70544	5436.364	2238.788	910.6667	910.8	815000	417.7534	159.11995	556.0412	-242.02904	417.7534	159.11908	553.57275	-211.46442	418.83856	158.76712	546.22595	-194.69658	-2.335786	6.53966	86.331436	-17.30919	32.81157	32.758026	23.611399	4960.134467840195
164	1.2	0.2	5215.427	104.94528	5309.655	5012.875	1752.9832	704.73206	2704.1958	1009.76404	995.6	329.4	820000	418.55023	159.04524	548.678	-122.22485	418.5497	159.04567	549.5135	-93.89069	419.6295	158.6653	547.9778	-57.775467	-2.3466287	6.721655	101.765236	-17.887743	32.67226	33.04145	23.38558	4993.498964071274
165	1.2	0.2	5225.389	21.725283	5254.441	5192.248	5345.546	48.151524	5406.773	5256.5938	1000.0	1000.0	825000	419.9278	158.71791	550.099	-167.4801	419.92813	158.71431	549.5132	-170.07817	421.01202	158.35593	548.75867	-134.63226	-2.4219298	6.6285257	102.250534	-17.61654	32.648655	32.63655	23.410915	5033.556328296661
166	1.2	0.2	5228.751	56.101173	5290.59	5141.836	5287.49	48.91501	5340.9297	5185.896	1000.0	1000.0	830000	420.55438	158.52107	550.3897	-102.96659	420.55466	158.52097	548.7243	-123.773346	421.64166	158.14183	549.50305	-158.78854	-2.150591	6.671038	93.32944	-16.405424	32.974773	32.929638	23.670315	5073.654406785965
167	1.2	0.2	4244.058	1338.2965	5276.042	2352.512	4586.625	1425.3024	5314.649	1735.4125	818.3333	866.5	835000	421.62708	158.41841	561.6217	-100.05543	421.6264	158.41751	549.76776	-93.65392	422.70657	158.04515	549.2701	-67.67568	-2.401634	6.585476	104.31942	-17.128126	32.54245	32.57464	23.031973	5112.036112308502
168	1.2	0.2	5126.383	37.119328	5164.792	5061.8706	5343.5205	10.378795	5357.9136	5322.6055	1000.0	1000.0	840000	421.6816	158.63019	549.35315	-83.44173	421.6805	158.63138	554.25854	-88.69534	422.72858	158.24364	549.6286	-65.97905	-2.32784	6.574408	89.49046	-16.530512	32.763756	32.88	23.483177	5152.579010009766
169	1.2	0.2	5135.176	61.132267	5188.8276	5019.444	5269.872	36.478016	5306.003	5177.634	1000.0	1000.0	845000	422.55307	158.0718	555.3518	-100.359	422.55234	158.0722	552.23425	-88.03669	423.59845	157.69206	551.0844	-76.79964	-2.2375536	6.540255	105.87392	-16.139746	32.82558	33.011642	23.338829	5192.903878927231
170	1.2	0.2	4594.529	1257.5878	5275.325	1785.9087	5344.0737	36.494682	5378.6675	5238.5063	892.5	1000.0	850000	423.7163	157.9651	549.6449	-52.207855	423.71667	157.96431	552.19836	-54.446716	424.79956	157.58249	552.7	-54.634922	-2.357772	6.5950246	103.7115	-17.261154	32.223564	32.328915	22.898088	5234.231545686722
171	1.2	0.2	5197.119	50.556034	5267.4233	5109.4175	5270.5215	206.77716	5425.237	4680.4663	1000.0	986.2	855000	426.18997	158.35977	553.69354	-81.33362	426.18927	158.3592	551.92285	-42.77763	427.3002	158.00919	554.66425	-75.67679	-2.3751457	6.58965	88.18739	-18.03509	31.397337	31.479021	22.578218	5274.753556013107
172	1.2	0.2	5108.5117	191.42056	5256.829	4730.277	4899.687	1252.8674	5340.3657	1141.6896	984.6	921.5	860000	426.58627	158.89558	555.69214	-89.366066	426.5858	158.8967	555.3324	-81.234474	427.7044	158.52025	552.37354	-115.55961	-2.406668	6.673269	112.61612	-17.4246	31.986778	31.9312	22.933144	5314.163093805313
173	1.2	0.2	5197.801	106.43033	5340.1914	5015.2944	846.2583	93.10774	928.8809	663.33136	1000.0	158.6	865000	429.10776	158.35287	562.2799	-84.93256	429.10733	158.35335	566.9765	-95.1095	430.21628	157.97322	555.08057	-112.8876	-2.4145417	6.6960287	119.69888	-16.88871	31.945763	32.06581	23.005804	5346.0796892642975
174	1.2	0.2	3945.413	1223.5918	5137.61	2244.093	5352.5767	38.09014	5381.842	5262.777	760.3333	1000.0	870000	429.6727	158.69972	553.79065	-62.75775	429.6717	158.69957	554.59143	-97.28262	430.7936	158.2764	552.80255	-82.19426	-2.5030363	6.819515	102.86066	-16.381195	31.272448	31.401588	22.628887	5385.334661960602
175	1.2	0.2	3770.5483	1667.85	5226.0024	1170.7424	5373.651	14.585119	5390.788	5341.862	734.0	1000.0	875000	431.31097	158.22992	556.3914	-94.559364	431.31012	158.23076	556.9463	-55.429543	432.408	157.83719	556.7248	-93.46409	-2.6418881	6.7636356	94.698494	-17.835804	30.736794	30.868708	22.1417	5426.606517314911
176	1.2	0.2	4667.8784	1169.1241	5297.542	2058.351	5163.8887	765.0381	5428.553	2868.8398	901.3333	952.8	880000	431.81744	158.24097	555.2908	-140.33925	431.81827	158.23892	557.82697	-109.988525	432.89206	157.85156	555.05597	-118.40309	-2.7951674	6.657475	108.76515	-17.683422	31.514389	31.447231	22.691845	5468.10604763031
177	1.2	0.2	5180.832	70.35375	5266.0586	5096.92	4791.93	1385.4729	5363.348	671.64874	1000.0	896.6	885000	432.10162	158.66602	572.7707	-142.20955	432.10098	158.66806	560.1385	-139.08485	433.17435	158.27579	557.4076	-151.9891	-2.4360003	6.7401056	105.49465	-17.232855	31.901243	31.82184	22.972237	5507.643593072891
178	1.2	0.2	5167.1475	95.99361	5275.5244	5015.1177	5419.0513	8.8812	5435.1064	5407.4307	1000.0	1000.0	890000	432.65063	158.70013	558.7434	-32.00202	432.64996	158.69518	556.39703	-42.706882	433.7436	158.3401	556.9065	-82.392845	-2.1401021	6.7477303	133.47624	-16.855787	31.812881	32.22391	22.990328	5548.488219738007
179	1.2	0.2	5247.141	52.345493	5321.8174	5174.852	2030.1016	539.1075	2970.8801	1220.9552	1000.0	377.3	895000	433.37503	158.35573	560.7858	-58.530197	433.3749	158.35802	561.6187	-55.79844	434.45535	157.95622	557.6403	-74.639885	-2.2598832	6.739787	114.21665	-18.671688	32.053738	32.021656	22.816343	5582.84450507164
180	1.2	0.2	4315.064	1400.1014	5231.899	1304.0668	5402.665	10.091445	5419.318	5383.822	845.1667	1000.0	900000	434.24054	158.07861	559.68427	-134.34705	434.2406	158.07791	557.5988	-104.28425	435.31802	157.70251	556.74475	-196.34456	-2.3820267	6.7009788	121.77936	-16.75143	32.1785	31.987484	22.82308	5624.065078735352
181	1.2	0.2	4969.5303	384.40463	5236.465	4222.327	5379.092	6.618636	5390.1787	5364.8994	962.8	1000.0	905000	434.15366	158.08414	560.33075	-161.69655	434.15256	158.08678	558.7561	-202.84445	435.20132	157.70781	557.26276	-152.08218	-2.5892355	6.665306	123.92352	-17.22052	31.836716	31.717894	22.777702	5664.312006473541
182	1.2	0.2	5145.559	56.213154	5233.9707	5057.253	3827.7703	822.75757	5234.556	2790.321	1000.0	733.4	910000	434.19806	158.6702	560.61127	-120.78911	434.19885	158.66609	561.38995	-134.54366	435.25992	158.31812	557.28534	-131.66061	-2.2926905	6.7888427	96.042786	-17.837845	32.31734	32.763912	22.898712	5702.444572925568
183	1.2	0.2	3775.824	1361.2493	5185.2373	2019.4739	4512.876	1249.7827	5158.011	1482.6251	741.0	884.0	915000	435.17523	158.63597	558.7186	-101.730385	435.1748	158.63712	561.59064	-79.14418	436.2701	158.26035	556.968	-168.97954	-2.3403525	6.817909	105.3837	-16.735796	32.58731	32.489323	23.402613	5740.434885263443
184	1.2	0.2	5147.8423	107.8221	5292.7744	4988.4336	5251.1987	34.14477	5302.0884	5189.52	1000.0	1000.0	920000	437.0607	157.57407	558.8725	-215.31822	437.06015	157.57265	558.6622	-302.03302	438.11707	157.19676	558.06805	-268.06696	-2.3344128	6.7627754	124.73939	-17.203016	32.392242	32.41049	23.05109	5781.5958116054535
185	1.2	0.2	5206.458	46.880207	5268.0317	5136.6733	5355.4873	7.494294	5371.5303	5345.2954	1000.0	1000.0	925000	436.8728	157.47443	560.39404	-125.89896	436.8723	157.47636	559.11755	-126.78095	437.90454	157.11118	557.37	-99.680695	-2.4114103	6.6260023	98.50813	-16.675798	32.099545	31.9681	22.702703	5822.885298013687
186	1.2	0.2	5187.079	66.026924	5283.979	5077.343	2744.8376	1598.4172	5427.114	1151.3134	1000.0	508.1	930000	437.78723	156.92593	558.39886	-103.5304	437.78693	156.92798	557.24713	-149.99199	438.8471	156.51006	557.7322	-142.68135	-2.6067452	6.7021146	95.36314	-16.569864	31.441359	31.31922	22.310938	5858.629841804504
187	1.2	0.2	5226.6255	66.32122	5311.8335	5138.885	5394.71	8.555331	5413.367	5382.5225	1000.0	1000.0	935000	438.27966	156.92279	557.96246	-93.25033	438.27838	156.92522	560.9165	-87.296585	439.33664	156.5289	556.6773	-69.1586	-2.6173687	6.6991553	149.42245	-16.348093	30.832247	30.859816	22.134996	5899.906733036041
188	1.2	0.2	5231.1357	22.474026	5261.561	5207.2983	5310.787	8.087666	5325.5015	5298.509	1000.0	1000.0	940000	439.71777	156.5224	562.4668	-103.508644	439.7167	156.52332	561.02014	-76.099014	440.76578	156.13483	557.75055	-131.25507	-2.6351228	6.62218	87.105736	-16.883991	30.682457	30.762787	22.236456	5940.934282302856
189	1.2	0.2	4778.262	883.2855	5297.6504	2818.4617	5417.5977	16.077806	5431.9272	5379.118	921.5	1000.0	945000	441.17596	156.44492	561.3685	-117.67689	441.17578	156.4439	559.0475	-164.3493	442.26004	156.04782	560.8882	-125.33743	-2.4903767	6.617046	136.44215	-19.577904	30.104946	30.148014	21.67036	5984.204682588577
190	1.2	0.2	5080.126	260.9974	5271.2256	4562.819	5419.2705	20.55658	5447.6577	5373.0566	981.2	1000.0	950000	443.18185	156.27502	562.3664	-114.8978	443.1813	156.27618	561.60925	-67.32943	444.29782	155.86163	560.22015	-145.15732	-2.5432677	6.733261	108.98114	-16.623932	29.744684	30.000765	21.642912	6024.613814115524
191	1.2	0.2	4664.238	1282.6333	5340.6543	1800.5911	5355.823	24.85283	5405.9478	5319.4453	893.8333	1000.0	955000	443.72116	156.9094	562.88885	-142.57185	443.72034	156.90932	561.87616	-170.27231	444.79514	156.48969	561.6594	-130.88858	-2.7020144	6.5815873	111.35899	-17.412195	30.806341	30.83794	21.999325	6066.784723043442
192	1.2	0.2	5264.237	100.712715	5348.7197	5071.306	5451.039	14.599923	5475.1167	5426.831	990.4	1000.0	960000	443.5013	156.65154	561.6415	-128.50705	443.4996	156.65399	562.0234	-128.20117	444.53418	156.23825	559.9383	-101.32958	-2.7166114	6.6742587	110.33475	-16.52018	30.076384	30.060146	21.877384	6107.933888196945
193	1.2	0.2	5158.9756	39.026943	5211.115	5097.2163	5412.0537	15.817886	5432.968	5386.0728	1000.0	1000.0	965000	443.73672	155.9828	559.9922	-92.743286	443.73483	155.9868	561.99567	-124.7602	444.7539	155.58383	559.4774	-119.14515	-2.7187343	6.7134824	116.151855	-17.492567	30.510117	30.626547	21.76149	6149.538096904755
194	1.2	0.2	5191.3936	66.705956	5268.618	5094.849	5323.693	10.322228	5335.3486	5300.062	1000.0	1000.0	970000	443.74887	155.63568	559.5743	-192.56381	443.7482	155.63487	564.2573	-147.49286	444.76968	155.22699	559.2181	-132.03787	-2.67902	6.708902	110.7004	-17.336786	30.33765	30.57067	21.913889	6190.962735891342
195	1.2	0.2	4928.262	508.72195	5233.092	3913.0103	1321.64	397.67157	2016.1107	814.7994	948.8	241.0	975000	444.27863	155.76523	563.1327	-152.63445	444.2789	155.7654	559.4583	-223.12816	445.34592	155.35408	561.7836	-161.03719	-2.5657322	6.7444925	97.95385	-17.183592	30.058167	29.996094	21.63473	6223.467169761658
196	1.2	0.2	5239.181	62.800285	5341.5205	5156.1484	2281.3013	983.8147	3988.7285	1224.7058	1000.0	422.7	980000	445.47125	155.98807	562.18524	-86.59914	445.46954	155.9901	570.26807	-61.838905	446.54462	155.57939	561.2371	-117.95846	-2.6036522	6.7017746	91.48214	-16.73429	29.697412	29.897644	21.572794	6258.7828714847565
197	1.2	0.2	5217.7812	41.990894	5259.7866	5145.229	3960.2356	1691.5507	5448.535	1148.9839	1000.0	730.5	985000	447.24707	155.65408	562.6385	-92.85957	447.24683	155.65512	562.705	-91.15162	448.34137	155.20906	562.88635	-108.06409	-2.7435594	6.888276	102.51041	-18.024635	30.143862	29.994629	21.577763	6297.821236610413
198	1.2	0.2	4796.7373	913.76605	5313.33	2971.4524	5434.655	15.953437	5457.3037	5407.317	914.0	1000.0	990000	449.2891	154.75789	563.0024	-65.86357	449.28818	154.75711	572.91644	-60.816147	450.3643	154.3211	561.97266	-59.83665	-2.8206513	6.9268646	117.76166	-17.031305	29.785227	29.767683	21.28589	6337.877681016922
199	1.2	0.2	5002.2417	536.95734	5363.852	3934.3696	5237.1943	631.266	5465.1626	3343.661	953.8	960.9	995000	449.90482	155.00279	561.92737	-80.979324	449.90375	155.0051	562.94904	-49.933243	450.98114	154.55122	565.4513	-66.76348	-3.0151484	6.7334566	90.7024	-18.459332	29.380714	29.328705	21.092106	6378.560074329376
