Epoch	AverageEpRet	StdEpRet	MaxEpRet	MinEpRet	EpLen	AverageVVals	StdVVals	MaxVVals	MinVVals	TotalEnvInteracts	LossPi	LossV	DeltaLossPi	DeltaLossV	Entropy	KL	ClipFrac	StopIter	Time
0	0.039735693	0.023886647	0.13263628	0.005603588	11.504027	-0.08965847	0.6865126	2.3002172	-2.2942698	10000	1.0299683e-08	0.56174165	-0.12396968	-0.5256559	10.9878845	0.013579497	0.4938	79.0	46.009146213531494
1	0.04089992	0.025677873	0.1329967	0.004052438	11.71864	0.18245795	0.15728219	0.79027236	-0.4519396	20000	-1.373291e-08	0.044002313	-0.01764761	-0.015509302	11.034653	0.018637823	0.2757	4.0	81.89498114585876
2	0.039990548	0.025236905	0.14480698	0.006056226	12.509387	0.19111015	0.13899714	0.719783	-0.47589642	30000	3.2997132e-08	0.042227592	-0.01483135	-0.013133727	11.0380535	0.020991554	0.2973	4.0	117.51572227478027
3	0.03972241	0.025231857	0.16350818	0.0064586163	15.761829	0.19589557	0.13262528	0.74425256	-0.45574662	40000	7.629395e-09	0.045457453	-0.077072114	-0.014978973	11.016864	0.015511231	0.2634	27.0	155.65914130210876
4	0.039100252	0.024140537	0.1415651	0.0068522245	16.041733	0.23422544	0.12925589	0.6879186	-0.24600372	50000	2.3651124e-08	0.0429551	-0.02082057	-0.013275871	11.059389	0.017824935	0.2954	5.0	190.98690748214722
5	0.038554274	0.022751316	0.13638279	0.0070171533	18.973333	0.23243274	0.128622	0.72604424	-0.2875026	60000	-2.1362304e-08	0.04682588	-0.017663186	-0.015858566	11.015473	0.018930295	0.2934	5.0	225.95636749267578
6	0.039297562	0.023139002	0.13640088	0.006442857	20.90566	0.2597429	0.12911087	0.70771086	-0.20620054	70000	3.8146972e-08	0.05890323	-0.019788554	-0.02077964	11.003769	0.02040286	0.2949	5.0	261.8168342113495
7	0.038831912	0.021108177	0.12745018	0.00903819	26.305264	0.29186612	0.13220562	0.84287584	-0.36426497	80000	-1.6021728e-08	0.06555852	-0.017238803	-0.024509083	10.979922	0.018229391	0.2588	5.0	297.94154381752014
8	0.040930964	0.022559686	0.15842892	0.008775888	29.904192	0.3368946	0.13589396	0.85079414	-0.21454553	90000	-7.629395e-09	0.07661306	-0.0207903	-0.030350108	10.9788	0.016572837	0.2595	6.0	333.66613578796387
9	0.038873047	0.01909315	0.11357614	0.008400338	31.37224	0.38433433	0.13583435	0.90411353	-0.3403557	100000	-1.411438e-08	0.07075698	-0.018749261	-0.028958742	10.985515	0.019454861	0.2533	5.0	370.37494230270386
10	0.042666253	0.022284353	0.13302837	0.011221749	38.23755	0.38085103	0.14379133	0.97244126	-0.20234181	110000	-6.1035155e-09	0.08386317	-0.015408892	-0.036134586	10.960318	0.019682728	0.2538	4.0	406.2648215293884
11	0.041483156	0.018179178	0.1295813	0.009112439	36.22826	0.44359952	0.1489632	1.0039848	-0.18546842	120000	-2.1362304e-08	0.086362295	-0.015342285	-0.031203672	11.03024	0.017930001	0.2749	5.0	442.4593014717102
12	0.04201243	0.019082956	0.12351302	0.009717228	40.63008	0.45629507	0.16808021	1.0828342	-0.23653734	130000	-2.6702882e-08	0.09431976	-0.015860958	-0.042530075	10.994869	0.016938852	0.2396	5.0	477.42668652534485
13	0.0416045	0.016640438	0.10349707	0.009532309	47.312798	0.4773119	0.15691413	1.0343457	-0.29159564	140000	9.155274e-09	0.10397607	-0.019936634	-0.044967055	10.995927	0.017944606	0.2287	6.0	512.995450258255
14	0.043919116	0.019127928	0.12838976	0.010972637	53.664864	0.53565985	0.17931402	1.1280787	-0.21799234	150000	8.010864e-09	0.10807347	-0.021727031	-0.05136759	10.95957	0.015851844	0.2224	7.0	549.6932518482208
15	0.04808702	0.021240601	0.14523523	0.015444606	49.676617	0.576388	0.16420114	1.1517682	-0.13427421	160000	-6.408691e-08	0.1005454	-0.019264268	-0.04608	11.02636	0.01615701	0.2072	6.0	585.6218988895416
16	0.045856584	0.015663385	0.11416785	0.010433048	56.896553	0.58119607	0.17365237	1.1726685	-0.25384998	170000	-1.5258789e-09	0.12564641	-0.024176737	-0.061443396	11.007479	0.01431752	0.2123	7.0	621.6324570178986
17	0.046910048	0.019075975	0.1526367	0.015915833	64.38312	0.6581291	0.17438526	1.2448959	-0.2939816	180000	1.2969971e-08	0.118325	-0.09338926	-0.056284964	10.984189	0.015236025	0.3173	42.0	662.5348734855652
18	0.048811067	0.017940389	0.10780783	0.013739713	63.32484	0.66280186	0.18471007	1.3432481	-0.15199435	190000	-1.5258789e-09	0.123157226	-0.11819923	-0.059858896	11.009473	0.013849875	0.4381	79.0	708.1804358959198
19	0.049022187	0.016286884	0.100233674	0.012478908	75.381676	0.6907295	0.18742132	1.3560761	-0.015802363	200000	-1.8310548e-08	0.122862354	-0.10911538	-0.06493987	10.961562	0.0151284775	0.3867	60.0	751.8514862060547
20	0.04634275	0.015314561	0.09545906	0.011101748	71.057144	0.73453104	0.19489413	1.347976	-0.16888653	210000	-1.525879e-08	0.12516099	-0.12007445	-0.053487368	10.961153	0.01528308	0.4483	77.0	797.3175156116486
21	0.048685677	0.015972057	0.11697162	0.010941778	79.744	0.7196235	0.22228839	1.4785106	-0.23572192	220000	-2.0980835e-09	0.12803024	-0.08723488	-0.075653985	10.978254	0.015118542	0.2972	33.0	836.5441064834595
22	0.049775485	0.016912438	0.11875175	0.008404576	90.66972	0.7484194	0.18467742	1.3738422	-0.109034985	230000	1.525879e-08	0.11937859	-0.120771356	-0.064114526	10.941003	0.011339781	0.4598	79.0	881.710526227951
23	0.04937337	0.013861251	0.10403186	0.022594335	95.93269	0.7572675	0.19250627	1.4017794	-0.063216686	240000	9.155274e-09	0.1489281	-0.02203807	-0.08365476	10.972078	0.01378629	0.2197	6.0	917.9321892261505
24	0.05059095	0.014830496	0.10726028	0.016243298	83.45763	0.8257573	0.20734477	1.5704507	-0.051022805	250000	-6.4849854e-09	0.13435838	-0.121416934	-0.07575175	10.928184	0.014179153	0.4616	79.0	963.5611963272095
25	0.053611573	0.017460404	0.12227239	0.015667973	88.26549	0.80438	0.21052326	1.483583	-0.17839658	260000	-2.3269653e-08	0.13131382	-0.12149988	-0.07636537	10.920522	0.013757875	0.4635	79.0	1009.3607261180878
26	0.053033225	0.01726836	0.13236925	0.018285714	100.47475	0.8152436	0.2064302	1.5147072	-0.0777937	270000	9.155274e-09	0.13615014	-0.017458	-0.07816492	10.871274	0.017544627	0.2539	5.0	1045.6306011676788
27	0.050685823	0.013463349	0.09272728	0.018045042	94.84762	0.8567412	0.20102197	1.5409303	0.06535827	280000	3.4713747e-08	0.14065458	-0.017323602	-0.08266764	10.902584	0.01799357	0.251	5.0	1082.1865220069885
28	0.052818943	0.011825264	0.087189265	0.0229107	114.0	0.860101	0.21402878	1.5969416	-0.07377512	290000	-1.2207031e-08	0.13441892	-0.07297382	-0.08424029	10.910866	0.015481167	0.2629	24.0	1121.1741082668304
29	0.052671485	0.01578904	0.12570101	0.020875176	97.59406	0.88068503	0.21123704	1.5384742	-0.10264037	300000	-1.525879e-08	0.14464831	-0.12181977	-0.085572496	10.88579	0.013635174	0.469	79.0	1166.3672275543213
30	0.054218333	0.014114531	0.09369054	0.019336144	98.18812	0.86876124	0.22179101	1.6170406	-0.054015525	310000	-1.449585e-08	0.1516875	-0.121719934	-0.094138466	10.908	0.013835536	0.4663	79.0	1211.0035786628723
31	0.053303253	0.013403585	0.106090166	0.02385212	113.5	0.89778936	0.2200686	1.7113197	-0.36968252	320000	-4.2724608e-08	0.14965087	-0.07915751	-0.091897756	10.80085	0.015791321	0.2729	27.0	1250.2948276996613
32	0.0543865	0.015484351	0.0950503	0.016211629	106.02128	0.9089457	0.21814564	1.6266389	-0.06480889	330000	3.0517577e-09	0.15947583	-0.021799881	-0.09981501	10.845909	0.015761862	0.233	6.0	1286.4051020145416
33	0.053722937	0.01369994	0.12245144	0.02461458	108.933334	0.93000364	0.23813601	1.7235068	-0.28889278	340000	-4.8446655e-08	0.15231313	-0.12143042	-0.09949161	10.910602	0.013580463	0.4744	79.0	1331.4751811027527
34	0.057256304	0.013769032	0.12386815	0.021477323	114.87209	0.9202829	0.22172333	1.6541102	-0.24912865	350000	-3.051758e-08	0.16522543	-0.121486284	-0.108027615	10.881809	0.013364333	0.4602	79.0	1377.1325323581696
35	0.058617942	0.01606674	0.11354726	0.020360226	106.29032	0.96682185	0.23006915	1.8869755	-0.025544954	360000	4.577637e-09	0.16533966	-0.1201293	-0.1096436	10.828769	0.01376534	0.4705	79.0	1422.1287610530853
36	0.056422904	0.010519609	0.08065135	0.031200796	119.02381	0.9837446	0.22649242	1.7315115	0.020389428	370000	-3.8146974e-09	0.16481686	-0.084836334	-0.110261716	10.794051	0.015097296	0.3085	32.0	1461.184923171997
37	0.054004885	0.013238	0.090450324	0.022509875	113.52273	0.9555139	0.2427264	1.884606	-0.508748	380000	1.5640259e-08	0.15674408	-0.12160876	-0.10758891	10.806541	0.013389463	0.471	79.0	1506.746428489685
38	0.056609172	0.012585148	0.107596695	0.028565088	122.5125	0.9683747	0.22936259	1.7434213	0.032861676	390000	5.1879884e-08	0.15189466	-0.12077818	-0.105161615	10.820638	0.014400922	0.4678	79.0	1552.4438426494598
39	0.05817489	0.0140193105	0.115904815	0.026171824	126.56962	0.9848971	0.23285551	1.8310921	-0.11752161	400000	4.577637e-09	0.16282865	-0.085839964	-0.111831985	10.814959	0.015296893	0.3021	31.0	1591.515765428543
40	0.05523408	0.011154875	0.07629873	0.027595524	120.65854	1.0124384	0.2430728	1.9064109	0.09517577	410000	1.2207031e-08	0.17647529	-0.0849586	-0.122635186	10.77734	0.015337138	0.3031	31.0	1631.321272611618
41	0.057248235	0.012839092	0.09116418	0.020394541	117.47059	0.99011767	0.24078445	1.8480742	-0.04061697	420000	-4.119873e-08	0.17336588	-0.120966434	-0.12502754	10.801806	0.012145218	0.4658	79.0	1676.2297883033752
42	0.057680387	0.011835435	0.09230431	0.024511233	130.4079	0.990538	0.24524842	1.8392036	-0.03838255	430000	4.8828124e-08	0.16829339	-0.117017545	-0.105982855	10.789349	0.014945745	0.4337	66.0	1720.1468460559845
43	0.05754344	0.010540536	0.079169594	0.019039828	130.5	1.001968	0.28129742	1.9755012	-0.2795794	440000	-1.6784668e-08	0.17877653	-0.020313574	-0.13265505	10.802425	0.015436703	0.2481	5.0	1755.7817516326904
44	0.058209937	0.011984491	0.08531831	0.02352438	139.23944	1.0247318	0.23166168	1.9258592	0.11017843	450000	3.2043456e-08	0.1700724	-0.018069638	-0.120613754	10.79523	0.015523483	0.2206	5.0	1792.4830174446106
45	0.05832952	0.010056301	0.08424914	0.034383494	132.65334	1.0457071	0.23734424	1.9106203	-0.16302131	460000	1.373291e-08	0.17177036	-0.017870966	-0.12815392	10.7679825	0.014853205	0.2112	5.0	1828.7416219711304
46	0.059586372	0.011956862	0.1222361	0.032203894	133.28	1.0331439	0.2558298	1.9630964	-0.06635949	470000	3.4332275e-09	0.18445475	-0.11139113	-0.13700257	10.74699	0.015090784	0.4178	60.0	1872.1919531822205
47	0.06043877	0.010535737	0.09263441	0.029978065	131.48685	1.0662785	0.24708807	1.9490902	0.09529038	480000	1.1062622e-08	0.17658006	-0.017581712	-0.13172397	10.767351	0.018414585	0.2519	5.0	1908.7892980575562
48	0.060616016	0.012655941	0.094913274	0.013376715	130.52632	1.05519	0.26160878	1.9623218	-0.22612254	490000	3.2043456e-08	0.17624556	-0.016601676	-0.13265902	10.738672	0.015036107	0.2139	5.0	1944.4529721736908
49	0.06121242	0.010859796	0.097864345	0.023586277	136.25	1.0549592	0.28380466	1.9767458	-0.38232836	500000	-1.2207031e-08	0.18802536	-0.020957332	-0.14308287	10.712556	0.013730625	0.2057	6.0	1980.8953306674957
50	0.06286089	0.016360667	0.13742033	0.031799655	138.06944	1.0758545	0.2540608	1.962813	-0.08645436	510000	2.746582e-08	0.17499937	-0.09571971	-0.1313646	10.736974	0.01506857	0.3445	41.0	2021.0573320388794
51	0.061816834	0.008912198	0.081219114	0.028862104	146.75	1.1138881	0.25317174	2.20103	0.12639397	520000	0.0	0.1742519	-0.114461586	-0.13285583	10.742841	0.015030175	0.4329	70.0	2065.3965446949005
52	0.06215523	0.014923205	0.12090081	0.022586593	143.1884	1.1056396	0.25206894	2.121326	0.15327933	530000	-3.051758e-08	0.17909953	-0.11903044	-0.13774396	10.694901	0.013848548	0.4607	79.0	2110.5654072761536
53	0.064764075	0.012966763	0.11720797	0.041830257	137.25	1.1107045	0.2541921	2.0459614	0.002520267	540000	2.2888185e-09	0.17487122	-0.088104986	-0.100789994	10.734539	0.015167279	0.3139	34.0	2150.461813211441
54	0.061225995	0.015145553	0.119735755	0.020503754	127.28205	1.1102642	0.3257799	2.3257816	-0.16915625	550000	-5.0354004e-08	0.2275201	-0.098606735	-0.18473567	10.716936	0.015188679	0.3565	43.0	2192.688975095749
55	0.0643415	0.015440703	0.112011164	0.022225957	135.46576	1.0878403	0.26500458	2.1541045	-0.011801246	560000	-4.2724608e-08	0.18299326	-0.018196732	-0.14572665	10.750647	0.016379958	0.2345	5.0	2228.2011675834656
56	0.066456735	0.016521908	0.13758554	0.034522958	128.48051	1.1241776	0.26912263	2.2766042	-0.2057728	570000	3.5095216e-08	0.18117397	-0.11907045	-0.14577168	10.714688	0.01225035	0.4647	79.0	2273.4375565052032
57	0.06291102	0.009963604	0.09164805	0.030850671	150.90909	1.1064943	0.26593167	2.3975997	0.082923695	580000	2.4986267e-08	0.18572791	-0.11061951	-0.12578161	10.692128	0.015122849	0.4214	61.0	2316.1423428058624
58	0.062524326	0.01074435	0.09844301	0.03900795	131.38158	1.1179525	0.31917182	2.435192	-0.29699808	590000	-2.670288e-09	0.22482231	-0.11463345	-0.18720254	10.693957	0.015053371	0.4174	66.0	2359.486510038376
59	0.06194691	0.010528206	0.08651399	0.03188038	136.29167	1.109123	0.2615454	2.1263273	-0.011756888	600000	4.1770935e-08	0.19109753	-0.12019955	-0.15777357	10.67668	0.011494914	0.463	79.0	2405.1843588352203
60	0.06715637	0.0098213395	0.107740656	0.039489355	140.57747	1.1100116	0.28073332	2.220913	-0.2658822	610000	1.5258789e-09	0.18628217	-0.07709327	-0.15539384	10.674387	0.015630344	0.2615	27.0	2443.3465950489044
61	0.0642176	0.009997178	0.088718474	0.028010305	146.10294	1.1506568	0.2765318	2.1633253	0.010864837	620000	9.155274e-09	0.19580594	-0.12020081	-0.16467765	10.670309	0.013144997	0.4607	79.0	2488.2338140010834
62	0.0651239	0.010649651	0.0940004	0.03649177	171.84483	1.1593113	0.27833503	2.1260984	-0.006101556	630000	4.2724608e-08	0.18520893	-0.12009272	-0.15510967	10.642537	0.014887268	0.4727	79.0	2533.3054044246674
63	0.06806036	0.007342717	0.092215955	0.051483825	160.70493	1.1694669	0.28434724	2.1203964	0.10098331	640000	3.5858154e-08	0.19302122	-0.018824419	-0.16258453	10.622202	0.015102106	0.2172	5.0	2569.778812646866
64	0.0652507	0.011695209	0.09098244	0.023483159	158.2381	1.2135707	0.2907435	2.2859647	-0.14147536	650000	3.3569336e-08	0.1841911	-0.08708748	-0.15745163	10.668918	0.0153353885	0.3198	33.0	2608.262179851532
65	0.06490262	0.0099629415	0.08700326	0.03896119	142.62857	1.1695238	0.29346395	2.2986505	-0.16584615	660000	-1.525879e-08	0.19523911	-0.12019984	-0.16373402	10.60751	0.014843866	0.4603	79.0	2651.9584622383118
66	0.06394576	0.009514453	0.08511183	0.02772004	155.3125	1.1654183	0.2899404	2.2727253	-0.037065096	670000	8.201599e-09	0.18637043	-0.0942508	-0.16015325	10.620009	0.014996109	0.3385	39.0	2692.633459329605
67	0.06813296	0.016274476	0.118321605	0.027160777	151.58461	1.1607425	0.28716728	2.1634777	0.033913855	680000	2.6702882e-08	0.21612221	-0.017473409	-0.18687202	10.632761	0.016959105	0.2477	5.0	2728.575939655304
68	0.06300244	0.011283506	0.09059944	0.026026145	146.47058	1.2036656	0.30981952	2.3636107	-0.008917309	690000	1.8310548e-08	0.20835772	-0.12020485	-0.18068185	10.602332	0.014539404	0.4561	79.0	2773.5245609283447
69	0.065442584	0.009895723	0.09195057	0.03687338	155.15625	1.1449733	0.29996055	2.1472867	-0.15255958	700000	2.1362304e-08	0.19329995	-0.119284056	-0.16859703	10.605903	0.012855955	0.4606	79.0	2818.71870470047
70	0.06595638	0.013340405	0.120656	0.030099066	153.84375	1.1929185	0.28609642	2.248234	-0.044221442	710000	-1.8310548e-08	0.19254464	-0.018364642	-0.16738623	10.586557	0.018078262	0.2403	5.0	2854.7912409305573
71	0.06700869	0.009684754	0.101000294	0.039530467	161.68852	1.1715968	0.3016814	2.293334	-0.31383276	720000	-9.155274e-09	0.1948248	-0.11898398	-0.15522206	10.5805855	0.014950615	0.4599	79.0	2900.059455871582
72	0.065367214	0.012910172	0.11205117	0.035380896	143.47826	1.2184588	0.32185104	2.3167217	-0.03816127	730000	-1.525879e-08	0.21858057	-0.10266727	-0.19291851	10.591252	0.015194971	0.3681	48.0	2940.2605969905853
73	0.06704384	0.008215617	0.090043694	0.0495269	159.80646	1.1795163	0.292476	2.2432134	0.017218089	740000	2.746582e-08	0.20009413	-0.01815805	-0.17281464	10.544303	0.016083023	0.2084	5.0	2977.0631976127625
74	0.06745484	0.014310801	0.13291126	0.020780727	153.78462	1.1993945	0.28374657	2.363554	-0.13178779	750000	4.577637e-09	0.18760738	-0.12027242	-0.16437574	10.56892	0.013377176	0.4677	79.0	3022.392078399658
75	0.06677407	0.0076215733	0.08891318	0.046344392	154.79688	1.1854157	0.30223563	2.3458073	-0.21542218	760000	-3.3569336e-08	0.19118288	-0.10706417	-0.16925499	10.55432	0.015337065	0.3963	53.0	3065.6837089061737
76	0.06614177	0.010128099	0.08794099	0.0267387	149.4697	1.1943867	0.29491282	2.2952476	-0.086137936	770000	-1.2207031e-08	0.20149754	-0.086130686	-0.17867304	10.545036	0.015267575	0.3143	32.0	3105.3510813713074
77	0.067364074	0.009244172	0.08536599	0.033821	153.63077	1.1880987	0.29685992	2.365049	-0.016083455	780000	6.1035155e-09	0.19036686	-0.119482234	-0.16676895	10.555252	0.014509793	0.4671	79.0	3149.454193353653
78	0.0662176	0.009107856	0.0886014	0.032033663	159.20967	1.2008605	0.29854134	2.2889357	-0.22140001	790000	-3.051758e-08	0.19740704	-0.018748423	-0.17605324	10.497009	0.016448734	0.2388	5.0	3184.9919958114624
79	0.06750129	0.009299664	0.09877835	0.028644715	160.98361	1.1846292	0.2953129	2.464319	-0.040579356	800000	2.746582e-08	0.18797915	-0.021071674	-0.14075312	10.503867	0.014290064	0.2095	6.0	3222.299731492996
80	0.06945341	0.0076055843	0.08236671	0.044972092	163.61667	1.195991	0.35073605	2.443183	-0.44969606	810000	-2.708435e-08	0.23358086	-0.09361115	-0.2113393	10.540041	0.01521154	0.34	38.0	3263.274538755417
81	0.06658891	0.011489475	0.096862756	0.030258993	152.87692	1.2518778	0.31089064	2.3864074	-0.10890713	820000	7.6293943e-10	0.21800122	-0.120241836	-0.19755518	10.506445	0.014493909	0.4646	79.0	3308.8677537441254
82	0.06882001	0.0063064974	0.08150903	0.053761598	171.7931	1.1880354	0.3200181	2.3238068	-0.09199927	830000	9.155274e-09	0.20684138	-0.018624637	-0.18780057	10.516467	0.015499289	0.1844	5.0	3345.7401180267334
83	0.06824785	0.010565812	0.11020815	0.024796508	165.33333	1.2398176	0.31907615	2.3443384	0.016393695	840000	-3.4332274e-08	0.19265144	-0.077768184	-0.17535093	10.476586	0.015335449	0.2857	27.0	3385.0941100120544
84	0.06656934	0.010196972	0.09621951	0.025536297	168.42372	1.2326745	0.30837902	2.2907898	-0.3415911	850000	-2.4414062e-08	0.19802496	-0.10213491	-0.17897615	10.52868	0.015098346	0.3742	49.0	3426.3525676727295
85	0.07013255	0.011476143	0.09230959	0.029050617	158.63492	1.1863148	0.31725696	2.2895696	-0.4332053	860000	1.449585e-08	0.21195693	-0.07578439	-0.19225855	10.459705	0.015578495	0.2755	26.0	3464.147461414337
86	0.06891361	0.008634741	0.09168487	0.038830664	160.53226	1.2540246	0.3205305	2.4734082	-0.033397194	870000	-3.6621095e-08	0.21093272	-0.10379696	-0.09363495	10.476442	0.015163971	0.3892	50.0	3506.1259343624115
87	0.07069887	0.009418999	0.092902265	0.03870649	172.75438	1.2304987	0.4404953	2.7921672	-0.41038942	880000	-3.1280518e-08	0.29537448	-0.019094745	-0.27386618	10.4985895	0.015561072	0.1958	5.0	3542.4838812351227
88	0.067364246	0.014510655	0.124314055	0.021653656	141.2	1.2711959	0.32014626	2.3108451	-0.10366909	890000	1.5258789e-09	0.23124482	-0.018528253	-0.20654039	10.492155	0.01568125	0.207	5.0	3578.7986381053925
89	0.07010417	0.0104323365	0.09995869	0.035123304	163.34427	1.2193443	0.3190438	2.3003905	-0.1911158	900000	1.2588501e-08	0.22049426	-0.12057298	-0.19935371	10.476573	0.011027176	0.4713	79.0	3624.0456898212433
90	0.070854776	0.011941139	0.13034926	0.04552231	153.43077	1.2478442	0.32310593	2.7245655	-0.07985609	910000	1.7547608e-08	0.20443678	-0.022855742	-0.18679714	10.461828	0.013369515	0.1775	6.0	3660.224684238434
91	0.06923996	0.009545738	0.099647895	0.031191852	171.41379	1.2231405	0.3183372	2.3324487	-0.19680782	920000	-2.9754638e-08	0.20459427	-0.09716109	-0.18723427	10.457814	0.015268378	0.3502	42.0	3699.8679690361023
92	0.06847351	0.01163631	0.10567673	0.022182887	150.04546	1.251283	0.3181847	2.3683927	-0.059946753	930000	-5.645752e-08	0.2269997	-0.1185189	-0.20800906	10.439605	0.01369652	0.4634	79.0	3744.5863745212555
93	0.07193169	0.010728422	0.10867211	0.033473864	158.19354	1.222072	0.31307703	2.4239907	0.05217184	940000	-1.0681152e-08	0.21971919	-0.017792407	-0.17465684	10.448913	0.015017493	0.2159	5.0	3780.53102517128
94	0.06836875	0.010489995	0.08558828	0.0228688	156.07812	1.290258	0.3628334	2.5713847	-0.05157668	950000	4.386902e-09	0.25201988	-0.076517075	-0.23235874	10.435627	0.015291119	0.2698	27.0	3820.0185770988464
95	0.07130057	0.00851404	0.10136031	0.042372137	171.8793	1.2547418	0.3174727	2.4048817	-0.12969707	960000	-1.2207031e-08	0.21694373	-0.018018428	-0.19948627	10.448525	0.017757956	0.2223	5.0	3855.159239292145
96	0.07131502	0.010546676	0.09788391	0.036133483	162.31148	1.3028892	0.31339744	2.486847	0.019738607	970000	-1.2207031e-08	0.2189601	-0.017383887	-0.20165195	10.445778	0.016387597	0.2466	5.0	3891.3203551769257
97	0.068013586	0.011921429	0.084186986	0.02327581	159.7742	1.2836101	0.3276653	2.4645948	0.0013580406	980000	-3.7765503e-08	0.23838986	-0.07834303	-0.22059835	10.416576	0.01547063	0.2855	29.0	3930.1159958839417
98	0.07130631	0.008813374	0.09080036	0.04166429	167.59322	1.2678205	0.33332312	2.5216744	-0.10713993	990000	1.525879e-08	0.23620513	-0.117756374	-0.22027446	10.440333	0.015036172	0.4537	77.0	3975.542278289795
99	0.070112474	0.008098089	0.09285967	0.03477472	166.86441	1.2941481	0.33507106	2.5563905	-0.06330321	1000000	1.525879e-08	0.22600411	-0.079850085	-0.21112649	10.389288	0.015282785	0.2755	30.0	4013.9362740516663
100	0.07084489	0.008213124	0.08665955	0.036691744	169.89655	1.289065	0.33489662	2.5160487	-0.010996933	1010000	-1.2207031e-08	0.22773655	-0.11705278	-0.2129755	10.419488	0.014756152	0.4447	79.0	4059.4759628772736
101	0.071141645	0.010374008	0.10273921	0.032200295	164.7	1.2898104	0.32921022	2.5368426	-0.15725791	1020000	-2.746582e-08	0.23407173	-0.018684853	-0.21930826	10.400276	0.016617052	0.2193	5.0	4095.1281781196594
102	0.06865417	0.01231907	0.08568971	0.020375714	160.40323	1.2776787	0.33464646	2.5033257	-0.46559644	1030000	-1.5258789e-09	0.23858295	-0.09940901	-0.19706038	10.387039	0.015141506	0.352	48.0	4137.844741821289
103	0.07088136	0.010348159	0.08389372	0.02856783	170.81035	1.3167646	0.37145296	2.619379	-0.3592109	1040000	2.9754638e-08	0.26584297	-0.09473564	-0.25046378	10.404197	0.015050789	0.3423	40.0	4178.388301610947
104	0.07122761	0.012434199	0.11544808	0.022836782	158.19354	1.286194	0.3363106	2.5552883	-0.14369124	1050000	6.866455e-09	0.22409287	-0.08079719	-0.20972808	10.408587	0.0158339	0.2847	30.0	4217.238544225693
105	0.072703026	0.009886561	0.0998008	0.029307643	175.35715	1.266299	0.3337683	2.580602	-0.11867246	1060000	-6.1035155e-09	0.22566563	-0.021773713	-0.21150298	10.389961	0.014606383	0.2003	6.0	4253.766934871674
106	0.07303439	0.010008296	0.1108112	0.039712656	157.5238	1.3226774	0.32405812	2.529965	0.13175525	1070000	-5.340576e-09	0.232593	-0.10514416	-0.2178814	10.379779	0.014882651	0.3838	55.0	4296.068865776062
107	0.072258554	0.011691875	0.114298224	0.031243447	168.18645	1.2848605	0.32870516	2.4662642	-0.15999371	1080000	-5.722046e-09	0.22746415	-0.11785623	-0.17576826	10.341543	0.014206009	0.45	79.0	4341.881804227829
108	0.07604565	0.008684142	0.0961722	0.05124646	175.4035	1.3318616	0.3832696	2.7151332	-0.20688918	1090000	3.8146972e-08	0.2594855	-0.10382925	-0.2447007	10.366079	0.015024166	0.3672	51.0	4382.674376010895
109	0.072959386	0.010667853	0.093295015	0.03577564	156.60318	1.3530551	0.33667672	2.6584759	0.050943226	1100000	1.6975402e-08	0.23993349	-0.118235804	-0.22685653	10.366148	0.0137930345	0.4611	79.0	4427.7236328125
110	0.074173555	0.01086608	0.102207646	0.037250336	152.56923	1.3293719	0.33887345	2.6513605	-0.17042993	1110000	7.6293943e-10	0.25179112	-0.018569784	-0.2384746	10.341905	0.018299228	0.2431	5.0	4464.252996444702
111	0.07263436	0.010456933	0.11422988	0.03504392	165.26666	1.3050582	0.3537167	2.5096962	-0.30033255	1120000	3.0517577e-09	0.24183604	-0.012334064	-0.2291752	10.329236	0.018442612	0.2254	4.0	4500.575375318527
112	0.07176281	0.0077156965	0.09196121	0.05373319	163.59016	1.2842835	0.34695426	2.5365403	-0.493707	1130000	-3.3569336e-08	0.24405874	-0.11823005	-0.23009428	10.350705	0.014498324	0.4588	79.0	4546.129196405411
113	0.07244073	0.00968351	0.10236177	0.043317184	158.61905	1.2730056	0.34006134	2.6700044	-0.9545142	1140000	-7.6293943e-10	0.23908377	-0.11979813	-0.22586016	10.403616	0.012877096	0.4713	79.0	4591.811889886856
114	0.072926454	0.007104101	0.105298765	0.054502103	182.16667	1.3307173	0.34502286	2.6320484	-0.0070350766	1150000	-1.1062622e-08	0.21654102	-0.09110295	-0.20525117	10.279022	0.015012805	0.3215	37.0	4632.2795305252075
115	0.07378427	0.011879583	0.1436044	0.0525192	167.62712	1.3105404	0.33921665	2.6253479	-0.04310341	1160000	-7.629395e-09	0.21484219	-0.018178022	-0.20345967	10.3532095	0.014826689	0.2054	5.0	4667.76365852356
116	0.07351373	0.011712531	0.1128901	0.030664504	171.75862	1.3116689	0.33284676	2.4835796	-0.13972414	1170000	3.2997132e-08	0.2401083	-0.1188434	-0.22751082	10.357209	0.014645871	0.4626	79.0	4713.614609003067
117	0.07410213	0.01150056	0.106582105	0.027600601	170.0	1.3268752	0.34146857	2.6321616	-0.12529172	1180000	1.7166137e-08	0.23467265	-0.116804436	-0.2244903	10.325744	0.0150620835	0.4513	74.0	4758.5624713897705
118	0.07121455	0.0097340075	0.090994656	0.032946724	163.36667	1.3365729	0.3443882	2.6287203	-0.14300098	1190000	3.1280518e-08	0.25238463	-0.119432405	-0.24097653	10.294932	0.012721973	0.4582	79.0	4803.550614356995
119	0.072180435	0.012517623	0.10302721	0.029042276	167.49153	1.3097198	0.3435249	2.583377	-0.22498	1200000	3.8146974e-09	0.2634236	-0.019191312	-0.2523452	10.321685	0.014416623	0.1907	5.0	4837.674134969711
120	0.07413875	0.0059418203	0.087219596	0.062321454	190.63461	1.3556906	0.34632128	2.6785576	0.011022383	1210000	-1.1444092e-08	0.23892641	-0.09931761	-0.2294802	10.301728	0.015194611	0.3597	46.0	4878.294502258301
121	0.073695906	0.00912002	0.089318134	0.047699712	172.17241	1.3445783	0.34424603	2.6130333	-0.04817572	1220000	7.6293943e-10	0.25007826	-0.11535115	-0.23982018	10.254687	0.015026812	0.4477	69.0	4922.273984909058
122	0.07303094	0.009747023	0.09566009	0.041191157	163.44263	1.3381124	0.34960756	2.5995438	-0.26236543	1230000	2.1362304e-08	0.25931016	-0.017704055	-0.24463922	10.266603	0.014541289	0.2039	5.0	4958.482705593109
123	0.07465201	0.008609769	0.10898455	0.045644905	174.8421	1.3205897	0.3581168	2.7042594	0.05365792	1240000	2.1362304e-08	0.25397286	-0.11702956	-0.24263425	10.286718	0.015141568	0.4539	73.0	5003.09379863739
124	0.074189134	0.009730431	0.09516196	0.03352907	175.39285	1.3497188	0.3383477	2.684346	-0.07480884	1250000	-1.525879e-08	0.251612	-0.019086136	-0.24077332	10.233582	0.018989839	0.2272	5.0	5038.476855278015
125	0.073552914	0.0061286935	0.09255106	0.06101869	170.53448	1.3368957	0.33939365	2.6331265	-0.03830329	1260000	7.629395e-09	0.24887559	-0.119686425	-0.2386195	10.294464	0.014419895	0.4596	79.0	5083.982195854187
126	0.07547031	0.007274856	0.095525146	0.059739746	178.21428	1.3237344	0.34878963	2.5708802	-0.09428942	1270000	1.8310548e-08	0.25274214	-0.018665984	-0.24333282	10.280941	0.013726994	0.2017	5.0	5120.744446992874
127	0.07621751	0.006729977	0.08990108	0.059837107	174.1228	1.3746818	0.3504627	2.7045062	-0.12253705	1280000	1.6784668e-08	0.2544054	-0.017777076	-0.24559018	10.292587	0.015616263	0.2161	5.0	5156.27249455452
128	0.074971765	0.010860993	0.1069735	0.037000433	173.08772	1.3818687	0.36528823	2.6372664	-0.43562368	1290000	3.8909914e-08	0.23672995	-0.017285014	-0.22813536	10.212808	0.015277963	0.2059	5.0	5192.508677005768
129	0.07682979	0.01176694	0.12915522	0.04522402	180.21819	1.3378417	0.3427421	2.6674502	-0.4369296	1300000	-4.577637e-09	0.24609582	-0.11353395	-0.23734894	10.230648	0.015054686	0.4214	68.0	5236.933283805847
130	0.07915801	0.013097747	0.1283305	0.061061434	174.80702	1.3853233	0.35302383	2.6880395	-0.1305452	1310000	8.010864e-09	0.25031996	-0.095735356	-0.24145308	10.232238	0.015122235	0.345	42.0	5278.223727226257
131	0.07582006	0.007186772	0.09774375	0.058404874	166.03334	1.3799967	0.34996817	2.7138526	-0.019830517	1320000	-1.5830993e-08	0.24453025	-0.11846829	-0.23572284	10.27185	0.014148904	0.4537	79.0	5324.207089185715
132	0.07561284	0.0076370905	0.08913572	0.0579424	178.4909	1.3421246	0.3492147	2.7154424	-0.21725723	1330000	2.2888185e-09	0.24491943	-0.11914895	-0.2363278	10.214466	0.014437403	0.464	79.0	5368.975541114807
133	0.07796573	0.010966964	0.12511747	0.04274421	172.7193	1.3748344	0.34882978	2.9617338	-0.03983835	1340000	1.2207031e-08	0.2582125	-0.022886397	-0.24960826	10.2123375	0.01307502	0.1928	6.0	5405.1364715099335
134	0.077923544	0.0074506276	0.09943093	0.06294645	185.35849	1.3916273	0.37526017	2.6869724	-0.09127883	1350000	-4.577637e-09	0.24554317	-0.09237175	-0.23695408	10.225337	0.015170682	0.3315	38.0	5445.171084403992
135	0.07456185	0.010471676	0.09268872	0.0226474	173.35088	1.402352	0.35868427	2.6265044	-0.17465915	1360000	3.8909914e-08	0.24296917	-0.017855292	-0.2347646	10.224771	0.01650441	0.2136	5.0	5480.489932537079
136	0.07381861	0.0101752635	0.10301469	0.047210027	160.88524	1.3733485	0.34941658	2.535954	-0.20164658	1370000	2.1362304e-08	0.26690704	-0.10841045	-0.25805098	10.236821	0.01510706	0.4033	59.0	5524.142466545105
137	0.079975106	0.008399325	0.11105383	0.05887944	174.82455	1.3516723	0.3476976	2.6175022	0.021774365	1380000	1.4877319e-08	0.24880898	-0.02184788	-0.24076605	10.197745	0.013229123	0.1671	6.0	5561.03006362915
138	0.07726614	0.009122469	0.08975653	0.027807016	175.05263	1.4199939	0.35317266	2.7422938	-0.032117862	1390000	-1.449585e-08	0.24218321	-0.11806988	-0.22740777	10.227474	0.01311878	0.4558	79.0	5606.014227151871
139	0.07623522	0.0088202795	0.09458186	0.03763711	175.875	1.3988181	0.35513055	2.6334093	0.054982476	1400000	3.6621095e-08	0.26482564	-0.112309635	-0.2553448	10.235783	0.0148261	0.4255	65.0	5649.3468363285065
140	0.077173084	0.0089445	0.10603304	0.038220074	173.29825	1.4001728	0.35885945	3.007678	0.05428718	1410000	1.8310548e-08	0.26156378	-0.11932782	-0.25296882	10.143444	0.013372715	0.4571	79.0	5694.866410970688
141	0.077906035	0.00664885	0.09478381	0.062332723	174.80702	1.3836482	0.35812068	2.7384953	0.114435755	1420000	1.9836426e-08	0.26023614	-0.11977886	-0.25241616	10.160037	0.010440159	0.471	79.0	5739.716068744659
142	0.075858995	0.009746729	0.09156527	0.038470898	172.77193	1.4178635	0.35624328	2.6633222	-0.068499945	1430000	7.6293943e-10	0.25520343	-0.11933786	-0.24788828	10.149918	0.01395917	0.467	79.0	5784.147889852524
143	0.076621674	0.009319158	0.112696275	0.052144222	184.74074	1.3920197	0.3559212	2.7969172	-0.3785714	1440000	-3.7765503e-08	0.24964638	-0.12035802	-0.24200694	10.22546	0.0127651105	0.4708	79.0	5828.635288953781
144	0.07584275	0.009281809	0.09950454	0.041230757	178.87273	1.3598835	0.360384	2.7353873	-0.25707713	1450000	-3.051758e-08	0.25662133	-0.12001688	-0.24983798	10.090783	0.014137436	0.4605	79.0	5874.15492272377
145	0.07567724	0.009730132	0.08850787	0.021379557	178.27272	1.392249	0.34936556	2.6287045	-0.10379915	1460000	-2.0599366e-08	0.24940598	-0.08754459	-0.24256086	10.1468315	0.015503185	0.3189	33.0	5914.109583377838
146	0.07991879	0.0066277706	0.09784158	0.053590223	186.4151	1.4029254	0.3535296	2.9534461	-0.27911925	1470000	-1.373291e-08	0.25889918	-0.11866639	-0.25178748	10.132914	0.013147311	0.4614	79.0	5958.394484996796
147	0.076857686	0.007753408	0.09180945	0.05340855	180.6909	1.4416049	0.36188206	2.927369	-0.10622931	1480000	-1.9836426e-08	0.25807142	-0.023501927	-0.2510491	10.139255	0.014098892	0.192	6.0	5995.159675359726
148	0.07811028	0.008151023	0.09638451	0.062472932	184.98148	1.4082108	0.36133692	2.6811688	-0.06730421	1490000	1.7166137e-08	0.26464477	-0.09371732	-0.25661653	10.121951	0.015130579	0.3447	39.0	6035.185907840729
149	0.07814761	0.008695575	0.09261304	0.038537476	181.05455	1.398145	0.35723808	2.7176912	0.0959793	1500000	1.8310548e-08	0.24704075	-0.018991232	-0.24020126	10.117058	0.012985337	0.2346	5.0	6071.976510763168
150	0.07772904	0.0069476883	0.09322446	0.055236332	178.28572	1.41281	0.3620066	2.8626342	-0.17664391	1510000	0.0	0.25017074	-0.1113696	-0.23293346	10.139732	0.01501471	0.4199	63.0	6115.084467172623
151	0.07738595	0.010367747	0.10123326	0.0435942	175.41072	1.4247841	0.37637013	2.8299766	-0.17962107	1520000	2.8610229e-08	0.27452633	-0.111774236	-0.26652172	10.066287	0.015205027	0.4256	60.0	6157.529079675674
152	0.0761536	0.011832212	0.102751024	0.03427679	166.46666	1.3937181	0.37273172	2.7183225	-0.6831801	1530000	-5.9509276e-08	0.26725766	-0.11601012	-0.2601725	10.048221	0.015084505	0.4305	70.0	6202.053400993347
153	0.07522306	0.013194771	0.12982056	0.019743098	174.70175	1.3928056	0.36154133	2.7491255	-0.09868637	1540000	6.1035155e-09	0.25667822	-0.11423281	-0.2506665	10.104197	0.015078859	0.4308	65.0	6245.834983348846
154	0.076393574	0.008874877	0.0980144	0.04646467	169.74138	1.3881892	0.34766012	2.7109492	-0.073474556	1550000	-4.005432e-09	0.25177184	-0.06943327	-0.24566938	10.0260105	0.015622774	0.2361	22.0	6284.748857021332
155	0.077843525	0.0076424303	0.10147865	0.057659004	180.32727	1.3886015	0.36487713	2.9807901	-0.043407507	1560000	-7.629395e-09	0.2541247	-0.115875594	-0.24823497	10.04202	0.015021951	0.4523	68.0	6327.941842556
156	0.07665614	0.0075060213	0.094790444	0.052226502	181.76364	1.3978896	0.36488593	2.887879	-0.25013793	1570000	4.5776368e-08	0.2624733	-0.015220061	-0.2563434	10.007403	0.01840097	0.2348	4.0	6365.380331754684
157	0.08047818	0.0071650525	0.10313392	0.06449128	191.90384	1.4322091	0.35817385	2.6813002	0.08588076	1580000	-5.340576e-09	0.25197762	-0.09134054	-0.24680983	10.020511	0.01528059	0.342	37.0	6405.674382686615
158	0.07770874	0.012261542	0.09332148	0.01742575	180.4	1.4345636	0.36263597	2.6736383	0.0595629	1590000	-1.8310548e-08	0.26033178	-0.1209021	-0.25224504	10.022744	0.014970624	0.4777	79.0	6450.614101409912
159	0.08062039	0.008763955	0.10636436	0.052799698	167.64407	1.4568124	0.365244	2.8149538	-0.45751563	1600000	7.390976e-09	0.27589947	-0.019071413	-0.26863298	9.975159	0.01383953	0.1938	5.0	6486.108602523804
160	0.08043993	0.007634182	0.109584086	0.06127968	182.09259	1.4395994	0.3718583	2.865725	-0.17974177	1610000	3.6239623e-08	0.27215624	-0.11848222	-0.26603925	9.9863	0.012178075	0.4646	79.0	6531.597568273544
161	0.08156349	0.008607654	0.117913306	0.06151856	175.05357	1.4590443	0.36944038	2.8488586	0.057484645	1620000	7.629395e-09	0.267213	-0.0850092	-0.26128778	9.933753	0.015164117	0.3095	32.0	6571.242236375809
162	0.079537824	0.008788575	0.10657794	0.056399368	173.1579	1.4610428	0.37303138	2.794003	0.016249355	1630000	-2.3651124e-08	0.27318045	-0.018060675	-0.26766947	10.007253	0.015321684	0.1797	5.0	6608.460850715637
163	0.07549006	0.009683501	0.09567172	0.040808495	181.34546	1.4461019	0.37690976	2.840049	-0.2073913	1640000	2.269745e-08	0.27633998	-0.01776492	-0.27109697	10.0134535	0.016294913	0.247	5.0	6644.875808477402
164	0.07889334	0.00773297	0.09756949	0.06177355	181.66667	1.4161255	0.36480063	2.7679973	-0.1465225	1650000	4.501343e-08	0.26610127	-0.116908334	-0.26103914	9.991683	0.0150352325	0.448	73.0	6689.24772810936
165	0.07767939	0.010460836	0.10070993	0.047604583	172.89473	1.4486767	0.3708322	2.8218307	-0.14710794	1660000	-9.918213e-09	0.26138702	-0.11911882	-0.25636598	10.018138	0.015067254	0.4555	73.0	6733.079939842224
166	0.08173398	0.00827624	0.10606598	0.06552892	177.44643	1.4267871	0.36305696	2.8201196	0.0427472	1670000	2.2888184e-08	0.29007813	-0.016630912	-0.2842296	10.006495	0.016306039	0.2351	4.0	6768.7898869514465
167	0.0821207	0.0069892523	0.10098186	0.069660574	193.07843	1.4697526	0.382055	2.8504038	-0.11210789	1680000	-3.0517577e-09	0.26894015	-0.012868883	-0.26424074	9.953988	0.018376868	0.2166	4.0	6804.723026514053
168	0.08074128	0.009867252	0.09809665	0.047936216	178.43637	1.4794737	0.381514	2.97442	-0.41346478	1690000	-3.967285e-08	0.27836728	-0.11926637	-0.2552973	9.952531	0.014296457	0.4621	79.0	6849.773813962936
169	0.07978746	0.008291028	0.094583094	0.052784037	184.68518	1.4773659	0.4066848	2.853858	-0.5264739	1700000	7.6293943e-10	0.2830397	-0.020072646	-0.2768043	9.99875	0.013969027	0.1976	5.0	6885.605013847351
170	0.07945352	0.01147253	0.105988674	0.03119855	180.3091	1.4574734	0.36367488	2.968284	0.05804262	1710000	-1.0681152e-08	0.25262263	-0.109649785	-0.24680707	9.977283	0.0151579045	0.4051	59.0	6927.918275594711
171	0.07864469	0.007927279	0.09705938	0.043044306	181.54546	1.4728963	0.36738864	2.7457814	-0.04858094	1720000	-1.1634826e-08	0.25875756	-0.11687164	-0.25315934	9.96432	0.015125428	0.4452	74.0	6972.1392993927
172	0.08252071	0.00802401	0.10082389	0.056108873	177.17857	1.431484	0.38516077	2.807768	-0.52627146	1730000	1.6784668e-08	0.27294028	-0.12027821	-0.26678053	9.869329	0.01517038	0.4704	79.0	7017.726540088654
173	0.080192395	0.008406246	0.098697506	0.052449558	180.81818	1.4771705	0.3759931	2.965743	0.068286866	1740000	3.2615663e-08	0.27434668	-0.11960687	-0.26884276	9.927917	0.012305357	0.464	79.0	7063.410654067993
174	0.07949179	0.008633115	0.10089136	0.051917214	184.61111	1.4820017	0.36122793	2.764243	0.15368146	1750000	1.2207031e-08	0.2540689	-0.09155204	-0.24905558	9.941971	0.0153591735	0.3303	36.0	7103.994181632996
175	0.08037687	0.010519181	0.105780005	0.032622986	176.08928	1.4409953	0.37591055	2.8250318	-0.099129796	1760000	4.119873e-08	0.28356886	-0.06889671	-0.27817172	9.920624	0.015742319	0.2441	22.0	7142.229949235916
176	0.07861758	0.0069859847	0.09291902	0.054777674	185.16667	1.4854556	0.3718327	2.8304005	-0.074135825	1770000	4.577637e-09	0.25817376	-0.11836423	-0.2536633	9.89518	0.0140059665	0.4512	79.0	7188.06568813324
177	0.07986666	0.009063272	0.096831836	0.0424905	185.35849	1.4407067	0.3606576	2.6818237	-0.18215093	1780000	-5.340576e-09	0.25118124	-0.019247651	-0.24703762	9.914038	0.014614218	0.2456	5.0	7224.200188159943
178	0.081468865	0.009638678	0.11611258	0.051159814	179.81818	1.4702806	0.37100026	3.0822148	-0.0018011332	1790000	-4.4250488e-08	0.27726805	-0.11027054	-0.27302673	9.945851	0.015145564	0.4069	59.0	7267.243621587753
179	0.079837844	0.0075555467	0.09432686	0.053730436	184.16667	1.480902	0.37308568	2.9554713	-0.122227155	1800000	9.155274e-09	0.2708079	-0.11893472	-0.26674008	9.859476	0.014521448	0.4723	79.0	7311.760890483856
180	0.08084561	0.007289617	0.097331114	0.06370215	189.11539	1.4528673	0.38641414	2.8652523	-0.61571836	1810000	1.2207031e-08	0.26218763	-0.11383223	-0.25831756	9.881682	0.01520931	0.4381	64.0	7355.039093494415
181	0.07903929	0.009309685	0.101295486	0.052453615	178.23636	1.4589984	0.3818327	2.990824	-0.21580699	1820000	4.5776368e-08	0.27262682	-0.018745203	-0.26864544	9.887003	0.014459837	0.2217	5.0	7391.187406778336
182	0.078783944	0.008430734	0.09718852	0.045750573	181.90741	1.4569414	0.37715864	2.9112148	-0.041154746	1830000	8.010864e-09	0.272236	-0.07567854	-0.26837596	9.888241	0.0154802	0.2865	26.0	7430.3471937179565
183	0.08310399	0.0066912803	0.100241676	0.070083775	188.18867	1.4535393	0.3734068	2.9885006	-0.30298227	1840000	6.1035155e-09	0.28236797	-0.018013455	-0.27821246	9.851624	0.017512796	0.2496	5.0	7466.740718126297
184	0.083446294	0.008519839	0.105312474	0.050398055	172.34483	1.5035274	0.3825972	2.7708323	-0.1563566	1850000	-1.9073486e-08	0.28455567	-0.12030845	-0.27135184	9.906227	0.010966088	0.4781	79.0	7512.293829679489
185	0.07857851	0.00713785	0.096000604	0.061369713	177.23215	1.4930701	0.39438877	3.1199634	-0.23062883	1860000	-1.5258789e-09	0.27582464	-0.112182975	-0.27127504	9.874366	0.0151057895	0.4211	60.0	7554.700705289841
186	0.08058767	0.008411453	0.10475505	0.06504163	185.18518	1.425859	0.36769918	2.7696376	-0.13458453	1870000	-6.1035155e-09	0.26796362	-0.019735925	-0.26302963	9.841069	0.0140414275	0.202	5.0	7591.030793190002
187	0.0821528	0.007756367	0.09525308	0.050619926	187.32076	1.47561	0.3738462	2.840363	-0.013983045	1880000	-3.3569336e-08	0.26232713	-0.11968996	-0.2578872	9.867958	0.013789488	0.4628	79.0	7635.338782548904
188	0.07880098	0.009528516	0.092028245	0.0275045	175.26315	1.4667917	0.37811598	2.8377306	-0.3450756	1890000	-1.6021728e-08	0.2756259	-0.117101975	-0.271229	9.845986	0.015168475	0.4469	70.0	7678.949810266495
189	0.083168924	0.008642567	0.098835446	0.04716691	184.03703	1.4802524	0.37377244	2.9683495	-0.29086527	1900000	-4.9591065e-09	0.2807814	-0.09041958	-0.25927076	9.834048	0.015126505	0.336	36.0	7718.788862943649
190	0.081508614	0.011026091	0.13583669	0.0545473	179.76364	1.4904279	0.40441868	2.8422298	-0.2856763	1910000	3.089905e-08	0.28532258	-0.023171348	-0.2803527	9.807303	0.013725211	0.1869	6.0	7755.582772731781
191	0.08209949	0.0058672815	0.09330528	0.06286176	178.25455	1.4600207	0.37369052	2.7926505	-0.0614057	1920000	9.536744e-10	0.2641258	-0.07271439	-0.2594924	9.816473	0.015076025	0.2741	25.0	7793.862504482269
192	0.08054161	0.00878492	0.09690459	0.04645939	190.03847	1.4903046	0.36701295	2.8360636	-0.030973066	1930000	-7.629395e-09	0.26579365	-0.085218765	-0.2611089	9.830496	0.015249614	0.3105	33.0	7834.062187194824
193	0.08096356	0.009828915	0.103046134	0.042006876	181.98148	1.4656104	0.3724191	2.8438394	0.057041828	1940000	-4.577637e-09	0.2912293	-0.1179179	-0.28664574	9.801157	0.013971078	0.457	79.0	7879.7023248672485
194	0.085169494	0.0074645765	0.10062939	0.061601467	185.0	1.4920805	0.37777084	2.8265932	-0.22818817	1950000	1.525879e-08	0.28309247	-0.077236645	-0.27867636	9.813024	0.015365274	0.2827	26.0	7919.872488498688
195	0.080627166	0.008745884	0.09631497	0.041281745	185.11111	1.519269	0.38907903	2.883938	-0.05547347	1960000	1.6021728e-08	0.27418026	-0.11947142	-0.270074	9.80632	0.014221662	0.4677	79.0	7965.532915115356
196	0.08102855	0.008092678	0.10675273	0.067155056	182.09259	1.4515622	0.38940448	3.0077753	-0.06719871	1970000	-2.2888184e-08	0.2685175	-0.10122432	-0.2643407	9.803545	0.014854333	0.3831	45.0	8007.063265323639
197	0.08261198	0.010536852	0.10641966	0.03198394	173.29825	1.4746681	0.38681123	2.7496684	-0.10006814	1980000	-1.6784668e-08	0.2941948	-0.01889116	-0.28947178	9.754375	0.01437218	0.2161	5.0	8043.651134490967
198	0.08283655	0.010676255	0.12505952	0.040221617	169.3793	1.5286323	0.38589182	3.0157533	0.05561553	1990000	2.1362304e-08	0.28479916	-0.12008519	-0.2810062	9.7748	0.01270663	0.4653	79.0	8089.484274864197
199	0.08197327	0.008351589	0.10404683	0.059341636	195.37254	1.4720395	0.37972647	2.9706142	-0.1189743	2000000	1.0681152e-08	0.26874638	-0.018477738	-0.26525274	9.80907	0.015103127	0.2121	5.0	8126.81961274147
