Epoch	EntIndex	EntCoeff	AverageEpRet	StdEpRet	MaxEpRet	MinEpRet	AverageTestEpRet	StdTestEpRet	MaxTestEpRet	MinTestEpRet	EpLen	TestEpLen	TotalEnvInteracts	AverageQ1Vals	StdQ1Vals	MaxQ1Vals	MinQ1Vals	AverageQ2Vals	StdQ2Vals	MaxQ2Vals	MinQ2Vals	AverageVVals	StdVVals	MaxVVals	MinVVals	AverageLogPi	StdLogPi	MaxLogPi	MinLogPi	LossQ1	LossQ2	LossV	Time
1	1.2	0.2	118.59179	32.460022	246.88567	83.13102	257.49023	7.6183696	273.37933	246.27751	23.606634	47.0	5000	-1.315004	52.516823	97.11671	-123.535255	-1.3141025	52.51677	96.53418	-125.32951	-4.3136325	59.398785	100.66735	-177.00084	28.83824	167.93489	17688.934	-17.299603	5.0439553	5.032923	485.53653	19.09519910812378
2	1.2	0.2	123.101974	34.818233	235.62042	78.56569	204.43648	5.127481	211.9217	194.37769	24.45366	37.8	10000	135.13055	68.323524	304.45126	-41.110275	135.13039	68.326096	302.59976	-43.64554	144.85553	67.58014	315.3395	-39.86981	1.0359929	5.388294	31.733173	-16.832298	7.9682403	7.949725	19.510643	37.98133325576782
3	1.2	0.2	313.33044	96.30025	577.52356	195.32613	363.08667	25.98062	399.53943	319.7497	59.638554	67.3	15000	259.80374	102.00341	389.8119	-68.9222	259.80505	102.00419	388.17105	-69.52959	271.97977	93.09778	391.92514	-108.75651	2.539892	8.100846	45.538403	-17.568521	35.160885	35.468357	52.484444	60.04443359375
4	1.2	0.2	350.998	94.74143	664.05927	205.03183	476.47568	61.060333	591.53546	390.3179	68.76712	101.5	20000	268.0949	112.34194	429.2138	-60.65497	268.093	112.353874	426.18317	-68.454254	276.23682	106.18494	417.16397	-67.987076	0.9735976	8.297537	43.196224	-17.194826	30.364492	29.475843	44.503643	82.9228105545044
5	1.2	0.2	422.5771	101.47649	729.138	242.64322	389.9627	54.617863	489.92346	313.73608	86.206894	83.1	25000	248.38576	117.86322	431.9995	-225.32812	248.38501	117.88014	424.7614	-204.14436	254.04303	114.73787	419.92053	-227.79904	-0.2600018	7.020958	43.94731	-17.538044	33.15389	32.199787	46.95348	105.5330970287323
6	1.2	0.2	375.684	80.30795	594.003	246.06512	379.93805	80.71324	604.47833	308.48688	74.55224	77.9	30000	216.11299	117.28791	393.9355	-108.01728	216.11322	117.29981	387.55292	-113.47104	220.43266	115.908485	386.2056	-136.57323	-1.5341295	6.0960455	46.5422	-19.025663	29.783258	28.520758	41.35205	127.73701119422913
7	1.2	0.2	443.53708	115.860756	802.03357	244.32307	416.15878	38.67071	473.74323	358.35327	92.40741	84.5	35000	194.7278	108.72204	365.8328	-74.7819	194.72989	108.72653	366.00613	-70.18297	198.34909	108.148285	361.60352	-68.50204	-1.9314996	5.5995774	79.58457	-17.717106	23.068571	21.68935	32.631546	150.31860041618347
8	1.2	0.2	441.38702	111.02793	872.9681	278.78558	407.03073	99.75244	597.60693	296.55878	88.28571	80.5	40000	186.43253	103.09719	350.36176	-59.397423	186.43439	103.09938	348.41855	-51.22813	189.71214	102.71969	343.90933	-54.901386	-2.1342764	5.145198	33.424347	-17.261162	19.027613	18.179178	27.707174	172.74420022964478
9	1.2	0.2	499.99744	116.3231	948.90424	346.01587	484.62006	97.50661	646.8743	362.61267	100.4	100.4	45000	183.33482	98.589905	339.4286	-39.139664	183.33612	98.5923	338.34952	-33.31485	186.07649	98.18482	339.3964	-41.029305	-2.9906461	4.904178	34.02001	-18.294296	15.661406	14.882692	22.31668	195.52431416511536
10	1.2	0.2	496.59952	93.111916	816.5492	306.48935	501.73633	53.39046	574.91064	404.85916	98.94118	100.8	50000	182.72655	95.151146	332.8137	-37.555687	182.7284	95.15326	331.45316	-28.235664	185.22273	94.6788	329.27774	-63.421665	-3.295062	4.918582	38.22286	-17.696981	13.822943	13.1820965	19.76186	218.49602103233337
11	1.2	0.2	467.303	87.27984	705.5409	300.07245	546.5676	50.48991	619.2282	427.42126	91.796295	104.9	55000	185.41054	94.644165	332.71844	-59.09752	185.41202	94.64853	332.5895	-36.57046	187.7302	94.212425	329.42783	-45.63728	-3.6140075	4.779359	33.671444	-17.85697	12.892847	12.251746	18.368118	241.4747109413147
12	1.2	0.2	491.33826	99.53227	790.48236	325.8978	563.88196	63.11638	661.2331	433.70215	95.49056	106.5	60000	187.01054	95.23684	334.38736	-22.944263	187.01103	95.24017	333.37595	-33.950695	189.17496	94.82542	331.62128	-33.966213	-3.8193042	4.68643	31.03945	-17.334951	12.657871	12.240707	17.641567	264.8293514251709
13	1.2	0.2	489.40524	140.05302	927.6902	259.79596	420.27847	41.81908	486.59622	356.75677	95.94231	78.3	65000	189.16077	95.69499	336.91766	-19.982489	189.16144	95.69965	335.64276	-24.623177	191.19414	95.30441	333.50827	-21.843204	-3.9566922	4.6681094	37.790066	-16.878954	13.085361	12.516347	17.645247	287.75762581825256
14	1.2	0.2	502.29538	119.730545	953.02795	270.7574	622.356	53.557583	687.706	507.5818	98.13725	116.8	70000	190.78757	95.93563	335.96237	-36.88472	190.78873	95.939	337.10028	-30.814112	192.72159	95.5263	334.59848	-35.405285	-4.275654	4.5529895	32.2633	-17.118746	12.624937	12.163154	16.819777	310.9764451980591
15	1.2	0.2	536.7033	126.28286	1124.2067	305.0489	654.4077	130.22675	880.85046	490.53903	106.34042	128.9	75000	191.92476	95.84477	337.5256	-30.167667	191.92592	95.84853	339.23898	-56.842834	193.7437	95.43063	335.64316	-26.33763	-4.351255	4.383984	30.666662	-16.920574	12.403856	11.753608	16.370943	334.4925138950348
16	1.2	0.2	536.9655	125.21818	1070.4697	316.23227	692.6545	107.32649	903.02515	518.49316	107.77778	145.1	80000	193.90738	96.07214	340.2374	-22.824373	193.90817	96.075966	338.28818	-23.205006	195.65141	95.69358	337.64572	-34.873962	-4.30483	4.395115	33.95933	-17.557446	12.163053	11.601871	15.817795	357.5160536766052
17	1.2	0.2	599.53705	142.24701	1177.0349	410.81226	595.2558	84.98913	828.744	523.744	118.06977	110.2	85000	195.99457	96.98126	342.10422	-33.155094	195.99522	96.98624	342.65887	-22.759459	197.69946	96.631966	346.5219	-38.693684	-4.1629434	4.357769	31.718405	-17.76475	12.336389	11.781804	15.830393	381.23647236824036
18	1.2	0.2	560.7135	96.79365	784.8041	366.77856	717.7946	85.748886	850.0547	605.7785	110.04348	137.5	90000	197.653	97.4391	343.4579	-26.220644	197.65381	97.442955	342.48788	-39.19763	199.27673	97.042	342.04846	-25.076502	-4.4091105	4.204201	29.973604	-17.431736	12.162423	11.538407	15.335718	405.57448625564575
19	1.2	0.2	541.408	111.60306	952.00055	375.2999	549.6444	70.50445	686.90186	464.77826	105.23404	109.5	95000	200.35492	97.65572	347.61826	-29.495953	200.356	97.65925	346.16156	-50.54105	201.9679	97.27919	344.13138	-27.806435	-4.3365326	4.295553	32.12324	-17.113441	11.948777	11.313242	15.020241	429.20751571655273
20	1.2	0.2	560.3949	95.97224	808.6579	379.47006	652.368	126.430855	894.1717	510.8271	111.0	131.5	100000	202.15233	99.02993	349.8929	-33.43016	202.1532	99.03367	350.46088	-27.906473	203.70697	98.66107	350.06387	-24.981398	-4.463113	4.274933	34.50001	-16.743952	12.022919	11.397028	14.917928	453.5360038280487
21	1.2	0.2	582.3019	125.65029	992.6098	412.11148	508.8116	96.3757	698.912	379.5785	117.11628	105.6	105000	203.69905	99.6338	351.55304	-27.44857	203.7006	99.63765	350.6514	-24.584534	205.20499	99.291595	350.58755	-43.567863	-4.5912266	4.2700105	36.116383	-19.667162	11.985411	11.433153	14.4495945	479.6178252696991
22	1.2	0.2	562.4727	110.31778	941.7879	362.1012	600.6677	125.4537	769.7557	435.04288	111.844444	120.8	110000	204.90533	100.47122	354.84415	-25.818916	204.90633	100.475426	354.36426	-26.940134	206.35788	100.14942	352.47598	-27.086548	-4.491055	4.300795	36.937107	-17.192574	12.252184	11.64583	14.512425	505.5155580043793
23	1.2	0.2	582.97644	138.13939	1073.7626	326.762	639.9832	158.31502	928.6141	416.66406	115.558136	129.6	115000	205.70847	100.770836	355.30508	-24.529057	205.70877	100.77606	353.3257	-26.323402	207.10204	100.43999	353.98206	-53.835983	-4.552092	4.2826624	34.296772	-18.498243	12.537368	11.898185	14.564704	532.2076592445374
24	1.2	0.2	577.60004	170.57079	1333.7344	393.64755	597.3137	125.48432	775.8851	394.5076	115.48837	119.6	120000	206.57918	100.98514	355.55682	-37.974865	206.57959	100.99012	354.62915	-29.92292	207.9657	100.659096	354.80807	-23.395529	-4.623313	4.2480974	38.809566	-19.40788	12.344766	11.739976	14.261464	556.8610670566559
25	1.2	0.2	572.81305	139.14305	1160.2512	368.87338	685.0578	119.50589	986.9684	495.7944	115.318184	143.6	125000	207.93219	101.58657	358.2749	-30.904434	207.93237	101.59081	356.19894	-29.58323	209.26085	101.2765	356.47552	-32.902813	-4.6291323	4.2348533	34.527294	-17.429977	12.442707	11.923106	14.237103	581.4322502613068
26	1.2	0.2	587.1023	128.04904	938.6013	377.85483	457.52252	106.15079	742.52826	362.7128	119.45238	93.1	130000	208.11612	101.62742	357.5621	-50.964172	208.11678	101.63147	358.026	-43.46763	209.392	101.32248	356.59637	-28.105862	-4.6756907	4.2545424	34.528084	-17.182972	12.716299	12.166933	14.248997	605.4259941577911
27	1.2	0.2	552.2463	137.3261	995.9431	386.7631	640.1723	60.32472	736.69543	543.07465	111.25	124.3	135000	208.32523	101.35277	356.3724	-41.028687	208.32567	101.35655	358.52298	-47.854103	209.57309	101.04277	357.78812	-22.42309	-4.8234563	4.208783	79.3461	-17.114191	12.6046915	12.079501	14.077274	629.3651683330536
28	1.2	0.2	628.7046	116.65334	867.9215	417.59045	684.7752	94.39428	778.9929	473.598	124.36585	135.8	140000	209.25926	101.60047	358.61392	-29.421648	209.2598	101.605484	359.4156	-22.172905	210.48387	101.30097	357.7043	-20.063196	-4.8352113	4.2140737	40.056858	-16.875061	12.448657	11.918337	13.630887	654.0708417892456
29	1.2	0.2	614.1389	165.20447	1297.8514	383.7484	586.42194	53.904564	666.9311	503.4132	120.29269	109.1	145000	210.70134	102.19765	359.90607	-21.051477	210.70221	102.201454	360.96887	-31.346857	211.90527	101.90419	359.73828	-34.860172	-4.824912	4.241724	41.149696	-17.465517	12.302793	11.79362	13.378849	677.3825249671936
30	1.2	0.2	580.8784	113.55083	834.41406	397.89066	571.4064	96.95156	835.37054	470.63724	115.74419	106.1	150000	212.0302	102.71986	361.1128	-36.979637	212.03078	102.7232	361.25143	-31.8361	213.216	102.43977	363.0772	-20.95627	-4.767878	4.2644053	35.902473	-17.943808	12.283379	11.893967	13.104316	701.0298945903778
31	1.2	0.2	604.53503	141.61981	954.86743	364.55084	565.6703	81.01992	698.4574	472.66827	118.51163	105.8	155000	213.23166	103.42387	362.5635	-27.595001	213.23158	103.427864	362.33038	-37.502167	214.43141	103.156105	362.8001	-30.899036	-4.6844196	4.261992	42.407417	-17.408304	12.512501	12.066393	13.365785	725.2577259540558
32	1.2	0.2	618.84985	135.9125	972.0895	377.94272	482.67886	110.23588	671.80475	348.70215	121.31707	93.6	160000	214.51991	104.35789	365.34317	-27.270933	214.52011	104.36151	366.96323	-48.69658	215.73082	104.1244	364.94745	-33.150536	-4.6062336	4.311183	37.07409	-18.35822	12.396994	11.984902	13.3573265	750.6780204772949
33	1.2	0.2	690.0487	198.10213	1258.3815	406.88995	697.51025	123.126976	1008.5913	578.15045	135.83784	134.7	165000	216.30125	104.94099	367.87592	-47.76672	216.30214	104.944305	368.16705	-61.339417	217.49393	104.7015	367.43997	-37.312435	-4.6701913	4.256589	42.647156	-17.487356	12.41383	12.091551	13.123695	778.1486525535583
34	1.2	0.2	635.5877	157.0566	1001.1084	373.7202	635.088	64.42418	743.8907	550.3608	126.38461	125.8	170000	217.57065	105.12949	368.51096	-23.025166	217.57057	105.13257	369.00137	-24.0246	218.7655	104.87962	368.30817	-27.284729	-4.7188196	4.266484	39.62694	-16.760689	12.42161	11.973572	13.073619	804.68008685112
35	1.2	0.2	660.2099	225.82791	1738.8303	360.71912	625.14923	78.65475	764.7085	529.3228	129.33333	118.8	175000	218.72574	105.84111	371.6772	-41.47962	218.72571	105.84515	371.7298	-30.886614	219.89192	105.605194	370.06088	-35.568085	-4.813479	4.2605157	38.157776	-17.285595	12.305522	11.894046	12.880159	831.0003499984741
36	1.2	0.2	703.4143	198.07057	1233.5076	427.11606	615.55664	27.410393	652.3931	570.32776	138.13889	114.3	180000	219.8063	106.41945	371.904	-36.42309	219.80737	106.42342	371.36768	-36.915077	220.97055	106.18285	371.63388	-30.397507	-4.8013825	4.212777	42.116276	-17.569485	12.396217	11.973058	12.899724	857.4796829223633
37	1.2	0.2	682.1505	145.7451	1164.1064	463.05872	668.85284	102.07308	846.1365	444.2522	132.3158	132.0	185000	221.94984	107.157036	377.28107	-29.618267	221.94965	107.15963	375.86935	-38.09255	223.1371	106.91759	373.97943	-26.701303	-4.771778	4.1997924	40.125053	-17.00683	12.415685	12.034432	12.7331915	883.3126103878021
38	1.2	0.2	696.50256	189.22922	1211.1841	429.63022	887.1927	135.28528	1101.773	717.3443	137.63889	167.9	190000	224.5008	108.01188	381.93283	-35.211735	224.50131	108.01469	379.40143	-50.373363	225.69214	107.78985	377.9763	-54.164154	-4.5051484	4.2786994	48.76302	-17.289774	12.661127	12.366598	12.860447	909.4415073394775
39	1.2	0.2	857.74786	283.59784	1890.6643	495.43066	680.6154	105.49159	853.0975	537.1965	168.1	128.9	195000	225.93758	109.05543	379.99075	-27.669777	225.9379	109.05866	380.65173	-39.140327	227.14911	108.85533	380.68973	-26.206814	-4.4477634	4.2927837	43.50778	-16.765425	12.86792	12.520138	12.977687	935.5486788749695
40	1.2	0.2	901.832	293.87863	1777.1868	418.56573	576.50037	74.45311	711.4127	421.66455	180.48148	116.0	200000	227.78146	109.93912	383.04675	-36.899345	227.78186	109.942696	382.82773	-27.710262	228.98471	109.73511	384.34958	-70.863235	-4.334643	4.3731837	44.934135	-16.963589	13.253706	12.890124	13.465078	960.9628908634186
41	1.2	0.2	808.2081	186.32605	1194.3777	421.45728	668.4993	175.93988	861.2019	414.16467	159.34375	134.5	205000	229.89958	111.118935	385.6989	-34.96926	229.89896	111.12139	386.73407	-37.883232	231.10526	110.94185	386.2455	-23.242205	-4.1898603	4.390649	41.488155	-17.545265	13.63426	13.338994	13.432453	987.2808699607849
42	1.2	0.2	945.3546	366.1375	1638.1101	374.59747	945.0835	108.511635	1094.1549	782.66736	190.53847	190.6	210000	232.24084	112.418175	389.00723	-42.242363	232.24146	112.421364	390.50665	-43.114964	233.44214	112.27276	390.0691	-28.848377	-3.9836454	4.505406	45.315018	-18.527523	14.112907	13.838654	13.955577	1013.773276090622
43	1.2	0.2	886.9363	359.0019	2323.3054	513.24835	866.30646	483.49554	1996.2738	502.13327	174.51724	176.6	215000	234.6764	114.189316	393.49207	-20.038282	234.6765	114.19242	394.94153	-30.428057	235.89981	114.031944	392.78354	-48.00249	-3.881574	4.516513	43.801567	-17.342981	14.6893215	14.416259	14.088421	1040.6247370243073
44	1.2	0.2	894.26025	252.10799	1535.2306	444.3808	2478.2803	1583.2323	5080.661	512.1981	178.60715	484.3	220000	236.16742	115.24897	397.117	-23.296846	236.1679	115.25212	399.06946	-25.922333	237.40016	115.10376	395.7768	-37.78388	-3.6376808	4.672308	37.330807	-16.715439	15.210936	14.946809	14.696086	1070.7526042461395
45	1.2	0.2	1126.873	392.9894	2147.717	649.68036	795.3931	282.02563	1244.4551	451.26657	223.28572	154.4	225000	238.38	115.74509	397.75568	-58.662636	238.37987	115.74836	398.47195	-54.867218	239.62971	115.59764	398.5048	-21.277945	-3.4089506	4.7407093	58.9082	-16.599731	15.459478	15.034992	14.73787	1096.0337023735046
46	1.2	0.2	1145.1006	692.29974	3167.7585	400.813	775.05896	181.25475	1069.4406	506.18945	229.73914	155.2	230000	241.4268	117.06566	403.51636	-19.957129	241.42682	117.07007	401.3239	-26.02518	242.71028	116.95139	401.94412	-28.428244	-3.3207	4.8178363	37.02803	-16.777155	15.680544	15.241401	14.892103	1123.701239824295
47	1.2	0.2	999.82056	395.52048	2059.0073	422.8029	870.7414	399.11465	1799.704	491.97406	198.41667	169.0	235000	244.33362	119.040436	406.3045	-29.246862	244.33409	119.04362	408.3766	-31.700367	245.59563	118.909004	406.11063	-26.083502	-3.2177286	4.893647	46.67279	-17.244787	16.471619	16.089357	15.461172	1149.3633434772491
48	1.2	0.2	948.4967	292.43243	1736.2837	547.966	1718.9504	1144.8683	5061.8545	1026.3882	186.82143	338.3	240000	246.42467	120.48906	409.68076	-21.375427	246.42484	120.4931	412.38254	-33.875694	247.70718	120.37009	412.75836	-34.98988	-3.1049185	4.926955	41.516212	-16.938913	17.118494	16.679459	15.924221	1178.5985734462738
49	1.2	0.2	1144.2546	569.3618	2712.9312	504.57635	1139.5706	380.2035	1993.7041	668.85254	226.27272	226.9	245000	248.5368	121.5987	412.42557	-53.869007	248.53618	121.603806	411.13388	-35.77845	249.80556	121.49342	412.2493	-45.515205	-2.9856093	5.0269117	43.953255	-17.985394	17.537468	17.130098	16.213217	1205.9009184837341
50	1.2	0.2	972.78375	293.38318	1695.9749	577.59314	660.13916	124.038155	839.6094	496.6313	195.15384	134.1	250000	250.6704	122.49708	414.89413	-57.34608	250.67088	122.50014	416.6872	-23.664923	251.91393	122.36457	415.37277	-27.493645	-3.065517	5.0243974	42.470726	-17.0755	17.859852	17.436338	16.489355	1232.8121988773346
51	1.2	0.2	948.22943	212.49446	1385.1567	572.72784	921.70984	218.59738	1314.1053	667.78674	188.61539	177.5	255000	251.99455	123.2199	418.65262	-30.809422	251.99435	123.2239	417.14142	-32.606857	253.24278	123.10268	417.977	-36.06843	-2.900449	5.1098104	46.200214	-16.572922	18.086916	17.65029	16.515171	1259.2590374946594
52	1.2	0.2	941.9825	509.85153	2280.7969	449.08267	797.7597	124.551	1020.41956	640.61847	188.7037	155.2	260000	253.68646	124.03457	422.03793	-26.016264	253.6868	124.03966	419.02023	-24.760666	254.9565	123.94731	419.95132	-46.680836	-2.7637527	5.17016	44.559658	-16.877018	18.408587	17.840881	16.678232	1286.3908305168152
53	1.2	0.2	997.4975	324.7128	1876.1766	499.21863	816.9324	287.98087	1447.636	504.61102	196.68	160.0	265000	255.02737	124.92621	422.94855	-23.442583	255.02736	124.92897	423.2074	-54.68243	256.2674	124.81327	421.04227	-24.069923	-2.8252945	5.1871595	48.62319	-17.843271	18.612158	18.14684	16.809738	1312.8545529842377
54	1.2	0.2	1093.4457	469.40732	2392.029	545.25653	1040.9333	418.83932	1971.3479	591.063	216.82608	200.5	270000	256.83875	125.14646	425.00775	-27.254839	256.83905	125.15142	425.9185	-35.483047	258.08676	125.06505	425.4062	-46.232254	-2.7337265	5.1724877	52.913704	-17.88664	18.95	18.424927	16.897703	1340.1474585533142
55	1.2	0.2	960.269	437.66245	2180.8708	505.0791	1004.3915	297.0321	1699.8479	492.62006	191.84616	197.4	275000	258.06512	126.41074	429.91055	-32.137096	258.0655	126.4156	426.6658	-35.374424	259.2974	126.30921	426.45016	-35.294773	-2.6689003	5.2885885	67.25585	-17.419828	19.15917	18.640118	16.972496	1367.5584938526154
56	1.2	0.2	982.2109	625.01465	3652.0112	349.01923	1197.0172	442.82217	2056.9885	560.85425	197.3077	236.5	280000	259.0456	126.885216	427.2979	-35.839836	259.0457	126.88886	428.6804	-24.499556	260.27182	126.79674	429.82297	-31.304136	-2.5568945	5.374795	68.95558	-17.286503	19.715414	19.245789	17.468275	1395.9311277866364
57	1.2	0.2	1036.5493	648.41766	3526.2412	430.9138	983.2755	332.42786	1599.7577	542.14966	206.86957	195.2	285000	260.42514	126.84518	429.476	-52.734287	260.42526	126.85069	428.77927	-40.95853	261.60117	126.75319	430.65298	-42.67714	-2.7270122	5.3400006	45.350674	-17.535654	20.002176	19.401531	17.461824	1422.8680272102356
58	1.2	0.2	1231.569	515.11176	2365.1143	555.356	1733.3691	867.1905	3798.4822	827.1471	241.94444	338.0	290000	260.7087	126.87111	432.01443	-55.829826	260.70792	126.875404	431.16504	-46.58834	261.8949	126.76737	429.72833	-26.054901	-2.614279	5.3432245	54.443813	-16.567245	19.962008	19.465322	17.52603	1450.1561627388
59	1.2	0.2	1596.1487	1145.0631	4716.8975	502.73752	1844.3416	997.23987	4004.897	686.9426	319.72223	374.3	295000	262.0986	127.09289	429.91867	-58.528	262.09906	127.09575	430.49823	-49.87169	263.29434	126.99969	431.94193	-50.94108	-2.589379	5.3540664	43.01245	-16.997416	20.171925	19.791302	17.456305	1482.8304235935211
60	1.2	0.2	1807.3636	1141.3999	4983.414	716.3069	2649.4268	1636.4766	5044.4346	910.1787	360.83334	530.5	300000	264.75842	127.47988	430.03854	-35.11955	264.75888	127.4843	432.18933	-51.053963	265.94116	127.36946	430.92813	-46.02283	-2.6168327	5.3334475	55.68765	-18.161158	20.135393	19.528162	17.321812	1511.8131358623505
61	1.2	0.2	2204.3599	1259.5321	4924.412	707.6251	1417.9856	512.2328	2340.704	853.46484	440.69232	281.2	305000	267.7144	128.41626	435.59097	-27.968004	267.71414	128.42194	436.4794	-44.89339	268.9171	128.30344	432.81396	-30.618727	-2.585252	5.3777256	54.839355	-17.273949	20.037151	19.523092	17.50177	1543.1668877601624
62	1.2	0.2	2193.8037	1499.6683	4979.2275	573.69025	825.16223	131.59961	1032.5916	609.96313	443.36365	157.0	310000	271.2978	130.15028	438.6451	-28.83432	271.29755	130.15378	437.0363	-33.42838	272.54236	130.0379	436.57974	-31.46043	-2.5207832	5.392717	63.31594	-17.030943	20.107475	19.651098	17.560423	1570.171532869339
63	1.2	0.2	2470.763	1715.3936	4969.6465	776.8625	2018.9088	863.4364	3468.403	967.60876	492.33334	393.7	315000	273.48166	131.18352	440.86072	-28.91553	273.48236	131.18964	441.73618	-30.354416	274.7098	131.05795	439.34143	-29.421528	-2.4109962	5.4440813	77.15314	-16.61492	21.029268	20.411755	18.10692	1598.5897743701935
64	1.2	0.2	2040.3722	1201.3806	4942.0557	634.7688	1183.0845	416.78064	1984.3496	785.8032	412.35715	226.1	320000	277.1696	132.67538	445.7514	-25.539038	277.16852	132.68001	444.76242	-50.526157	278.4132	132.54497	444.66425	-33.12682	-2.29147	5.506367	65.479904	-18.029669	21.433449	20.944597	18.279396	1631.9253480434418
65	1.2	0.2	1381.1238	592.7488	2629.5952	503.90576	1138.7664	378.01855	2187.5706	777.0884	277.05554	229.2	325000	280.53857	134.56024	456.0499	-104.21361	280.53827	134.56583	446.5284	-56.301617	281.80197	134.45374	447.4632	-37.49206	-2.076437	5.602636	61.817383	-18.773724	22.449535	21.857803	19.331556	1662.806964635849
66	1.2	0.2	2003.2621	1284.6134	5039.6753	674.6027	1464.7168	930.89795	3224.6619	617.7791	399.08334	282.6	330000	283.13583	135.93843	450.82712	-34.09598	283.13538	135.9447	452.0277	-29.611015	284.3829	135.79288	449.85687	-64.048164	-2.0411847	5.6669445	58.486374	-16.516403	23.015078	22.33942	19.203112	1691.916808128357
67	1.2	0.2	1730.3284	883.77997	3148.3188	426.66998	1099.4176	399.22086	1829.781	672.9922	345.35715	227.4	335000	285.74152	136.54271	451.39987	-47.085133	285.7412	136.54797	455.17496	-39.350513	286.9833	136.42213	453.22684	-54.397644	-1.9892417	5.7344975	57.355995	-18.502798	23.078608	22.567099	19.471483	1719.8611941337585
68	1.2	0.2	2395.5994	1717.1993	4962.5615	516.28406	2047.1416	1657.3468	5009.847	707.3382	483.72726	408.0	340000	287.64597	137.65958	456.26813	-45.744175	287.64563	137.66562	455.09933	-57.139378	288.8814	137.52255	454.61523	-66.93974	-1.9083176	5.715564	60.81295	-16.785664	23.986624	23.210249	19.985054	1751.4367909431458
69	1.2	0.2	2859.8428	1132.7163	4041.4382	1133.0271	1485.2842	648.5605	2900.5513	687.13605	575.0	292.6	345000	289.8897	138.60153	459.17972	-31.58795	289.88922	138.60687	459.07733	-45.15788	291.18365	138.4708	455.57883	-24.866404	-1.7339119	5.7358656	91.31246	-17.099049	23.697018	23.303621	20.06327	1779.2520868778229
70	1.2	0.2	2074.6072	1058.8568	5003.915	617.05707	1424.9661	415.6123	2121.937	661.4907	413.69232	277.7	350000	294.0727	140.13412	460.7478	-21.715591	294.07285	140.1394	462.57025	-41.46196	295.40976	139.99829	461.36548	-31.206196	-1.5685096	5.8296494	83.974815	-17.80293	24.052307	23.54747	19.955557	1809.5640070438385
71	1.2	0.2	2357.3564	1277.3948	5032.2627	1048.7117	1095.1229	386.83722	1941.3461	658.016	473.1	216.1	355000	297.4346	142.02596	465.07724	-29.919867	297.43326	142.03084	467.137	-35.04483	298.7316	141.88826	463.346	-45.556015	-1.7607378	5.8746943	90.113434	-16.462093	25.034155	24.535622	21.043697	1837.0227072238922
72	1.2	0.2	2703.3008	1209.7234	4840.8013	858.9811	961.8005	456.14453	2225.427	507.05905	549.2222	189.7	360000	299.56775	142.81647	466.31598	-19.350872	299.5679	142.82182	468.32404	-36.929653	300.86884	142.66203	467.4084	-26.699116	-1.5873803	5.9680886	65.50859	-17.379328	25.615395	24.901371	20.91884	1865.2820920944214
73	1.2	0.2	2843.2656	1401.0448	4996.8013	717.83496	899.3458	306.4475	1641.8435	565.53906	571.1111	179.7	365000	302.97913	143.79454	468.7647	-39.87058	302.97845	143.80005	469.7289	-20.865103	304.30185	143.64742	468.42322	-26.903297	-1.6091008	5.967416	96.68569	-16.782534	25.725212	25.151152	21.122976	1893.9956254959106
74	1.2	0.2	2723.871	1257.2262	5025.26	595.60223	1402.9801	726.73236	3262.1123	747.4002	544.1111	279.0	370000	305.20978	144.7619	469.46448	-34.472855	305.20935	144.76752	469.74326	-43.50648	306.51813	144.5955	469.4502	-31.603287	-1.5142262	6.0388966	59.158516	-16.780136	25.685993	24.973469	21.245361	1923.1298112869263
75	1.2	0.2	2813.3132	1503.9371	5042.093	873.8144	750.88605	206.37862	1228.1787	523.93945	562.8889	145.5	375000	307.8394	145.6108	472.2319	-26.56324	307.83878	145.61662	472.4361	-67.41159	309.12177	145.42458	473.61823	-28.056345	-1.5161232	6.006217	59.746582	-17.687862	26.201675	25.592663	21.64394	1951.4880907535553
76	1.2	0.2	2498.7515	1493.2466	4970.06	645.2052	1115.2625	363.3554	1722.1002	588.1649	502.2	220.1	380000	310.00256	146.42593	479.46426	-22.503845	310.00262	146.4313	474.79785	-35.14518	311.28918	146.25305	473.73962	-48.113724	-1.4620838	6.0454373	65.46434	-18.633957	26.942886	26.406431	21.840227	1980.9126555919647
77	1.2	0.2	2295.7603	1242.784	4299.8413	883.224	1360.0889	415.3835	2109.1763	999.8351	454.7	271.9	385000	312.46124	147.36601	479.34235	-24.152077	312.46036	147.37045	481.6048	-33.12026	313.7902	147.1941	476.97647	-32.030697	-1.3911717	6.075094	67.01408	-18.248014	26.706545	26.202309	21.914587	2009.1696891784668
78	1.2	0.2	2957.7393	1292.7192	5059.503	1403.8118	1015.49884	232.15302	1478.3579	662.6056	585.1111	204.0	390000	315.11063	148.61006	487.3142	-41.636986	315.11	148.61565	483.73868	-31.236298	316.44272	148.44565	480.4137	-33.984264	-1.3497758	5.983312	88.23009	-16.62187	27.33636	26.706425	22.158716	2038.915898323059
79	1.2	0.2	2703.5542	1249.2847	5029.3105	1197.3986	972.12714	264.30963	1563.42	671.92035	539.8	194.9	395000	318.4054	149.67633	485.30722	-21.264616	318.40512	149.68333	487.15256	-29.681614	319.76202	149.517	484.1939	-36.66539	-1.2163244	6.142079	83.434166	-19.222595	28.149292	27.411592	22.54981	2069.0404872894287
80	1.2	0.2	2198.844	1525.8965	5040.3965	675.5172	1802.7455	1023.76013	4406.196	886.4953	441.27274	346.3	400000	319.8104	150.00674	485.3445	-27.652994	319.80997	150.01138	486.47644	-25.852066	321.11597	149.82855	486.02597	-27.018585	-1.2910157	6.1134777	78.6011	-16.82544	28.339869	27.688421	22.461468	2098.8643321990967
81	1.2	0.2	2560.3943	1304.5707	5015.8843	1089.9896	1428.4755	360.74124	2156.3606	984.2436	506.7	280.6	405000	321.79935	150.80959	487.89227	-26.232672	321.79816	150.81583	490.98364	-38.40459	323.1359	150.65013	488.24362	-34.570763	-1.1806222	6.1052074	58.84176	-17.069237	28.443386	27.84076	22.759056	2128.6518108844757
82	1.2	0.2	1774.6448	1422.8663	4982.4077	579.79706	1398.0073	289.07608	1811.1293	893.7359	356.64285	268.8	410000	323.75577	151.4675	493.1628	-42.9594	323.754	151.47368	490.75043	-33.483154	325.1244	151.29694	488.72867	-58.424667	-1.1477715	6.1577196	66.95143	-17.58356	28.813608	28.340733	22.75956	2159.127459049225
83	1.2	0.2	2140.3596	1551.8655	5001.2544	657.7663	1579.9556	1054.2725	4669.867	919.70605	428.5	309.8	415000	325.6235	152.68536	493.42868	-46.336033	325.62317	152.69128	492.0175	-63.52357	326.95856	152.52473	491.10504	-59.30182	-1.0513209	6.1469555	89.05921	-17.605825	29.054508	28.398556	22.677593	2189.519301176071
84	1.2	0.2	3146.6775	1588.0709	5116.266	1185.6277	1983.7253	1109.8557	5105.733	817.57324	624.0	389.8	420000	327.4411	152.7878	493.148	-33.557796	327.44095	152.79282	495.01718	-35.04853	328.71323	152.58438	493.49454	-28.718243	-1.3195072	6.173796	58.99098	-17.61376	29.37193	28.718885	23.540253	2218.248252391815
85	1.2	0.2	2803.2996	1759.3013	5087.7905	785.58636	1646.2793	862.09595	3283.016	455.23175	555.5	322.0	425000	328.26733	152.51572	500.57043	-52.588623	328.26633	152.52145	495.10956	-43.772694	329.55972	152.32089	491.9535	-76.58522	-1.2607107	6.1882744	91.55717	-16.865547	29.467484	28.829967	23.14565	2250.5097076892853
86	1.2	0.2	2959.199	1482.6527	5060.951	869.3715	1860.6885	356.11557	2780.2415	1357.4513	587.0	359.4	430000	328.57602	152.62486	495.84665	-27.342876	328.5746	152.63202	492.3924	-50.567013	329.85153	152.44275	494.1521	-18.747223	-1.2565404	6.182504	91.86735	-16.161121	29.787928	29.046986	23.319181	2278.3203752040863
87	1.2	0.2	2914.2349	1489.1083	5099.521	1056.5422	1052.641	638.8353	2901.7573	723.7636	578.3	204.5	435000	330.78262	152.70273	499.14963	-48.57306	330.78268	152.70805	497.0078	-37.8642	332.07074	152.51451	495.31842	-33.099316	-1.3496574	6.2294374	91.6467	-17.262299	29.180496	28.379425	22.53632	2310.1552319526672
88	1.2	0.2	2390.9265	1389.144	5029.641	1104.6069	1521.0671	1131.7139	4698.525	747.8226	475.55554	302.7	440000	332.47086	152.61978	495.60495	-36.92182	332.46964	152.62564	495.2876	-54.739468	333.76035	152.40678	495.2009	-34.815643	-1.3152646	6.1600685	76.16336	-16.919834	28.623707	27.884003	22.102177	2337.8811151981354
89	1.2	0.2	2734.5508	1443.3663	5127.1533	547.3382	3573.6438	1332.0055	5273.1377	1646.8555	538.8	685.5	445000	334.63632	152.47809	500.0149	-39.28374	334.63663	152.48303	496.26852	-31.616165	335.92416	152.26445	496.62762	-37.361774	-1.2479817	6.1577935	81.41538	-17.988953	28.280336	27.761147	22.081266	2373.776549100876
90	1.2	0.2	3346.0776	298.2478	4005.6777	3062.8674	1089.3231	355.18692	1918.0721	626.78094	659.5	211.5	450000	335.976	152.97966	497.54678	-40.189697	335.9751	152.9848	497.36328	-36.134693	337.23508	152.75159	497.4881	-59.689674	-1.2897788	6.1340604	63.02656	-17.530657	28.573437	27.879383	22.143925	2404.0169472694397
91	1.2	0.2	2822.6633	1704.8798	5038.3374	530.42725	2001.9832	1075.1018	4448.4175	719.52203	562.2222	388.9	455000	336.8848	153.666	498.18008	-36.324993	336.88477	153.67165	497.568	-30.243183	338.15497	153.47227	497.86395	-41.136948	-1.1312983	6.2550383	91.83866	-16.886423	28.699175	27.976513	22.111761	2435.5848999023438
92	1.2	0.2	4275.7456	1233.7452	5162.889	1819.5829	1254.4333	460.45676	2028.0925	760.5578	842.0	249.6	460000	339.5202	154.24077	498.92014	-66.43166	339.52017	154.24521	500.56046	-41.258514	340.80768	154.01743	500.40775	-38.785892	-1.2121942	6.3380632	90.61139	-17.086803	28.649414	27.807613	21.853025	2465.733336687088
93	1.2	0.2	2230.704	1194.5925	5007.7554	788.0291	1549.7725	1039.3184	4192.243	694.3174	445.0909	297.4	465000	340.73367	154.1787	502.30215	-26.030527	340.73355	154.18533	501.372	-30.579334	341.9958	153.93979	499.8925	-34.41124	-1.2666968	6.2856927	93.45093	-16.704737	29.095058	28.285564	22.357159	2496.208418369293
94	1.2	0.2	2878.3716	1314.0925	5190.0923	1328.7152	3706.9648	1895.1067	5223.0845	639.7037	566.8889	711.1	470000	342.76358	154.26207	503.92007	-32.411594	342.76318	154.26497	501.42493	-35.69635	343.98557	154.0229	501.0191	-41.407322	-1.312611	6.258728	62.800648	-17.715475	28.71219	28.113111	22.184025	2531.543187379837
95	1.2	0.2	3170.9375	1778.102	5056.646	532.8089	2106.9316	1053.5239	5090.7803	1110.8241	624.1429	413.1	475000	344.99435	154.29803	507.28073	-53.47764	344.99387	154.30229	501.1966	-57.69793	346.24832	154.03242	503.76727	-65.83326	-1.4266168	6.2860823	66.11665	-18.222157	28.297121	27.916136	21.76477	2560.666101694107
96	1.2	0.2	3574.3594	1524.912	5049.4263	796.3963	1079.4528	613.9349	2157.2397	494.63925	708.625	214.6	480000	347.295	154.61325	510.26978	-56.14737	347.29483	154.6182	505.33322	-41.739025	348.55597	154.36072	503.7003	-41.262703	-1.133265	6.2865767	70.88939	-17.827127	28.539965	27.85382	21.89989	2592.696246623993
97	1.2	0.2	2150.8745	1269.3323	5074.1353	797.1368	1474.7328	384.50388	2036.9949	836.47565	422.7	287.8	485000	349.00333	155.51442	505.91815	-30.646944	349.00278	155.51938	506.6907	-27.341497	350.31778	155.24585	505.49814	-56.711697	-1.0575824	6.3819695	124.17995	-17.624847	28.482344	27.989376	21.62861	2620.5873007774353
98	1.2	0.2	2105.5417	1466.1008	5087.458	723.98615	2501.3218	1174.0293	5190.1035	1273.2314	414.75	484.9	490000	351.49393	155.42256	508.15466	-46.966343	351.49387	155.4265	509.43185	-41.416718	352.74838	155.1329	509.2022	-41.797436	-1.1465622	6.3766375	70.26702	-16.89154	28.904577	28.262972	21.912613	2653.0237810611725
99	1.2	0.2	2934.2827	1475.8826	5098.9463	758.90424	3014.9624	2205.2908	5243.314	721.0168	577.8	577.8	495000	352.40292	155.99893	511.75223	-40.418594	352.4023	156.00417	508.487	-53.571507	353.63797	155.71794	509.18784	-63.515472	-1.2301487	6.4246817	82.47042	-17.52893	29.08891	28.56743	22.265705	2689.213156223297
100	1.2	0.2	2322.0361	1568.7067	5018.411	513.72815	1407.9666	660.7203	3048.198	697.0253	460.45456	274.0	500000	353.57434	155.87556	511.71014	-39.490433	353.57538	155.87915	512.5332	-47.885586	354.82852	155.59065	510.2115	-82.24256	-1.1629536	6.3915963	79.210526	-16.6402	29.611124	29.056744	22.307688	2719.7586810588837
101	1.2	0.2	2768.9077	1476.811	5072.479	775.54126	2541.2986	1959.8206	5144.874	505.07825	548.1111	498.6	505000	355.3503	155.75879	511.81616	-43.54209	355.35037	155.76337	510.68994	-98.96791	356.6079	155.4689	510.40005	-60.79337	-1.0465319	6.366274	67.47852	-17.382526	29.685612	28.90471	22.176281	2752.5453124046326
102	1.2	0.2	2041.7865	1664.627	5069.318	458.8887	1562.2771	1327.4359	5015.944	792.15625	402.41666	308.1	510000	356.00125	156.16046	525.3919	-69.25428	356.0005	156.1641	510.0165	-52.27464	357.25305	155.88033	511.7009	-60.36888	-1.1664509	6.452794	120.011086	-17.830534	29.568079	29.108047	22.315296	2782.434489250183
103	1.2	0.2	2757.8682	1393.2904	5063.791	1202.6256	4113.72	1268.3693	5164.5757	1711.6057	541.7778	805.7	515000	357.781	156.47765	511.81595	-38.972427	357.7807	156.48283	516.8983	-49.939228	359.0327	156.19014	512.63226	-54.14702	-1.2096472	6.420775	81.96767	-16.775549	29.822927	29.22132	22.476025	2818.317751646042
104	1.2	0.2	2306.2007	1112.9033	4488.474	603.5513	2815.154	1771.1456	5286.782	914.71814	455.9	535.2	520000	358.19406	156.85323	513.07654	-83.16977	358.19403	156.85776	511.65848	-56.92601	359.39343	156.57724	512.228	-39.60223	-1.1362875	6.415829	70.42413	-16.85156	30.290945	29.583046	22.695105	2849.9019186496735
105	1.2	0.2	4266.6187	1182.5938	5075.7925	1741.2499	2902.9702	836.1081	4649.5957	1749.4421	838.1667	565.7	525000	358.85712	156.93858	513.29285	-24.270365	358.857	156.94159	515.8221	-37.148827	360.08875	156.64833	514.0266	-76.06535	-1.182701	6.3988695	95.60534	-17.015715	30.20201	29.77662	22.932493	2884.4355523586273
106	1.2	0.2	4145.8203	1356.5789	5105.774	1603.5197	2832.8398	1726.5803	5191.8877	757.67975	817.0	549.4	530000	361.1783	156.95433	513.0989	-38.618	361.17813	156.96025	516.62756	-35.417896	362.41064	156.66109	516.0428	-27.071175	-1.2179883	6.443884	72.17133	-16.782978	30.27837	29.6648	22.656385	2920.8056259155273
107	1.2	0.2	4068.281	1464.6713	5117.448	1446.2666	3213.6838	1543.576	5314.8027	677.6103	800.1667	615.2	535000	362.3826	157.18127	518.6144	-29.337502	362.38278	157.18527	517.95795	-36.646427	363.57306	156.89992	515.87756	-50.673187	-1.2633543	6.39464	98.949974	-17.672886	30.348463	29.746862	22.656033	2954.5462861061096
108	1.2	0.2	3154.3472	1548.4678	5136.901	570.66223	2079.1313	1278.3893	5090.7603	798.14935	618.125	406.4	540000	364.01123	157.19319	514.9167	-37.268257	364.0102	157.19795	516.7815	-22.548374	365.20905	156.89114	515.94794	-39.591335	-1.1236414	6.451134	82.376205	-16.735434	30.499058	29.928053	22.649025	2987.5639646053314
109	1.2	0.2	2268.646	1359.0168	4802.5938	477.93332	2443.1553	1172.9246	4347.5825	804.11725	447.63635	480.9	545000	364.47974	156.8035	515.15454	-34.152187	364.48065	156.80653	521.0945	-42.123756	365.66833	156.50574	515.5558	-79.35932	-1.2599052	6.368089	66.36682	-16.770266	30.703297	30.269262	22.730568	3020.464131593704
110	1.2	0.2	3245.4636	1496.2747	5111.665	766.46423	2679.2983	1032.3013	4388.333	991.9862	641.625	516.0	550000	366.0912	156.88489	517.6683	-40.3102	366.0908	156.88951	517.93207	-76.5222	367.2703	156.58762	516.64215	-31.91795	-1.2306561	6.4683156	77.11065	-18.930313	30.445398	29.981071	22.715328	3054.058916568756
111	1.2	0.2	2996.294	1579.1512	5185.1963	660.12787	1453.2124	577.09265	2774.6887	696.4827	584.55554	283.2	555000	367.36288	157.17448	518.3852	-38.504997	367.36243	157.17836	519.7005	-41.267822	368.54797	156.8565	518.31836	-44.363983	-1.1363398	6.3781624	81.856674	-16.613462	30.499659	29.844591	22.65506	3085.683671236038
112	1.2	0.2	3538.2527	1414.6873	5063.07	1246.2964	1365.1287	637.95703	2878.9846	600.3969	700.5714	261.9	560000	367.4876	157.4693	521.27124	-40.351288	367.48813	157.47327	517.8697	-35.021027	368.62238	157.17336	521.13727	-54.564327	-1.2224697	6.374402	86.66498	-18.74613	31.06582	30.45986	23.226187	3116.5038747787476
113	1.2	0.2	2916.213	1423.8562	5007.208	1047.5375	2336.975	1089.1702	4933.7314	1228.9791	579.75	458.2	565000	368.43616	157.00333	519.4453	-43.8329	368.43555	157.00739	520.6153	-49.726013	369.55316	156.7243	518.2899	-52.597954	-1.0580391	6.341342	66.5696	-17.763931	31.001217	30.578367	23.082945	3147.9632143974304
114	1.2	0.2	3340.091	1329.2716	5028.992	1370.121	1687.1976	966.47375	4136.541	894.66516	656.875	332.9	570000	369.29758	156.95222	520.78754	-26.56721	369.29758	156.9565	519.4332	-42.626945	370.43906	156.66235	518.81604	-32.803818	-1.1315149	6.4146094	63.57498	-17.642237	31.270132	30.684652	22.767078	3180.4354157447815
115	1.2	0.2	3655.6328	1845.451	5167.0527	782.44806	3698.4595	1612.2147	5175.087	855.66	721.0	719.4	575000	370.395	157.3813	523.54553	-38.510323	370.3953	157.3862	520.0242	-38.53474	371.52594	157.0953	521.3386	-52.558853	-1.0691825	6.4837246	63.74127	-17.64174	31.38101	30.71423	22.798538	3216.3329265117645
116	1.2	0.2	3718.2407	1637.389	5102.674	723.2788	2481.5332	1362.9282	5146.8486	696.9953	740.8571	480.5	580000	371.3065	157.12021	521.5327	-63.953796	371.30658	157.1246	520.6123	-43.61204	372.4583	156.81906	521.0631	-54.597816	-1.1229594	6.567015	78.487915	-16.637568	31.55804	30.868643	23.093338	3250.220707654953
117	1.2	0.2	4210.081	1719.4427	5090.755	771.5493	4062.734	1507.6991	5261.691	1060.662	829.4	773.8	585000	373.17215	156.97275	521.10095	-23.719633	373.17096	156.97676	519.32446	-52.927387	374.34625	156.66615	521.73914	-59.291374	-1.2275038	6.636719	69.26844	-16.736982	30.571741	30.11147	22.565748	3283.153327703476
118	1.2	0.2	3971.2993	1350.6711	5173.6743	1741.3807	3232.8372	1136.8778	5092.6245	1263.9204	784.5714	630.4	590000	374.3005	157.03282	523.3081	-26.097635	374.3004	157.037	524.0026	-23.621786	375.4218	156.72453	522.63696	-38.31053	-1.324688	6.519287	76.72449	-17.694271	30.970787	30.360497	22.4542	3319.5530116558075
119	1.2	0.2	4854.575	352.26074	5143.1064	4160.216	1671.4236	556.93555	2746.4883	746.1628	967.8	325.0	595000	375.80377	156.71638	522.45807	-37.96485	375.80475	156.72046	526.674	-34.073048	376.93738	156.42026	522.4139	-26.491318	-1.3549731	6.5644336	75.32885	-16.678204	30.822342	30.338224	22.599045	3350.6500165462494
120	1.2	0.2	4532.2695	836.2265	5150.9595	2847.7058	2737.5942	1097.7584	5177.5127	1405.4142	896.6667	537.3	600000	377.54434	156.98885	525.581	-40.800625	377.54376	156.99097	524.60114	-65.50385	378.67383	156.67072	522.0991	-45.186764	-1.3172377	6.551456	80.49344	-17.974434	30.463799	30.011885	22.25706	3385.7694566249847
121	1.2	0.2	4649.282	806.0364	5082.6846	3037.5425	2830.1396	1766.8771	5175.1855	767.49725	921.8	552.6	605000	378.82275	157.01932	524.76166	-26.83708	378.82224	157.02443	523.9185	-26.592657	379.92303	156.68753	525.8601	-35.45154	-1.3152009	6.4801183	70.20951	-17.332247	31.151552	30.654322	22.69187	3418.6039543151855
122	1.2	0.2	4265.5703	1691.284	5069.202	484.4734	3305.3345	1592.952	5211.4126	1003.1543	848.5	642.2	610000	379.85056	157.18507	526.40814	-34.844406	379.85132	157.18787	524.6251	-30.394453	380.9561	156.8519	524.8806	-64.49032	-1.2502177	6.6324096	65.02792	-17.21584	30.75918	30.255451	22.912573	3454.0424354076385
123	1.2	0.2	4173.599	878.2028	5051.4946	2915.1675	2208.8352	950.3389	3792.6875	626.7318	828.5	429.6	615000	381.25565	157.58775	527.17346	-39.639748	381.25568	157.59143	527.47784	-38.74192	382.39627	157.2703	526.81146	-44.81485	-1.39205	6.5823593	74.46043	-16.766018	30.482246	30.072111	22.557219	3487.1003658771515
124	1.2	0.2	3566.379	1782.9913	5101.028	590.4242	3897.4185	1256.6715	5162.6743	1644.3762	703.2857	767.4	620000	382.81076	157.40533	526.1527	-37.423695	382.81082	157.40958	527.27875	-31.217068	383.90042	157.06761	527.9843	-54.89795	-1.354849	6.566858	107.40186	-16.754515	30.877954	30.151426	22.813198	3524.2666113376617
125	1.2	0.2	4710.582	474.46924	5060.3613	3799.5945	2357.018	1027.9143	3904.0686	946.01886	933.2	446.4	625000	383.59607	157.58073	525.84534	-37.691013	383.595	157.58522	534.45074	-30.063667	384.71103	157.24971	527.1225	-37.29686	-1.3996505	6.6172786	72.06973	-17.734522	30.796299	30.35699	22.778654	3556.0907430648804
126	1.2	0.2	5029.0957	160.39497	5144.8057	4679.711	1209.9873	483.60217	2335.7632	578.216	985.0	237.8	630000	385.96927	157.4725	528.0636	-32.88757	385.96887	157.47507	528.7351	-29.716724	387.0901	157.13786	528.97015	-38.591732	-1.4417435	6.604612	82.99733	-16.902256	29.904537	29.51019	22.309448	3590.4354009628296
127	1.2	0.2	4997.8447	160.84615	5136.698	4682.7104	2475.7244	1296.9744	5203.1875	872.71466	989.8	479.6	635000	387.60297	157.49835	528.03326	-48.977776	387.60178	157.50435	527.3047	-63.708534	388.7367	157.16539	533.7957	-33.75064	-1.3161436	6.5573153	78.066956	-16.760204	29.664259	29.218277	21.874336	3624.2234337329865
128	1.2	0.2	4640.2217	898.696	5127.389	2843.6956	2379.5396	1695.0398	5162.9478	885.91034	913.0	466.7	640000	389.27155	157.70792	532.80725	-28.80117	389.27243	157.71019	531.00006	-40.640526	390.4043	157.34222	530.3474	-40.876575	-1.3356004	6.60585	62.402985	-18.574781	29.668764	29.176329	21.869453	3656.3710935115814
129	1.2	0.2	3907.9504	1751.5057	5124.4644	948.4835	3676.4578	1891.8339	5174.3623	551.6174	771.5714	714.0	645000	391.2839	157.74092	532.9912	-36.927605	391.28394	157.74463	532.02405	-35.726498	392.4347	157.38065	531.2962	-40.902695	-1.2971705	6.6345725	74.76722	-15.956624	29.405746	28.862041	21.98776	3693.872980594635
130	1.2	0.2	3920.5066	1672.6046	5086.9565	717.9045	4128.575	1220.4684	5229.0166	1607.036	778.6667	797.8	650000	392.0398	158.25247	537.17175	-52.94756	392.03873	158.25562	533.1503	-70.32765	393.141	157.89326	532.6529	-43.624054	-1.343722	6.684399	77.13389	-17.353292	30.322407	30.017889	22.736023	3730.0794534683228
131	1.2	0.2	2898.5547	1837.5415	5054.681	498.63074	5072.2793	202.69038	5162.398	4465.9287	574.125	986.9	655000	393.04718	158.2818	534.65186	-36.113483	393.0476	158.28447	532.62476	-35.273243	394.1605	157.92432	534.9609	-35.752033	-1.2528951	6.755262	74.357056	-16.75197	30.25151	29.674633	22.587767	3767.7807421684265
132	1.2	0.2	3950.0234	1761.5392	5137.3086	1027.9094	2619.5547	1451.2894	5120.0205	820.55133	781.7143	517.7	660000	394.5185	158.11722	535.56915	-29.084328	394.51898	158.12065	538.9056	-38.03992	395.61926	157.75066	535.05273	-37.144062	-1.058228	6.66158	85.66071	-17.752796	30.323507	29.806147	22.503574	3803.9847209453583
133	1.2	0.2	4246.947	1022.0592	5020.3223	2623.2322	2188.5193	1885.6981	5106.918	726.4209	857.3333	436.3	665000	395.76672	158.36226	554.9476	-40.192986	395.7661	158.36635	534.8416	-31.031353	396.90054	158.01393	535.6374	-43.401825	-1.1141704	6.724655	69.988686	-17.602165	30.088911	29.583399	22.091118	3838.2338058948517
134	1.2	0.2	4344.393	1159.4072	5148.45	1990.4294	2336.898	1755.3524	5067.0605	613.25354	854.8333	459.5	670000	396.92233	158.1059	532.3535	-38.41136	396.92337	158.1073	532.7493	-25.841787	398.01617	157.72966	534.46954	-37.549168	-1.330084	6.7516193	93.28197	-16.559813	30.500828	29.979008	22.589949	3872.3618292808533
135	1.2	0.2	3441.849	1860.9508	5073.3574	1117.414	2299.1655	1198.203	5156.262	1111.6066	682.8571	445.8	675000	396.87387	157.74756	534.172	-32.608086	396.87354	157.75157	537.4709	-29.414936	397.94205	157.38574	533.55347	-29.64504	-1.4606925	6.640021	71.96643	-16.41407	30.239729	29.67192	22.60027	3905.3907034397125
136	1.2	0.2	4276.2456	1577.8138	5048.908	751.97943	1479.1539	1129.3951	4703.5156	791.7051	852.6667	291.3	680000	397.5568	157.43161	533.1558	-33.972485	397.55682	157.43465	532.7884	-51.526855	398.66544	157.04933	533.6252	-41.474445	-1.1980989	6.712726	111.18119	-18.673311	30.102314	29.597477	22.64729	3938.119878053665
137	1.2	0.2	5023.47	32.771736	5066.3076	4988.038	5107.7666	4.7235208	5113.555	5097.624	1000.0	1000.0	685000	399.4468	157.23752	533.0285	-39.785454	399.44766	157.24055	535.7628	-63.86749	400.52045	156.85353	533.1748	-31.897518	-1.423039	6.7438717	86.29846	-16.496166	29.789415	29.14965	22.246185	3978.3652453422546
138	1.2	0.2	5044.219	36.721294	5116.736	5017.7407	4501.51	1398.5731	5236.8716	941.5496	1000.0	866.7	690000	400.50885	157.37589	533.1843	-51.046326	400.50912	157.37863	535.11597	-53.04646	401.5931	156.98317	534.3479	-82.34954	-1.575606	6.737674	105.19187	-17.880089	29.367256	28.847706	22.122065	4018.3425283432007
139	1.2	0.2	3717.342	1774.4215	5149.219	846.63947	1104.7295	1379.0227	5155.8677	400.22678	734.0	212.9	695000	401.60666	157.36388	539.52185	-38.518375	401.60608	157.36853	537.4447	-41.56028	402.69064	156.97578	536.396	-39.73418	-1.5394455	6.76198	72.84165	-17.742102	29.596931	29.071173	22.368866	4052.019026994705
140	1.2	0.2	4319.9136	1513.25	5116.214	1294.1173	4428.287	1434.7654	5138.596	823.4069	850.8	865.3	700000	403.02728	157.01256	536.88654	-55.613808	403.02713	157.01642	537.8717	-88.584595	404.1089	156.6248	537.0797	-60.39814	-1.728596	6.663756	78.36055	-17.392927	29.40192	28.9256	22.020124	4088.5488498210907
141	1.2	0.2	4610.0063	995.77155	5095.0884	2384.4065	2164.0278	1618.5762	5119.171	704.7823	912.1667	422.7	705000	403.41934	156.8685	538.7704	-37.733498	403.42007	156.87067	538.01904	-32.487774	404.4928	156.47571	535.224	-56.913303	-1.6355623	6.726799	74.71334	-16.939852	29.536726	28.939903	22.338284	4125.496541023254
142	1.2	0.2	4441.232	1077.4218	5076.708	2091.1177	3606.5298	1955.3799	5267.166	979.35284	880.8333	688.7	710000	403.59598	156.9135	534.74915	-44.112026	403.59543	156.91656	538.94147	-54.086594	404.61914	156.52243	535.0797	-54.153336	-1.7635045	6.6756725	82.1822	-18.468615	29.679955	29.259045	22.20937	4164.71030664444
143	1.2	0.2	5067.2695	43.843002	5128.435	5022.155	4777.7305	934.4917	5219.533	2225.0068	998.8	918.0	715000	404.8209	156.42467	534.9803	-58.055237	404.82153	156.42696	536.76587	-45.5338	405.87378	156.02283	534.7933	-60.63288	-1.6867054	6.6165833	99.81242	-17.44862	28.810366	28.305006	21.634596	4207.946704864502
144	1.2	0.2	4291.8174	1595.9835	5164.7324	1101.4619	3045.978	1339.9415	5121.9614	1251.2069	843.4	599.4	720000	405.5949	155.75008	536.2367	-37.05894	405.5947	155.75122	537.6304	-44.222786	406.674	155.35013	535.4877	-41.896957	-1.7169188	6.6071568	80.80752	-18.175991	28.175781	27.93774	21.358877	4245.745591640472
145	1.2	0.2	4958.46	251.21524	5112.5283	4458.103	4654.45	890.7788	5143.698	2235.859	978.8	906.7	725000	406.59622	155.86903	537.5255	-36.657166	406.5971	155.86888	549.2969	-31.888899	407.64133	155.46683	537.3702	-34.204838	-1.8992262	6.6300163	118.028755	-16.983223	28.320162	28.001692	21.434444	4287.224028110504
146	1.2	0.2	4576.779	1091.334	5128.942	2137.6472	3361.2207	1432.0343	5188.831	1395.5424	903.5	654.1	730000	408.3565	155.48383	537.8266	-38.434547	408.35672	155.48401	535.56165	-44.26549	409.4332	155.07976	537.25555	-53.650707	-1.781292	6.724996	87.292625	-16.905716	27.853601	27.613983	21.052856	4326.020683765411
147	1.2	0.2	4564.357	981.6708	5091.202	2601.4465	2161.919	1389.903	5148.127	850.1262	904.6	417.6	735000	408.51276	155.81311	537.2932	-31.8399	408.5125	155.817	537.3797	-52.171944	409.5514	155.419	536.92126	-38.01911	-1.7253369	6.687111	80.88247	-17.071537	28.059162	27.614084	21.459648	4358.966633081436
148	1.2	0.2	4788.864	521.0621	5079.536	3629.1575	4327.1943	1485.7043	5109.3745	965.86554	950.6667	846.7	740000	409.82336	155.86818	539.20435	-44.46096	409.82422	155.87013	541.7539	-22.627491	410.89407	155.45949	537.3613	-45.80213	-1.9789023	6.672428	93.40852	-16.774649	27.901125	27.298666	21.036562	4399.8424243927
149	1.2	0.2	3454.4067	1470.3835	5084.4854	1184.3768	2603.1406	702.90656	4213.0796	1537.6035	688.5714	498.3	745000	411.39096	155.71124	540.9138	-51.544273	411.3913	155.713	541.4885	-22.596031	412.42966	155.32544	539.0152	-36.551487	-2.0806026	6.6162496	78.92342	-16.58048	27.814516	27.2908	20.931618	4434.414422273636
150	1.2	0.2	4550.338	1043.8203	5087.101	2462.8574	1807.8342	629.8885	3096.2004	631.39276	896.8	351.6	750000	411.65945	155.8138	538.9754	-87.82598	411.65952	155.81688	542.6439	-70.94859	412.67856	155.4119	538.5094	-90.7166	-1.9520404	6.5573244	95.878624	-17.023188	27.942396	27.735735	21.032288	4466.596666097641
151	1.2	0.2	3685.2559	1440.9435	5119.366	1142.4993	5254.448	13.437145	5272.168	5230.739	721.375	1000.0	755000	413.16403	155.42432	540.65076	-73.62266	413.16342	155.42764	540.4754	-71.89585	414.21152	155.01292	538.36176	-96.51251	-1.8648248	6.5889893	77.07452	-18.082695	28.57267	28.014513	21.360815	4509.751601219177
152	1.2	0.2	4365.6533	1621.9664	5163.828	739.9444	4796.345	997.2326	5309.8613	2393.2163	860.3333	912.6	760000	414.21335	155.73491	541.51324	-59.584816	414.2147	155.73596	548.2085	-32.074875	415.29688	155.3261	542.2486	-70.93474	-1.6622096	6.6930137	111.512245	-16.775345	28.127386	27.786366	21.057528	4549.417669057846
153	1.2	0.2	4347.462	1163.6781	5127.081	2085.419	4063.22	1696.2435	5185.837	1216.8896	856.0	785.7	765000	415.65198	155.49487	538.8168	-30.49981	415.65192	155.49753	540.15155	-39.48142	416.72754	155.0832	542.82465	-56.881126	-1.7172171	6.6878333	83.27973	-16.636036	28.54553	28.004725	21.277025	4584.642418146133
154	1.2	0.2	4659.644	882.4432	5072.154	2686.6382	5285.314	12.2407055	5299.6396	5256.489	920.3333	1000.0	770000	416.3505	155.78632	544.8368	-89.38627	416.3509	155.78932	545.09924	-68.76709	417.3792	155.38048	542.16925	-128.34688	-1.7307203	6.6320987	96.59976	-17.903519	28.547161	28.06332	21.503355	4626.423826217651
155	1.2	0.2	3791.362	1856.0544	5093.2417	496.71722	4918.6978	1035.4714	5285.62	1813.1312	748.8333	934.2	775000	416.82352	155.84222	545.6066	-48.609	416.82364	155.84418	546.06866	-48.063194	417.87387	155.42622	544.25934	-55.921017	-1.8648304	6.603883	90.52845	-18.416136	28.326403	28.03067	21.381758	4663.8770406246185
156	1.2	0.2	4032.7751	1211.9459	5096.172	2320.8687	4897.2783	935.1934	5246.3706	2092.2676	795.2857	940.8	780000	418.32635	155.78676	542.6023	-36.286987	418.32657	155.78767	543.7664	-27.643764	419.3853	155.3974	542.37646	-77.4735	-1.9320779	6.68752	94.736984	-16.67122	28.114233	27.831585	20.902264	4705.085847854614
157	1.2	0.2	4181.6953	1280.7794	5146.665	2089.411	5277.3555	22.34098	5305.5005	5235.282	826.6667	1000.0	785000	419.52972	155.96613	545.6322	-55.816135	419.5301	155.96675	544.1024	-58.07679	420.56653	155.55135	543.38947	-45.525204	-2.0298798	6.657971	88.02586	-16.479517	28.077715	27.745155	21.364698	4744.774446725845
158	1.2	0.2	4392.629	1592.9905	5166.0796	832.1389	4441.122	1606.2318	5307.8247	825.5076	860.8333	839.5	790000	420.5542	155.55537	542.9044	-41.072018	420.55515	155.55612	542.751	-39.907497	421.62488	155.14612	543.2521	-64.31579	-1.7967491	6.611847	105.27427	-17.610556	27.87049	27.625303	20.81433	4783.6711757183075
159	1.2	0.2	5082.7705	64.9067	5177.155	5001.216	5201.2134	3.4983382	5206.9834	5195.1562	1000.0	1000.0	795000	420.93594	155.9096	542.63214	-35.835205	420.93625	155.90955	543.79	-69.39162	421.98093	155.51018	545.9246	-55.63677	-2.0063257	6.6621604	85.92684	-18.368786	27.667519	27.393503	20.610594	4823.3284821510315
160	1.2	0.2	5076.2007	22.661343	5109.9326	5048.1567	4383.3125	1706.0869	5248.985	734.8625	1000.0	841.7	800000	422.3601	155.47041	546.5163	-39.914005	422.3603	155.47198	548.2494	-57.37811	423.39697	155.05634	544.9746	-63.17579	-2.140829	6.6270943	81.32443	-17.796677	27.86409	27.450262	21.015219	4861.302435874939
161	1.2	0.2	5055.743	56.291763	5127.7734	4989.9463	4187.863	1495.419	5184.575	1429.2297	1000.0	814.2	805000	422.8091	155.03409	543.97504	-34.211296	422.81055	155.03622	548.37164	-37.931984	423.83353	154.60706	546.2488	-32.43609	-2.1840522	6.5906754	94.39479	-17.518524	27.554306	27.03243	20.641499	4899.518825054169
162	1.2	0.2	3957.0642	1589.7256	5179.08	1119.04	2863.6255	1518.4166	5169.4937	721.73334	784.5	550.4	810000	423.16995	154.8347	547.94196	-57.332745	423.16995	154.83638	544.37384	-60.211678	424.22354	154.42043	545.06287	-71.90339	-1.9426291	6.642714	78.117004	-17.752087	28.054659	27.69084	21.154179	4934.350037574768
163	1.2	0.2	3857.722	1586.989	5032.295	563.7465	5191.698	11.709201	5223.5747	5178.147	765.3333	1000.0	815000	423.96902	154.88313	549.6762	-33.045773	423.9693	154.88545	545.91223	-42.894638	425.02325	154.4652	546.0694	-46.726006	-1.9275426	6.609352	85.0159	-16.63189	28.03114	27.53493	20.713306	4973.052632331848
164	1.2	0.2	5061.8545	37.868164	5097.134	5008.4854	3924.0637	1496.4634	5213.0186	1779.2499	1000.0	766.0	820000	424.22845	155.08481	543.6118	-42.896404	424.22894	155.08504	547.87714	-59.867977	425.24973	154.67494	546.31934	-40.124275	-2.0573254	6.596395	102.05286	-19.74067	27.525919	27.23886	20.492643	5011.053498029709
165	1.2	0.2	5096.708	34.461407	5132.18	5035.2275	4800.501	1008.5442	5305.001	2349.1108	1000.0	906.2	825000	425.35367	154.4854	546.1797	-62.207226	425.3546	154.48734	545.8782	-68.06797	426.4018	154.07655	544.53894	-66.69889	-2.0815914	6.635954	126.51208	-17.074795	27.504368	27.149544	20.708332	5050.375935792923
166	1.2	0.2	5149.247	46.42077	5202.6724	5072.5195	4859.995	1241.7681	5288.6587	1134.863	1000.0	921.8	830000	427.1677	154.25319	548.7343	-54.055176	427.1678	154.25507	550.2074	-52.280388	428.2402	153.82574	546.2846	-34.78187	-2.0050266	6.639808	93.882706	-18.054173	27.288607	27.084822	20.648409	5089.974574804306
167	1.2	0.2	4223.1606	1282.4503	5160.6455	1855.8402	4340.227	1403.3815	5232.7134	1427.467	828.1667	835.1	835000	428.1778	154.14981	551.7141	-39.590282	428.17868	154.14902	548.5923	-34.366203	429.21457	153.7143	547.55664	-32.858444	-2.225054	6.6679025	88.296684	-19.298733	27.553797	27.271826	20.72462	5128.416960000992
168	1.2	0.2	4478.293	1386.7485	5183.6797	1378.8877	3703.317	1852.2216	5194.631	834.5442	877.0	717.5	840000	427.92947	154.26135	545.3557	-28.131077	427.93103	154.2616	547.0221	-27.733591	428.9564	153.8329	546.9175	-41.83349	-2.2252502	6.6718907	89.213425	-17.075628	27.479885	27.147127	20.605368	5166.770686388016
169	1.2	0.2	4602.4067	1051.1167	5139.279	2253.4116	5229.7275	8.296518	5247.102	5218.3794	909.5	1000.0	845000	428.46628	153.68564	547.7885	-28.467	428.46603	153.68887	546.2832	-49.917343	429.47412	153.25447	546.69037	-35.17039	-2.1159256	6.5945454	119.91783	-17.215504	27.63662	27.406593	20.664968	5208.911425828934
170	1.2	0.2	4356.6826	1415.1449	5110.949	1526.8783	2086.8623	660.4275	3456.083	1077.1656	860.8	406.1	850000	429.2156	153.32114	546.3535	-32.7625	429.2153	153.32106	548.4857	-36.282654	430.2411	152.88731	546.3296	-44.16331	-2.272542	6.6263814	85.921936	-17.340126	27.278938	26.926134	20.20649	5240.957185745239
171	1.2	0.2	5082.241	43.698444	5136.714	5034.6055	2116.3628	1127.4209	5151.8286	1192.709	1000.0	407.8	855000	430.0733	153.45358	548.3572	-37.220154	430.07394	153.4557	546.0556	-29.325523	431.09277	153.03073	546.5646	-49.043785	-2.1874025	6.6536646	96.73076	-16.95398	27.014431	26.551687	20.105051	5275.405249595642
172	1.2	0.2	4451.535	1348.6288	5085.62	1436.3783	5268.784	115.18557	5330.967	4926.34	881.3333	992.2	860000	431.52344	153.35825	550.3982	-33.179134	431.52405	153.35913	553.75653	-74.79968	432.57745	152.92488	547.4197	-42.144596	-2.1107483	6.7331696	104.91074	-17.141811	27.137234	26.890543	20.536097	5317.05582857132
173	1.2	0.2	3923.758	1403.2766	5172.3843	2151.5308	4942.6177	669.46423	5175.7114	2934.319	769.1429	959.6	865000	432.9788	153.82219	549.29407	-54.947155	432.97858	153.82382	549.3646	-44.384617	434.0242	153.40472	549.7321	-45.72844	-2.2911136	6.605841	101.54919	-16.685022	26.996151	26.791952	20.587477	5358.589638233185
174	1.2	0.2	4272.0176	1552.9626	5122.8647	835.28107	4007.7397	1832.4456	5216.7637	1065.0366	841.6667	777.4	870000	433.87738	153.98982	549.8391	-31.40884	433.87827	153.98912	550.5637	-62.33601	434.91742	153.58226	550.21375	-61.83798	-2.1223104	6.6492867	103.68638	-17.871056	27.619759	27.330128	20.605173	5397.057724237442
175	1.2	0.2	4305.6304	1572.5844	5204.401	1162.811	4296.4834	1401.1033	5279.5825	1391.117	847.2	817.2	875000	433.93964	154.03967	559.8201	-44.584156	433.93973	154.04259	551.0707	-43.324898	434.9464	153.62721	550.38275	-102.58298	-2.1096663	6.671261	93.25931	-19.042519	27.839254	27.494274	21.181593	5433.371261358261
176	1.2	0.2	4907.1147	430.90454	5173.002	3947.8682	4258.673	1377.0862	5208.228	1255.7225	963.1667	839.5	880000	434.33585	153.75813	550.7049	-43.592606	434.33643	153.7588	550.62805	-43.11205	435.33713	153.35077	551.33734	-66.14684	-2.1844594	6.587849	105.40724	-17.945349	27.551414	27.280758	20.592352	5475.313908338547
177	1.2	0.2	3755.4727	1916.5187	5136.35	873.16425	4798.464	1335.2571	5301.106	793.32904	738.5	915.2	885000	434.63333	154.1286	550.95245	-53.067722	434.63318	154.13103	549.28925	-64.12329	435.62335	153.7144	548.99927	-41.19036	-2.15655	6.573902	89.897606	-16.911222	28.222307	27.827562	20.89836	5513.058390855789
178	1.2	0.2	4717.479	781.16797	5190.613	3158.1965	4537.29	1379.6559	5262.4487	1185.6039	930.2	873.0	890000	435.92105	153.43599	549.41705	-70.33357	435.9221	153.43814	550.1267	-99.59468	436.9426	153.0076	550.19965	-86.095665	-2.2590659	6.605888	105.29371	-17.088276	27.942848	27.667927	20.69213	5551.504497528076
179	1.2	0.2	4272.0127	1578.4229	5174.899	534.49347	5232.6313	14.865917	5268.501	5207.004	840.5714	1000.0	895000	436.83466	152.95386	551.0821	-64.99974	436.83426	152.95743	551.30536	-39.80782	437.86087	152.52321	550.61053	-78.84906	-2.319013	6.6108017	105.542786	-17.516487	27.391117	26.845097	20.453388	5595.563259840012
180	1.2	0.2	4183.9014	1649.5151	5158.2563	903.9425	5019.3154	682.7013	5259.8633	2971.3677	813.8	956.4	900000	437.92838	153.17853	551.49005	-45.021236	437.92917	153.17772	551.37775	-55.13297	438.95416	152.74428	550.7721	-39.33734	-2.3649852	6.526284	74.818146	-17.163609	26.713245	26.375668	19.983942	5632.830100774765
181	1.2	0.2	4634.6777	1016.2535	5133.125	2364.712	4612.486	1303.7368	5282.3726	1308.8267	910.6667	884.1	905000	438.36472	152.86313	555.6766	-30.891758	438.3643	152.8643	549.959	-32.39817	439.37427	152.43698	552.92883	-75.87441	-2.2973418	6.6428204	76.0597	-16.915735	26.648869	26.533741	20.248547	5674.255644321442
182	1.2	0.2	4637.1987	1073.8993	5144.3677	2236.3313	3666.1746	1614.64	5266.6104	1145.9125	906.0	702.9	910000	438.6385	152.31976	563.13654	-50.501865	438.63943	152.32018	550.6027	-50.956352	439.61896	151.89467	552.33057	-65.845215	-2.3889236	6.5001416	104.80745	-16.977766	26.977673	26.753254	20.050783	5713.863352298737
183	1.2	0.2	5119.5195	50.84109	5183.193	5046.0366	4860.2246	1325.0359	5319.6123	885.221	1000.0	917.2	915000	439.38467	152.22719	550.1532	-29.747887	439.3854	152.22704	555.8042	-48.64576	440.40964	151.77942	551.37067	-43.948235	-2.3007977	6.636214	81.13638	-17.634079	26.629807	26.44868	20.368515	5754.025671243668
184	1.2	0.2	5106.743	47.691887	5175.401	5063.097	4818.134	843.11487	5268.9653	3020.0657	1000.0	918.5	920000	440.46613	151.70746	554.08795	-26.118855	440.46634	151.70757	558.164	-35.16237	441.46356	151.27916	552.8568	-61.10057	-2.3523266	6.640407	89.80448	-18.211176	26.440037	26.329216	20.258032	5794.115757226944
185	1.2	0.2	4754.3887	730.2322	5147.1724	3294.6414	3092.0051	1520.7063	5319.757	1349.016	928.6	581.8	925000	441.1256	152.02054	551.8015	-39.2397	441.12567	152.02016	551.2802	-30.4645	442.15958	151.56905	553.112	-47.673332	-2.230832	6.7220907	97.02887	-17.481525	26.408667	26.43308	19.739939	5829.5009779930115
186	1.2	0.2	5164.69	82.16815	5250.882	5024.526	3958.8257	1444.0775	5328.738	1444.3668	1000.0	744.0	930000	442.09738	151.97084	552.8779	-32.83969	442.09875	151.96957	552.5586	-40.36349	443.0785	151.54555	552.34515	-49.586243	-2.4806788	6.6479573	99.683266	-17.236425	25.925552	25.776625	19.601614	5868.024393081665
187	1.2	0.2	5110.2944	78.9112	5209.564	4981.7046	4832.281	951.5851	5210.8506	1987.756	1000.0	932.3	935000	443.12653	151.66968	554.6574	-64.38396	443.12607	151.67125	553.6669	-46.94532	444.10788	151.25009	553.13043	-72.966095	-2.361965	6.5449357	87.88116	-17.225285	26.653973	26.400888	19.834558	5908.404061555862
188	1.2	0.2	4915.0283	399.12155	5187.776	4125.3965	4848.5522	1108.1964	5239.51	1524.2183	960.0	931.7	940000	443.39584	151.9843	553.16644	-61.21498	443.3963	151.98662	555.0107	-59.737915	444.38342	151.57425	555.23584	-41.098404	-2.3131843	6.542369	78.61048	-17.730793	26.839407	26.531603	20.177706	5948.201718091965
189	1.2	0.2	4365.2285	1312.6833	5194.6465	1538.047	3572.5562	1586.1292	5314.704	1220.2621	851.8333	674.7	945000	444.22577	151.81612	556.00006	-32.3871	444.226	151.81763	558.29364	-38.04371	445.2283	151.40349	554.48224	-38.283348	-2.1876724	6.6238766	101.67359	-19.419014	26.951366	26.911858	20.372797	5986.585646867752
190	1.2	0.2	4093.3728	1531.1176	5185.574	1614.5363	5227.4893	41.46351	5302.489	5161.406	793.0	1000.0	950000	445.42697	151.64235	555.1229	-34.484917	445.42767	151.6425	559.30774	-39.91967	446.45166	151.22061	553.5453	-34.036415	-2.3226962	6.624813	81.18478	-18.494764	26.562141	26.466696	19.753649	6027.40033698082
191	1.2	0.2	4838.8506	534.1537	5241.3716	3667.3645	2052.5708	1671.9752	5076.6187	610.3034	948.5	399.1	955000	446.08557	151.10742	552.5923	-25.37325	446.0856	151.1073	559.5896	-27.556597	447.05792	150.6689	555.5866	-49.689774	-2.476325	6.648736	86.07182	-18.467422	26.604452	26.341578	20.158026	6065.156859874725
192	1.2	0.2	5063.87	51.249397	5140.9575	4995.695	1646.1414	428.4601	2132.7334	905.1703	1000.0	318.1	960000	445.4108	151.12067	555.2825	-33.587082	445.4119	151.12001	558.1374	-29.70115	446.37704	150.71997	552.61285	-37.814972	-2.4112363	6.561057	89.51451	-17.452198	27.137693	26.874554	20.27376	6099.570177793503
193	1.2	0.2	4794.0596	537.19904	5189.092	3728.207	5163.695	86.64887	5229.6313	4993.204	947.8	995.5	965000	445.72305	151.61296	553.27185	-60.393658	445.72418	151.6119	555.3336	-41.564117	446.71683	151.1739	553.8886	-48.981762	-2.594542	6.5851746	101.044205	-17.098455	26.801264	26.500364	20.11924	6140.074528217316
194	1.2	0.2	4942.0303	275.89224	5108.1226	4391.337	4935.2197	895.48083	5251.151	2248.8938	977.2	942.4	970000	446.49643	150.95566	552.9563	-43.03612	446.4963	150.9578	554.5008	-41.379208	447.49902	150.53238	555.08777	-30.935158	-2.3515778	6.53111	87.01716	-18.504623	26.836113	26.447733	19.956917	6180.513491153717
195	1.2	0.2	5111.5493	38.38715	5162.101	5051.3086	4243.3643	1678.0106	5306.814	847.40607	1000.0	801.4	975000	447.19113	151.06818	558.7998	-30.704334	447.19107	151.07106	553.6938	-52.95199	448.1721	150.64568	554.37256	-34.826046	-2.5866024	6.4876413	78.53586	-18.256401	25.83124	25.524881	19.404552	6219.872743844986
196	1.2	0.2	3456.4478	1876.7584	5154.034	663.9349	4012.9219	1606.7448	5249.723	1162.2377	683.5714	775.9	980000	447.421	150.902	554.1502	-52.386124	447.42157	150.90222	559.6169	-47.68134	448.41113	150.459	552.8278	-31.546429	-2.4146612	6.567934	77.03948	-16.984842	26.361874	26.12483	19.826462	6258.342107772827
197	1.2	0.2	4780.5117	738.2682	5154.2607	3130.4246	5224.3877	18.30028	5259.0728	5181.381	936.0	1000.0	985000	448.134	151.06247	552.6391	-43.283455	448.13367	151.06561	559.21924	-28.97329	449.1534	150.64745	555.71576	-33.616135	-2.4547074	6.611318	92.45405	-17.466087	25.929935	25.756124	19.609291	6302.462951183319
198	1.2	0.2	5087.161	64.623566	5165.4434	4971.7134	5195.653	12.517714	5221.6787	5181.325	1000.0	1000.0	990000	449.26938	150.65344	557.87286	-39.658054	449.2708	150.65291	557.2364	-40.44291	450.23688	150.22488	553.75586	-70.53231	-2.6125534	6.5989504	93.46402	-18.406477	26.14264	25.810572	19.286678	6344.069678544998
199	1.2	0.2	5070.9336	64.80348	5156.1494	5002.399	4392.167	1311.2593	5264.2915	1480.5376	1000.0	838.8	995000	449.47104	150.25282	564.1887	-26.278765	449.47128	150.254	574.0699	-39.59715	450.44064	149.81538	554.92035	-35.043316	-2.5878587	6.730151	93.990166	-17.625034	26.085829	25.82494	19.45548	6384.284724235535
