Epoch	EntIndex	EntCoeff	AverageEpRet	StdEpRet	MaxEpRet	MinEpRet	AverageTestEpRet	StdTestEpRet	MaxTestEpRet	MinTestEpRet	EpLen	TestEpLen	TotalEnvInteracts	AverageQ1Vals	StdQ1Vals	MaxQ1Vals	MinQ1Vals	AverageQ2Vals	StdQ2Vals	MaxQ2Vals	MinQ2Vals	AverageVVals	StdVVals	MaxVVals	MinVVals	AverageLogPi	StdLogPi	MaxLogPi	MinLogPi	LossQ1	LossQ2	LossV	Time
1	1.2	0.2	120.500435	36.33627	298.4037	78.29567	287.41818	8.42288	298.33096	270.94806	24.033653	52.1	5000	-0.77848774	51.079285	102.0713	-128.24864	-0.7793742	51.079105	102.846344	-125.880394	-3.5251777	57.627506	106.26337	-239.40439	27.01845	189.2757	17127.193	-18.009573	4.9608445	5.0501013	648.33954	20.83616614341736
2	1.2	0.2	120.95019	34.693863	279.08908	78.27207	311.45975	11.602259	327.5905	295.38882	24.08738	59.4	10000	145.21957	77.83596	349.9331	-68.62878	145.21924	77.83816	346.92252	-48.87817	156.68604	77.99382	359.85458	-56.72592	2.1057374	5.024507	30.964289	-17.599833	10.139435	10.325657	24.864222	41.05922865867615
3	1.2	0.2	272.76248	56.897648	466.5356	124.93635	210.0391	9.261659	226.08562	193.14412	51.587627	47.3	15000	287.89536	121.83357	443.93292	-141.93443	287.89395	121.853004	450.26627	-101.45815	301.69394	113.54415	450.58093	-148.18887	4.6482215	8.729737	47.822487	-16.414742	49.106327	48.574528	75.734665	64.69233918190002
4	1.2	0.2	375.009	80.43392	737.3574	239.30342	388.97614	23.964941	453.6686	365.85162	72.85294	76.3	20000	268.538	134.5225	439.25363	-155.80226	268.53467	134.55086	440.2245	-96.348206	276.7394	130.49847	439.50735	-108.90426	1.3199065	7.457552	77.30029	-17.044298	42.018627	39.860096	57.879276	88.28327941894531
5	1.2	0.2	428.76282	101.10372	783.9115	265.0648	452.01215	176.94336	895.98926	292.09167	87.155174	95.9	25000	228.83478	126.05518	418.0145	-99.63637	228.83505	126.06278	416.67944	-108.59079	234.45753	124.25993	412.9317	-103.66403	-0.42626047	6.557604	41.90093	-18.097023	29.378834	28.799648	44.204662	112.68242073059082
6	1.2	0.2	365.9456	101.96009	687.706	214.48611	409.4871	25.254078	440.80325	359.20047	77.246155	81.6	30000	202.62096	114.5008	387.18826	-107.366516	202.6202	114.50733	381.0709	-78.37	207.02411	113.77455	379.62814	-110.5849	-0.9308034	5.43923	46.72044	-17.105068	25.26441	24.501398	36.21362	136.374906539917
7	1.2	0.2	415.57913	90.72224	632.54614	252.22713	307.47235	43.44274	409.3466	268.66733	84.913795	66.0	35000	189.10681	105.49029	366.16476	-81.12702	189.10754	105.49055	365.60428	-58.90544	192.7982	105.03691	358.77786	-126.69449	-1.8269769	5.162502	262.1275	-16.157558	21.55842	20.960903	30.33878	159.7710886001587
8	1.2	0.2	448.33835	84.59553	679.02344	287.86728	429.9594	72.187454	562.36273	351.19666	89.78571	87.7	40000	182.30373	101.05544	342.58203	-30.754606	182.30478	101.053215	343.2159	-32.215015	185.4642	100.68788	340.77618	-45.4729	-2.7419279	4.9412417	117.83229	-17.762648	16.652334	16.499266	24.168108	183.96904969215393
9	1.2	0.2	460.01266	102.41494	808.0814	299.57245	398.65912	28.185669	428.46234	335.59576	93.86793	84.2	45000	181.6014	97.88399	337.93497	-31.880035	181.60179	97.88222	339.2069	-17.7539	184.48578	97.51188	333.42538	-32.751198	-3.0176344	4.892593	33.802387	-18.585358	14.078169	13.926652	20.78437	207.79313206672668
10	1.2	0.2	462.08676	102.35583	829.7462	272.09918	519.38605	134.36522	783.3496	387.58145	93.92453	111.5	50000	182.08672	96.63738	339.4673	-28.894289	182.0881	96.63606	342.1587	-29.057138	184.7231	96.30896	335.19083	-37.948128	-3.1780934	4.7691817	29.629683	-17.634184	13.083876	12.888797	19.105577	232.00353813171387
11	1.2	0.2	564.08984	140.6046	1059.9042	337.67523	603.805	119.59319	876.0768	443.95184	112.818184	117.5	55000	184.56802	95.765366	338.2315	-23.792852	184.56926	95.7636	335.28656	-30.364056	187.03229	95.378914	333.4699	-37.665043	-3.5371904	4.816217	38.977753	-17.994556	12.379475	12.271607	17.746815	256.185031414032
12	1.2	0.2	504.99042	101.02565	819.9534	317.84656	533.746	52.40098	624.43097	456.52902	98.03846	99.9	60000	187.91298	96.45404	337.35645	-22.990423	187.91408	96.45243	339.59314	-35.060856	190.2188	96.056885	335.56107	-55.750065	-3.9225748	4.76678	39.25029	-17.908373	11.853403	11.790457	16.96986	280.6190278530121
13	1.2	0.2	537.0556	118.14422	910.39374	338.65143	566.8859	77.565056	674.21826	450.7429	103.833336	110.8	65000	191.18085	97.74809	342.4316	-23.355106	191.181	97.74662	343.45282	-24.153305	193.38454	97.38962	339.71625	-26.390055	-3.949041	4.7027407	33.119473	-17.135788	11.52213	11.5517845	16.379555	305.0054581165314
14	1.2	0.2	528.4759	116.76191	937.1352	285.81955	510.41437	128.58286	753.9756	370.55817	102.8125	105.8	70000	194.21004	98.92221	346.3825	-40.72604	194.21045	98.92143	346.05365	-28.69877	196.31229	98.548134	345.43796	-33.26414	-3.99875	4.6778994	31.121946	-16.793798	11.641352	11.616452	16.273891	329.13736033439636
15	1.2	0.2	550.41986	100.134514	838.9371	396.63513	515.5663	76.36698	698.9985	438.40338	106.583336	104.0	75000	196.3896	99.150116	348.1012	-30.061417	196.3902	99.148964	350.20978	-30.652695	198.39958	98.7622	346.67078	-39.356606	-4.138987	4.656661	35.60488	-17.254015	11.545893	11.420031	15.886579	353.6499557495117
16	1.2	0.2	562.1178	156.93517	1306.5679	397.72083	484.81207	29.895012	522.96564	445.65222	109.8	89.4	80000	198.49783	99.69889	349.34406	-30.900164	198.49799	99.69976	350.1015	-31.400642	200.40485	99.30317	347.83252	-40.12951	-4.248774	4.549205	32.38606	-18.079367	11.586027	11.434137	15.566731	377.70988297462463
17	1.2	0.2	528.5409	122.97034	1001.9315	367.20334	601.0677	98.693794	806.439	424.37125	104.791664	117.1	85000	200.1361	100.13897	350.99295	-39.615486	200.13602	100.138695	351.42014	-29.042612	201.95241	99.729866	348.0986	-42.370213	-4.3622355	4.5220118	61.923397	-18.98826	11.268384	11.174266	15.033511	402.4381387233734
18	1.2	0.2	562.51776	125.98963	898.51685	350.47977	635.60144	165.39404	1095.3759	528.1987	113.681816	128.0	90000	202.25429	101.012024	353.74915	-43.698612	202.2547	101.01154	354.46445	-35.985966	203.99854	100.620636	354.29907	-61.578403	-4.2020564	4.5755386	42.66694	-17.452238	11.393402	11.388464	14.952023	427.1988260746002
19	1.2	0.2	563.51654	164.65366	1310.571	379.89716	539.1603	69.53268	647.3923	425.14813	112.818184	111.7	95000	203.21782	101.528465	355.2067	-40.291225	203.21829	101.528435	356.7674	-36.12715	204.87184	101.16964	354.8443	-34.76838	-4.2862697	4.5813804	34.281494	-16.893951	12.040838	11.990539	15.037503	451.5133912563324
20	1.2	0.2	570.65906	135.62294	927.4778	350.74814	672.60724	207.8775	1230.3074	472.30814	113.11364	130.6	100000	204.89462	101.740234	355.75345	-40.234573	204.89375	101.74099	355.62686	-24.314571	206.50972	101.34368	355.3898	-36.81195	-4.493386	4.5456023	42.46012	-17.354858	12.015024	11.83332	14.941112	476.2073132991791
21	1.2	0.2	596.3007	139.31444	1015.88116	392.06754	586.16565	90.49572	759.5329	464.867	116.95349	115.7	105000	206.7033	102.325874	356.96054	-34.865574	206.70367	102.32684	359.28992	-26.750744	208.2741	101.92391	356.37564	-51.038307	-4.696608	4.434015	36.083168	-17.56362	11.679472	11.48978	14.185117	500.9108040332794
22	1.2	0.2	580.9931	119.03143	1013.0351	420.79044	583.9314	72.131294	690.04297	481.65213	113.90909	114.0	110000	208.49623	102.89685	360.2321	-29.735249	208.49628	102.89804	360.59937	-24.581207	210.02853	102.5331	358.17297	-26.716103	-4.731541	4.458168	34.3469	-18.148357	11.764915	11.642924	14.158751	525.6156919002533
23	1.2	0.2	577.2032	115.07078	862.51764	373.39114	716.18536	119.80504	931.1968	542.27924	112.84091	140.0	115000	209.93317	103.773636	362.74796	-28.548903	209.93294	103.77477	364.7246	-33.811787	211.43948	103.421936	361.24258	-34.958538	-4.682133	4.483074	35.315582	-17.036564	11.623968	11.574472	13.900198	550.4359130859375
24	1.2	0.2	602.0017	129.67018	945.6791	395.2601	712.637	108.69609	987.35944	596.71515	117.790695	146.1	120000	211.37679	103.93253	363.40192	-25.481638	211.37642	103.93288	363.83176	-46.901443	212.85492	103.55994	362.64862	-44.849514	-4.702829	4.4417562	31.039906	-16.742548	11.442783	11.366525	13.620268	576.0064432621002
25	1.2	0.2	590.82166	113.982475	829.1018	413.4756	567.4006	92.27687	705.4833	435.39	114.72093	119.3	125000	212.7586	104.298164	366.23907	-23.660986	212.75848	104.29938	370.27216	-29.600534	214.19235	103.923065	365.70795	-35.00966	-4.656908	4.415854	44.655884	-20.153118	11.364346	11.255304	13.284659	600.5345742702484
26	1.2	0.2	588.7578	109.43036	886.0951	428.6832	578.04034	91.6061	733.8103	408.6482	114.83721	117.8	130000	213.61827	104.52912	366.79922	-33.694355	213.61816	104.52941	368.96326	-52.617435	214.99721	104.15539	365.50858	-36.08638	-4.791287	4.4295855	37.44649	-17.277147	11.090264	10.970089	12.837847	625.1540222167969
27	1.2	0.2	587.4885	118.50203	913.13727	393.59125	643.46826	130.4708	894.1213	497.80743	113.022224	124.3	135000	213.96494	104.165016	366.954	-45.91892	213.96533	104.16597	366.77866	-40.070667	215.33774	103.767456	363.66663	-39.00378	-4.9916587	4.4186225	33.230053	-17.421108	10.768749	10.647552	12.37147	650.4973242282867
28	1.2	0.2	588.73224	118.55112	997.25635	403.3795	755.48834	222.16098	1249.2634	451.9774	113.795456	149.8	140000	216.05492	104.04003	365.2536	-34.929363	216.0547	104.03992	366.2113	-36.567356	217.39305	103.651054	364.18573	-25.457691	-5.0468307	4.3468385	38.847374	-16.675	10.49864	10.48158	12.071452	675.731682062149
29	1.2	0.2	538.08057	117.35526	904.8752	360.64633	577.44604	58.16215	668.2717	438.71976	104.770836	107.6	145000	217.3673	104.64267	365.89545	-29.879663	217.36725	104.64357	367.74106	-76.489685	218.69046	104.25842	365.31876	-30.859274	-5.05612	4.3119855	44.757828	-17.128965	10.392332	10.3274555	11.832646	700.8149218559265
30	1.2	0.2	596.5662	120.049965	1105.5938	412.20728	576.18567	43.317993	655.5471	522.3187	114.325584	107.7	150000	218.60635	105.465454	368.98547	-29.413103	218.6066	105.465515	368.95694	-26.403276	219.89871	105.08551	368.2867	-34.108868	-5.0119553	4.3338094	35.179115	-17.043585	10.542798	10.441915	11.688449	725.4890501499176
31	1.2	0.2	553.9272	103.652054	905.2236	359.2305	545.871	38.09293	604.51776	484.65292	106.21277	101.7	155000	219.50519	105.88366	372.31586	-51.545296	219.50507	105.8832	370.41968	-80.48989	220.78577	105.51375	369.14777	-44.48896	-4.9863167	4.2959943	65.59256	-17.140602	10.484229	10.430867	11.6459055	750.2280631065369
32	1.2	0.2	631.11017	117.85817	930.8578	374.08252	603.0326	88.256516	689.4891	443.5546	123.70731	116.5	160000	220.34561	106.20299	372.00397	-29.566616	220.34595	106.20301	370.84183	-30.674366	221.63701	105.84916	369.8425	-31.377043	-5.028449	4.328706	35.70971	-19.382286	10.602684	10.621976	11.555278	775.4721877574921
33	1.2	0.2	633.11597	128.24152	909.46893	409.51987	792.21625	98.44704	940.2266	590.4315	123.55	155.7	165000	221.16824	106.301254	372.85162	-24.078548	221.16837	106.301476	371.78622	-32.4114	222.43594	105.93514	371.84576	-34.593056	-5.005959	4.2777777	40.50859	-17.5546	10.855649	10.86013	11.645205	800.8114507198334
34	1.2	0.2	627.30493	184.38387	1136.9884	376.1674	664.6666	125.13281	848.3392	460.7776	123.975	136.3	170000	222.03896	106.37533	372.46457	-32.459488	222.0385	106.37438	373.37778	-32.399193	223.27896	106.01571	371.36273	-27.689146	-4.9475484	4.2429194	54.092472	-17.834806	10.862475	10.888754	11.724304	825.8689646720886
35	1.2	0.2	653.83997	154.66565	1166.6674	461.1947	678.4376	86.21935	864.6846	572.82855	127.05	128.0	175000	222.68661	106.68495	372.7336	-39.084286	222.68661	106.684044	373.44403	-20.602692	223.8987	106.31521	374.17123	-31.818808	-5.065198	4.244649	30.028624	-17.818539	11.011167	11.049696	11.827523	851.3519563674927
36	1.2	0.2	721.215	165.76607	1069.4838	458.86346	752.2187	77.7568	885.29504	626.77484	140.0	143.8	180000	223.87534	106.98319	375.15884	-36.495018	223.87515	106.98267	376.43417	-40.730343	225.09468	106.64252	373.85446	-30.081831	-4.9325542	4.2423925	38.24241	-16.996023	10.971405	11.07802	11.588	876.8104290962219
37	1.2	0.2	669.3421	150.68619	1158.3987	405.0913	649.1261	119.844246	906.50635	506.95142	130.21053	131.2	185000	225.59448	107.8566	376.74792	-26.779736	225.59505	107.85601	375.26028	-52.84369	226.79288	107.5022	375.6019	-45.788445	-4.901234	4.2458434	33.260403	-16.458723	11.187127	11.2149515	11.601262	902.0898668766022
38	1.2	0.2	692.7635	153.81598	1095.5314	440.30255	777.31995	226.34662	1197.1284	492.35138	136.40541	148.3	190000	226.73158	108.12629	376.32974	-22.84267	226.7307	108.12579	375.72293	-30.627157	227.90218	107.76786	375.82376	-23.11065	-4.9034524	4.259743	38.2676	-18.310778	11.166309	11.243233	11.469031	927.7676615715027
39	1.2	0.2	754.0919	204.17715	1355.2386	414.47772	488.4278	127.87059	863.337	410.46896	151.45454	97.6	195000	228.00742	109.03481	378.50156	-24.935446	228.00732	109.03382	378.945	-24.325756	229.16629	108.688095	378.19537	-23.3476	-4.885062	4.220375	33.377922	-16.745064	11.525957	11.622441	11.729528	952.9249677658081
40	1.2	0.2	730.9181	168.00078	1149.2474	493.8181	559.3739	107.56041	798.8106	418.30588	145.82353	106.7	200000	229.15984	109.20657	379.97583	-24.621271	229.1604	109.20558	380.9335	-30.066235	230.30986	108.87548	381.41092	-42.845127	-4.911716	4.209413	31.190207	-17.886457	11.602148	11.669946	11.5646105	978.1005103588104
41	1.2	0.2	797.169	258.078	1479.7632	411.411	564.5553	47.982086	668.2317	484.94077	155.84375	109.6	205000	230.5191	109.60706	381.23734	-40.03926	230.5191	109.60471	381.8485	-56.37583	231.65364	109.259865	380.90448	-41.071014	-4.8306737	4.2211375	36.47505	-17.396078	11.682086	11.89779	11.679646	1003.2824256420135
42	1.2	0.2	854.2101	257.90436	1637.7125	403.09775	764.7147	133.5868	1003.77344	589.5947	168.34483	147.4	210000	232.3766	110.03853	382.30893	-31.0916	232.3767	110.037346	383.27817	-29.50704	233.52866	109.696144	382.60086	-43.44476	-4.8033195	4.2552257	39.828068	-17.528143	11.994385	12.083169	11.890672	1028.6296916007996
43	1.2	0.2	793.891	252.30379	1326.8162	448.26324	752.161	212.52483	1331.339	535.7467	157.0	155.6	215000	233.93626	111.0432	386.45966	-48.95691	233.93588	111.04196	384.35562	-45.523186	235.06903	110.71007	384.7817	-30.237549	-4.6583285	4.2519245	33.29057	-16.91596	12.128222	12.33065	11.868401	1054.4472744464874
44	1.2	0.2	777.63184	248.13867	1341.0049	415.27493	793.88513	247.56891	1337.0378	510.48398	154.27272	150.2	220000	235.43776	111.82888	386.35092	-24.294237	235.43814	111.82677	388.2456	-31.52829	236.56274	111.495316	386.02213	-33.355736	-4.654347	4.2778945	41.209106	-16.521791	12.485905	12.602687	11.941206	1080.7495801448822
45	1.2	0.2	861.06226	308.48883	1615.3494	441.12292	735.24097	238.07068	1381.7499	522.523	168.66667	145.9	225000	237.3775	112.65124	390.03595	-31.993425	237.37837	112.648636	389.61646	-29.570593	238.51187	112.32259	388.76642	-27.794365	-4.4343395	4.34429	40.824097	-18.404362	12.604729	12.754515	12.07119	1106.769104719162
46	1.2	0.2	799.71313	259.77957	1443.8156	458.02948	589.96545	120.75309	843.35016	442.1486	160.03226	119.1	230000	238.79274	113.968506	393.88104	-33.41767	238.79243	113.96741	392.4258	-26.190964	239.94122	113.664925	392.78644	-25.482214	-4.204825	4.4575553	42.60212	-18.668577	13.032948	13.239257	12.61576	1132.2463119029999
47	1.2	0.2	1072.5774	368.37146	1869.3632	533.3345	1563.9957	489.31146	2458.9744	933.48834	213.56522	300.3	235000	240.30963	114.30453	393.38687	-19.750847	240.31024	114.30208	393.59558	-27.069286	241.44801	114.00732	393.38644	-31.59271	-4.116	4.4241443	34.369705	-17.093645	13.519112	13.692971	12.5524435	1159.3778920173645
48	1.2	0.2	967.50336	338.7073	1944.8739	398.87347	819.4053	125.12803	1075.6934	649.1826	190.44444	155.4	240000	242.06378	114.784874	397.1362	-54.096798	242.06422	114.78252	396.42572	-29.672628	243.20145	114.48454	395.69913	-24.330444	-4.0224347	4.4303875	66.369835	-17.42011	13.659775	13.892904	12.711358	1185.7466683387756
49	1.2	0.2	989.3067	484.7822	2916.1025	532.6434	1000.109	375.75424	1989.2408	657.02985	197.72	198.4	245000	243.99326	115.76892	395.61707	-48.25584	243.99318	115.76566	395.9501	-29.636824	245.13191	115.48374	398.03122	-20.552288	-3.8744507	4.472311	68.07017	-17.234192	13.736815	13.974661	12.869592	1212.251897573471
50	1.2	0.2	1242.7565	671.75653	3029.9534	544.7983	712.56683	271.15518	1489.5845	504.68854	250.0	147.2	250000	247.22107	116.938095	400.9151	-30.51947	247.22166	116.93572	401.5371	-25.784832	248.3801	116.658	400.78595	-31.799604	-3.790765	4.535169	40.76941	-16.788736	14.077756	14.358125	13.06853	1238.2262938022614
51	1.2	0.2	1249.0029	589.15173	2542.56	607.54254	1392.0541	961.1781	3671.7812	417.28857	249.10527	277.6	255000	248.6746	118.40425	405.86456	-39.60991	248.6753	118.40146	402.06265	-55.522293	249.82909	118.114815	402.52206	-39.689396	-3.675133	4.5507197	47.55986	-18.096458	14.796172	14.906428	13.341431	1264.4973058700562
52	1.2	0.2	1481.9204	783.07776	3613.7515	409.51743	1509.478	494.6864	2466.1973	775.51294	295.6111	289.5	260000	252.36543	119.88194	407.53217	-59.781544	252.36655	119.878204	407.58694	-50.138573	253.55183	119.62041	406.85208	-42.733475	-3.5045223	4.597654	51.95023	-18.468115	15.2767105	15.397313	13.8858385	1293.2342948913574
53	1.2	0.2	1245.9104	658.6874	2738.009	597.8617	1789.8899	1047.7517	4464.8325	502.89877	246.8	345.2	265000	255.0683	121.47713	416.421	-49.8736	255.06952	121.47403	413.25095	-28.08614	256.26385	121.22207	411.61075	-34.040546	-3.2294521	4.693631	52.086765	-16.99128	15.787635	16.046703	14.23871	1321.2173418998718
54	1.2	0.2	1408.2778	1029.8986	5043.0986	510.3022	1531.6571	832.23425	3098.3594	624.76056	278.16666	295.3	270000	257.96683	123.30298	415.6546	-24.954535	257.96774	123.29992	415.68475	-20.738577	259.21054	123.05654	414.76556	-20.60115	-2.9548352	4.8727326	52.11498	-16.694798	16.49809	16.653072	14.867048	1349.0277779102325
55	1.2	0.2	1386.2283	724.09265	3737.1929	482.78256	1284.9269	375.30084	2273.3828	876.1988	272.11765	245.6	275000	260.87292	124.94064	419.35147	-35.336975	260.87347	124.93656	418.1796	-53.164406	262.10245	124.69746	418.61514	-45.439842	-2.9093697	4.928323	54.30019	-17.103184	17.285975	17.525799	15.299361	1374.9883286952972
56	1.2	0.2	1316.029	505.649	2492.7036	429.75342	1507.8257	1431.567	5152.5396	512.66766	257.9	297.6	280000	263.56726	126.10866	422.3284	-19.234325	263.56827	126.10552	422.25595	-27.897812	264.7926	125.8554	421.84537	-30.85285	-2.7679765	5.0062914	50.452946	-17.291222	17.923275	18.155943	15.809685	1403.3347928524017
57	1.2	0.2	1317.4337	526.3871	2240.8738	610.5246	1336.5862	561.9589	2664.127	670.2123	259.6	258.6	285000	265.96658	127.32	424.50894	-32.3549	265.96762	127.31809	426.3164	-30.142647	267.19162	127.05743	425.01633	-83.94417	-2.7591019	4.997531	41.802513	-16.805586	18.510422	18.571497	16.021608	1431.77534365654
58	1.2	0.2	1211.1758	1047.064	5087.4224	463.25815	1330.2078	244.47159	1614.7708	956.9756	236.5238	261.9	290000	267.55127	127.87629	427.91284	-23.283287	267.55295	127.872284	427.534	-22.113317	268.7623	127.619225	427.8798	-27.964567	-2.7667174	5.0320253	57.82299	-17.032766	18.819616	19.06026	16.123383	1459.3230512142181
59	1.2	0.2	1103.1523	281.72122	1559.8307	565.55194	1207.4891	267.73615	1910.6794	985.47424	215.13043	235.1	295000	269.61212	128.92938	429.7407	-53.75921	269.61252	128.92648	429.5443	-20.215384	270.81882	128.67026	428.46014	-34.234573	-2.6917846	5.0783973	55.290047	-16.772318	18.914444	19.021362	16.128077	1486.601665019989
60	1.2	0.2	1681.1077	487.35168	2678.0552	822.77026	939.6294	337.0296	1810.5232	686.3089	330.42856	183.5	300000	271.1249	129.52072	430.6918	-43.540916	271.12628	129.51604	434.04333	-23.120996	272.33633	129.26521	431.34738	-34.751293	-2.537289	5.1528964	78.12136	-19.786667	19.325403	19.662014	16.628786	1512.2262969017029
61	1.2	0.2	1815.6942	820.60736	3417.0115	792.6877	1329.8962	579.14026	2463.6821	842.13007	355.6	259.1	305000	273.6966	130.29195	435.47482	-54.31435	273.69727	130.28899	433.23206	-20.79879	274.91156	130.04532	432.76843	-46.35649	-2.5089772	5.144654	40.257	-17.472878	19.747984	19.953993	16.733154	1541.2836706638336
62	1.2	0.2	1697.886	869.64154	3174.6892	498.2565	1890.0385	734.6632	3474.5627	888.8794	334.53333	365.1	310000	275.6927	131.09557	438.17123	-61.263767	275.6939	131.09154	435.38495	-56.68204	276.90277	130.8169	435.13272	-48.80972	-2.5233307	5.1325736	50.25483	-17.581314	20.45086	20.718836	17.168337	1570.2221131324768
63	1.2	0.2	1595.3738	831.49567	3582.9116	607.7567	1190.679	450.33023	2060.294	667.60443	316.25	227.8	315000	277.87027	131.5808	438.41138	-45.658882	277.87186	131.5772	436.42685	-40.80108	279.06982	131.30183	436.4425	-31.731945	-2.5930743	5.0469003	58.502563	-16.694115	20.353182	20.511787	17.05139	1597.7790215015411
64	1.2	0.2	1937.3387	818.9068	3371.0754	825.36084	1285.9337	301.8494	1928.7341	847.34076	380.84616	252.1	320000	279.90622	132.49477	441.2887	-48.213074	279.9072	132.49306	447.60443	-27.67167	281.15082	132.24745	439.37476	-47.397057	-2.334661	5.148746	65.35097	-18.079666	20.27981	20.420927	16.888397	1625.2577939033508
65	1.2	0.2	1506.8379	996.18976	4402.271	665.2506	793.25574	132.92143	994.1936	563.9222	297.47058	151.2	325000	282.78717	133.90938	443.2765	-33.861965	282.78653	133.90872	442.16956	-32.48527	284.054	133.64827	442.02588	-34.83087	-2.3580554	5.176284	38.001358	-17.514183	20.455885	20.565084	17.11735	1652.182326555252
66	1.2	0.2	1334.913	527.3134	2685.4556	713.58636	990.3109	166.32718	1246.6542	704.31067	261.78946	191.8	330000	285.78055	135.59117	445.22125	-60.60556	285.7812	135.58925	449.74393	-67.46895	287.05347	135.3585	446.30505	-53.359093	-2.347858	5.2127495	44.78021	-17.461039	21.050627	21.281416	17.40945	1679.4438376426697
67	1.2	0.2	1310.6991	412.87494	2288.657	663.11304	1146.9889	275.4577	1735.6624	813.2077	254.94737	222.8	335000	287.01193	136.92442	452.28278	-52.530922	287.0112	136.9237	451.5242	-52.027027	288.24402	136.71889	450.54617	-55.704185	-2.2511156	5.277	69.69199	-18.005768	21.718157	21.980066	18.155819	1706.5924263000488
68	1.2	0.2	1311.8678	521.98755	3059.0137	663.6194	1490.022	367.25235	2155.8616	1045.8224	259.4	295.0	340000	288.69925	137.89548	457.54138	-30.954659	288.69937	137.89474	454.3767	-34.71048	289.94443	137.69849	454.3305	-42.957558	-2.1213143	5.3353705	154.34323	-17.793333	22.152084	22.26215	18.119167	1735.8196630477905
69	1.2	0.2	1368.0369	627.6808	3366.5205	572.41797	960.068	251.0816	1459.3782	604.23883	267.94736	188.9	345000	290.3314	138.43028	460.6336	-40.103256	290.32986	138.43036	453.7079	-65.9567	291.57434	138.24005	455.59332	-45.714626	-1.9184912	5.377204	53.003033	-16.95887	22.737362	22.994091	18.476887	1763.6091678142548
70	1.2	0.2	2058.6133	1112.0248	5074.599	875.276	1047.0901	239.7499	1587.1873	724.2717	404.5	207.9	350000	291.65833	139.37817	458.96283	-22.589771	291.65823	139.37775	459.00497	-27.39625	292.89496	139.17993	455.5768	-28.111048	-2.1100984	5.369372	45.90611	-18.139017	22.89172	23.20394	18.693356	1790.6704885959625
71	1.2	0.2	1558.6614	1024.9884	4489.0396	512.3206	1052.7643	420.85294	1970.03	685.84186	304.6875	208.6	355000	292.98996	139.78917	458.17108	-40.598984	292.9903	139.78831	461.5195	-36.67307	294.19977	139.58029	456.51767	-30.620632	-2.1484714	5.3520875	47.524975	-17.472286	22.813288	22.929781	18.474535	1817.676391363144
72	1.2	0.2	1568.168	703.043	3317.0256	606.1224	1084.5333	302.78156	1490.3573	598.704	307.625	206.6	360000	294.1985	139.71051	460.78595	-51.177505	294.19818	139.71025	464.4932	-38.381527	295.42395	139.53209	458.024	-33.12486	-1.9539263	5.4278164	45.904324	-16.63453	23.355768	23.626253	18.869581	1844.7929019927979
73	1.2	0.2	2612.1948	1162.6571	5079.1567	1260.06	1283.1077	511.69522	2318.4265	614.7672	515.8	247.0	365000	296.052	140.35483	462.99786	-38.582706	296.0532	140.35143	461.5736	-48.1126	297.2781	140.16702	460.93512	-44.681644	-2.0916374	5.389098	43.180702	-16.702354	22.971249	23.29775	18.533325	1873.3230376243591
74	1.2	0.2	1725.2577	1102.4219	4993.7017	642.7115	898.35645	108.856964	1001.44855	666.57465	336.13333	178.6	370000	298.22345	140.90744	464.37668	-80.409744	298.224	140.90536	464.71738	-52.505604	299.44293	140.69061	461.74265	-60.209846	-1.9333414	5.492782	48.728134	-18.741112	23.126219	23.216475	18.72577	1900.885090827942
75	1.2	0.2	2133.7363	1233.7957	4866.802	893.2901	861.12805	712.6089	2987.7036	511.63586	419.4	173.8	375000	299.79376	141.60475	464.047	-61.684975	299.7939	141.60266	464.59067	-59.01615	301.07617	141.41092	465.55133	-63.65178	-1.8004248	5.578458	63.23314	-17.366152	23.027967	23.33073	18.557358	1925.6195919513702
76	1.2	0.2	1717.5326	1068.9761	5077.695	770.8877	2513.6108	1532.576	5143.82	916.22815	338.0	487.2	380000	301.79715	141.8337	467.78732	-49.200813	301.79764	141.83255	468.70142	-73.09889	303.03586	141.61264	465.39615	-38.488346	-1.8695155	5.472786	49.632442	-17.240372	23.36868	23.444153	18.926702	1956.6917691230774
77	1.2	0.2	2969.6104	1813.7019	5122.642	823.92914	1878.9609	1035.5486	3873.9214	640.0677	580.8	360.0	385000	303.23767	141.822	469.64227	-53.601044	303.23767	141.81978	466.47327	-52.90191	304.46768	141.61452	467.54745	-69.916664	-1.8288987	5.4870996	80.942986	-16.892622	23.061453	23.348711	18.541296	1988.9460718631744
78	1.2	0.2	1847.0159	600.973	2993.7996	880.97266	1411.4723	319.3124	2210.516	1018.5748	359.35715	278.4	390000	304.83176	142.16508	469.02267	-68.53665	304.8319	142.16371	471.37567	-76.11808	306.0595	141.92848	468.72702	-71.38957	-1.8512625	5.501186	49.549236	-17.29346	23.350672	23.571035	18.447498	2017.5954315662384
79	1.2	0.2	1639.1105	930.5683	4556.0693	620.36145	986.3251	183.99603	1256.9554	708.2023	317.13333	193.4	395000	306.35406	142.38068	469.13696	-66.13196	306.35553	142.37776	468.91556	-61.519547	307.5751	142.14601	470.04153	-59.6222	-1.7783657	5.471453	52.720703	-16.216196	23.284967	23.424114	18.817802	2044.6444036960602
80	1.2	0.2	1699.7853	673.148	3341.1108	914.1668	1353.0175	407.41898	2344.6528	921.018	336.06668	267.0	400000	308.89703	142.79	471.30685	-42.220932	308.89743	142.78862	471.73688	-51.069717	310.14227	142.53632	470.59357	-71.982544	-1.9331204	5.4796433	67.84702	-17.595219	22.936375	23.184381	18.581343	2073.4312460422516
81	1.2	0.2	2801.7476	1099.4166	5107.881	1498.9033	1455.4075	532.8258	2527.1194	700.9398	549.875	281.8	405000	309.58267	142.9579	471.80948	-29.378704	309.5841	142.95245	472.61597	-46.455395	310.71967	142.68211	473.27206	-42.61949	-2.049508	5.4491982	73.2406	-16.851254	23.558998	23.870462	18.72796	2099.975084543228
82	1.2	0.2	2141.3972	1183.7845	5129.394	878.11334	1692.3727	809.859	3055.4998	623.30347	420.07693	340.9	410000	310.59454	143.10582	476.5259	-49.213337	310.59552	143.10185	475.51004	-42.474693	311.78265	142.85648	472.74567	-46.97177	-1.8848324	5.5203657	60.678654	-16.826387	23.774141	24.038242	18.999584	2131.0324699878693
83	1.2	0.2	2924.5188	1518.2344	5039.3145	1376.7222	1006.5089	481.75214	2039.9266	641.37915	580.3333	203.2	415000	312.2284	143.40602	473.68262	-39.405643	312.2286	143.40282	475.93747	-25.415417	313.39282	143.153	476.39764	-31.81682	-1.8752834	5.4910655	48.847626	-16.734406	23.815395	24.115894	18.84537	2159.984801530838
84	1.2	0.2	2351.1743	1411.2242	5032.2056	978.8546	2029.514	795.73517	3598.325	950.3175	459.27274	392.0	420000	314.12894	143.57129	476.3119	-46.91471	314.12976	143.56792	482.28613	-38.185986	315.30615	143.31844	475.8024	-37.39356	-1.8950329	5.4730015	57.43012	-17.173937	24.01912	24.299011	19.121773	2190.216830253601
85	1.2	0.2	2124.2295	1142.795	5111.206	782.0811	2945.0613	1573.8363	5127.923	1037.2821	416.41666	575.8	425000	314.73303	144.06815	477.99832	-38.344795	314.73376	144.06363	479.64966	-42.91894	315.8652	143.82777	475.47925	-48.720985	-1.8813778	5.4889474	49.677525	-17.801394	24.160837	24.444618	19.200172	2222.1784801483154
86	1.2	0.2	2806.372	1557.6091	5058.7	696.85815	1844.8972	1381.4805	5205.881	772.53107	552.3333	355.6	430000	316.3343	144.34341	477.19333	-41.896366	316.33618	144.3387	479.57288	-42.808056	317.50668	144.08188	477.42606	-60.38261	-1.9057305	5.547237	71.34765	-17.099274	24.541271	24.730164	19.283674	2251.8027396202087
87	1.2	0.2	2204.7	966.0161	4022.673	1133.7476	3109.6807	1039.2932	5109.5195	1369.5793	431.6	609.9	435000	317.69116	144.49379	478.86725	-72.32577	317.6919	144.49106	478.66507	-56.890244	318.83304	144.22545	477.4842	-40.307327	-1.886621	5.5324707	51.41617	-16.915026	24.322863	24.501871	18.723873	2281.7488436698914
88	1.2	0.2	3178.1047	1472.0002	5131.4683	1075.7913	1431.023	1132.1569	3879.9055	476.30515	626.2222	281.7	440000	319.37302	144.22716	478.64246	-47.54323	319.37488	144.22295	483.19705	-64.59881	320.5063	143.94496	478.40872	-43.37382	-1.8966132	5.5456133	57.762596	-17.954502	24.21491	24.461279	19.08729	2312.9923791885376
89	1.2	0.2	3242.4927	1531.4475	5137.827	1251.3582	1429.0568	536.3076	2515.2866	610.0652	639.5714	279.4	445000	320.77637	144.94908	484.1858	-68.45736	320.7772	144.94473	480.05676	-51.01186	321.9497	144.68306	478.2606	-55.68009	-1.7444257	5.5701356	111.61605	-16.909332	24.24683	24.47507	18.809904	2340.4225857257843
90	1.2	0.2	3023.178	1561.4656	5066.496	885.4126	2167.7954	788.0054	3510.7144	834.6656	595.3333	431.6	450000	323.36197	145.45374	481.348	-30.942831	323.36313	145.45015	480.32648	-26.399176	324.51764	145.18558	481.25006	-33.903202	-1.8651272	5.586296	68.15299	-18.203552	24.311028	24.53563	18.907509	2372.5561187267303
91	1.2	0.2	3409.6423	1835.6107	5148.1284	971.9979	1500.6387	482.85443	2518.8572	962.4016	669.375	293.3	455000	326.21793	146.17905	483.62064	-36.083454	326.2186	146.177	487.18182	-43.882713	327.3681	145.91246	482.72543	-48.975067	-1.7482785	5.646301	142.82838	-17.121147	24.623497	24.733845	19.21655	2403.1774203777313
92	1.2	0.2	4022.5664	1452.3823	5086.2666	1053.2014	1912.3256	1151.9998	4419.461	872.871	783.5	367.0	460000	327.9029	146.95755	484.43704	-39.27856	327.90375	146.95317	488.03558	-26.944986	329.023	146.66554	485.59332	-35.09563	-1.833793	5.68547	79.11549	-17.614662	24.943363	25.222866	19.469381	2432.1116371154785
93	1.2	0.2	2588.7078	1772.2964	5138.7095	637.5948	1960.5211	709.9944	3356.6648	1013.4759	506.9	382.5	465000	329.59613	147.14246	488.81134	-32.615326	329.597	147.13918	490.19955	-37.635357	330.7339	146.86499	487.63232	-34.574673	-1.6931725	5.717017	85.65838	-16.525204	25.438675	25.614998	19.459259	2462.9674587249756
94	1.2	0.2	4120.9224	787.6842	4995.607	2975.592	3126.6296	2038.8768	5161.939	757.48737	824.8333	608.3	470000	331.86533	148.04639	489.82996	-39.835533	331.86588	148.04329	489.03113	-30.76669	333.0831	147.76924	490.64005	-36.65544	-1.6080297	5.871096	168.03693	-17.745306	25.34001	25.598711	19.888996	2495.436059951782
95	1.2	0.2	2963.7322	1647.4913	5148.4883	743.5844	1165.7327	262.0654	1772.2887	893.8314	582.2222	221.9	475000	334.03406	148.74393	488.57904	-31.660385	334.03467	148.74054	491.34155	-38.180763	335.1575	148.44203	489.44342	-31.714794	-1.844306	5.792663	68.08203	-16.529024	25.348637	25.496046	19.603945	2525.115648984909
96	1.2	0.2	3385.3398	1788.3865	5076.7725	1004.86725	1582.7344	479.8509	2613.9111	881.84454	671.5714	305.8	480000	335.21088	149.11374	493.45248	-59.07971	335.2119	149.10901	491.56906	-36.946884	336.36697	148.82915	493.56024	-36.96559	-1.5576634	5.823144	63.376648	-16.37599	25.170225	25.714077	19.598585	2553.8680198192596
97	1.2	0.2	3256.4514	1557.4698	5156.7256	1452.8376	1873.9424	1280.3584	5142.6694	1022.46936	636.375	368.7	485000	338.18698	149.83981	496.02316	-40.654076	338.1874	149.83708	494.06683	-32.12673	339.38538	149.55446	492.58423	-38.47426	-1.6377361	5.8281035	77.8937	-18.087738	25.5865	25.694107	20.052273	2584.645602941513
98	1.2	0.2	3814.9153	1601.2063	5137.036	1273.2358	1289.9329	465.60278	2481.843	752.4543	746.7143	257.8	490000	339.81888	150.3901	502.167	-30.623957	339.8193	150.38809	494.8971	-40.00218	340.98032	150.08078	495.40762	-35.320396	-1.5402184	5.8694234	89.444244	-17.826017	25.808327	26.054611	19.992289	2614.8372688293457
99	1.2	0.2	3307.0881	1575.5356	5104.8564	1448.1469	2689.0322	1596.7965	5140.6646	877.1811	646.2857	520.7	495000	341.92056	150.58812	496.46967	-38.920856	341.92197	150.58449	501.1391	-37.82406	343.0814	150.28168	497.37958	-41.028515	-1.6531467	5.857351	62.551308	-17.645576	26.172373	26.390877	20.04874	2645.4901723861694
100	1.2	0.2	3415.9966	1467.9849	5131.271	1201.089	1968.7478	1074.6113	4856.9355	896.5217	677.0	392.4	500000	344.30038	150.65598	505.0809	-59.02713	344.30154	150.65268	498.41055	-51.93393	345.51605	150.36116	498.84003	-42.5044	-1.4847213	5.92018	68.55918	-17.614208	25.732828	25.84168	19.889097	2678.064597606659
101	1.2	0.2	3664.4873	1905.8591	5119.697	834.7053	1854.1869	786.69196	3789.4233	1087.7528	718.6667	353.3	505000	346.299	151.3429	499.77267	-66.19378	346.29947	151.33813	504.84186	-46.28047	347.44012	151.0382	499.87903	-48.730995	-1.6193153	5.928957	64.17451	-17.035427	26.363659	26.798775	20.438025	2705.9830548763275
102	1.2	0.2	4138.057	1209.5045	5132.7573	1999.78	1788.1572	947.1747	3948.7068	933.4853	812.5714	350.2	510000	347.00992	151.59485	498.93927	-47.74095	347.0111	151.59047	501.2164	-29.76545	348.17026	151.27165	499.9428	-40.988358	-1.6711456	5.900988	63.993446	-17.22907	26.264538	26.386976	20.375868	2738.7996661663055
103	1.2	0.2	3236.3867	1480.4106	5144.7437	1175.2838	1263.7546	420.1552	1927.9932	785.57574	638.125	250.5	515000	349.14206	151.82275	500.71173	-63.68901	349.14285	151.81808	500.50778	-55.129696	350.33185	151.509	501.147	-40.793854	-1.5557673	5.9352293	78.91643	-17.463526	26.011858	26.419239	20.122854	2768.701295375824
104	1.2	0.2	3577.1184	1553.5754	5107.484	1231.4719	2623.499	609.9368	3786.0654	1793.4952	706.6667	495.2	520000	351.6453	152.4977	503.39038	-45.938786	351.64624	152.49294	504.23178	-35.972294	352.82275	152.15805	504.05933	-50.563038	-1.6245993	5.910188	70.03148	-17.06714	26.228338	26.698278	20.394413	2797.9130058288574
105	1.2	0.2	4707.7075	639.3114	5213.3174	3591.473	2361.0964	1063.3618	4156.498	927.6401	918.5	450.0	525000	353.07498	152.81339	507.92603	-37.432503	353.0763	152.80869	503.5651	-38.673477	354.24738	152.49298	504.77786	-30.223866	-1.5606738	5.9434333	70.19922	-17.828314	26.483408	26.790277	20.46132	2831.23060131073
106	1.2	0.2	4246.721	1223.5033	5171.355	1845.0331	1773.262	1271.2323	5231.0723	846.5364	841.8333	339.4	530000	355.91833	152.93324	507.4666	-42.823093	355.91925	152.92986	506.7683	-37.505722	357.10446	152.60121	508.22498	-61.541874	-1.4436451	6.039352	74.53294	-16.899223	26.729008	27.009516	20.690538	2861.902505636215
107	1.2	0.2	4407.1685	912.0717	5105.691	2690.5376	3079.727	1725.088	5290.7217	1059.1619	878.0	581.9	535000	357.41843	153.05634	507.95462	-39.77931	357.4201	153.05081	506.55157	-36.487045	358.58322	152.71214	507.4307	-35.797234	-1.5414037	6.026998	91.11218	-16.653652	26.433016	26.880651	20.389988	2892.582138299942
108	1.2	0.2	3347.0127	1681.9133	5165.3193	793.613	4686.196	936.23065	5149.478	2349.6362	649.75	914.8	540000	358.31342	153.57469	507.45825	-31.673456	358.31448	153.56906	506.52838	-32.539467	359.45023	153.2319	508.43652	-39.01628	-1.5265115	6.0408907	71.66165	-17.531364	26.520704	26.983257	20.960402	2929.447168827057
109	1.2	0.2	3475.0842	1790.2467	5098.4893	723.39655	3005.323	1457.477	5105.508	1136.2295	683.1429	591.2	545000	359.89328	153.55841	508.4504	-37.436512	359.89398	153.55376	508.2388	-40.03533	361.08536	153.19875	509.63327	-40.398857	-1.5743201	6.0893273	81.01908	-17.28418	26.731401	27.093475	20.63043	2961.8195209503174
110	1.2	0.2	3791.3928	1462.3682	5035.5024	1661.5372	2281.1763	1285.0619	5207.71	965.27216	754.4286	435.7	550000	361.37888	153.73337	510.20596	-53.06824	361.38144	153.72635	512.8642	-46.344746	362.51544	153.36102	510.3397	-62.073708	-1.6541278	6.097887	93.324196	-16.748516	26.443436	26.918192	20.598883	2994.324245929718
111	1.2	0.2	3938.84	1084.1707	5099.287	2373.352	2696.6	1222.7441	4994.1367	949.68317	777.8571	535.2	555000	363.60632	153.8593	510.80698	-32.383484	363.60773	153.85393	510.635	-62.97526	364.7793	153.49284	510.6875	-73.42492	-1.5965892	6.0851994	110.51224	-17.479979	26.279758	26.582094	20.257177	3028.717047214508
112	1.2	0.2	2986.4983	1639.0222	5060.1997	1185.0962	1554.164	622.1631	3059.4138	891.0968	588.0	306.7	560000	365.91202	154.54231	514.35474	-48.07053	365.91373	154.53557	512.9202	-37.197086	367.10925	154.16689	511.7482	-31.987251	-1.6937627	6.14554	81.74107	-17.710121	26.645208	27.085173	20.733572	3057.9372701644897
113	1.2	0.2	3382.431	1545.809	5192.5044	723.3401	2295.8843	1640.1643	5060.246	897.58405	663.25	453.4	565000	367.97617	154.65756	515.38055	-53.337807	367.97815	154.65141	514.11346	-38.415527	369.12698	154.28148	514.7201	-65.42416	-1.6473862	6.174236	190.92024	-17.721712	26.183771	26.657272	20.34467	3090.915595769882
114	1.2	0.2	4399.343	1393.8599	5202.766	1614.1285	3822.961	1260.8445	5068.358	1377.4891	863.0	754.8	570000	368.6048	155.07812	515.39404	-68.77625	368.6066	155.07275	513.9877	-54.494377	369.73965	154.69424	514.60016	-61.67767	-1.7156947	6.1554093	93.10654	-17.888184	26.613272	26.95802	20.762688	3123.5387864112854
115	1.2	0.2	3746.307	1645.7673	5255.5674	1114.8041	2072.5918	1241.9263	5175.732	1040.2909	733.8571	401.3	575000	369.7191	154.87973	514.1581	-31.087248	369.72076	154.87404	518.08496	-46.61522	370.86182	154.49258	515.19104	-45.784607	-1.5677674	6.141594	86.37797	-17.650537	27.204899	27.697786	21.14155	3155.462611436844
116	1.2	0.2	3327.0986	1679.9988	5095.4062	784.5988	4735.046	578.4818	5079.002	3506.1777	652.0	934.6	580000	371.24402	154.55118	515.7664	-51.885464	371.2452	154.54471	516.2472	-51.306976	372.37732	154.16968	516.11096	-58.465343	-1.5843375	6.1403203	66.551765	-19.315332	26.984232	27.50893	21.240696	3192.9882292747498
117	1.2	0.2	4733.2524	636.5453	5167.0493	3469.0237	2688.7065	1258.8582	5236.293	1572.022	938.6	513.4	585000	372.3078	154.46404	515.75073	-38.576767	372.3092	154.45834	516.3903	-35.942783	373.45425	154.07674	515.44806	-47.149315	-1.5845003	6.109069	100.42933	-16.831944	26.256433	26.651176	20.483086	3224.4606187343597
118	1.2	0.2	5121.5483	33.930603	5169.173	5067.2246	3002.9949	1638.1931	5260.0054	1191.6791	1000.0	569.9	590000	373.33652	154.71417	520.4558	-34.360737	373.33734	154.71028	516.24554	-59.60509	374.44562	154.32278	516.36414	-43.14611	-1.6811506	6.0666294	82.956055	-16.64089	26.373938	26.727335	20.34559	3257.8404746055603
119	1.2	0.2	4033.3665	1027.5504	5162.134	2106.0054	2082.0332	789.48254	3312.7993	836.9841	784.8571	401.1	595000	374.8277	155.09995	519.26056	-57.674953	374.8287	155.09532	519.54144	-45.28722	375.96652	154.73302	517.47217	-43.18255	-1.6908946	6.224898	80.53932	-17.178116	26.407633	27.079006	20.492682	3291.1291422843933
120	1.2	0.2	2398.378	1364.5332	5128.611	1029.5145	4512.74	1022.3235	5220.5986	2157.333	467.54544	866.3	600000	376.63278	155.56404	519.00305	-34.89763	376.63406	155.55891	520.1101	-39.25216	377.79355	155.16544	520.4822	-37.966106	-1.6169473	6.235113	79.024605	-17.120735	26.855587	27.423817	21.01709	3328.4476125240326
121	1.2	0.2	2701.201	1348.1685	5100.6733	946.7879	4759.7925	973.17694	5099.5376	1840.6124	525.125	936.1	605000	378.09256	155.39629	521.9375	-66.01533	378.09326	155.3939	518.5906	-36.37333	379.21432	154.99364	519.70294	-44.208836	-1.722618	6.2432175	87.505875	-16.793766	27.25194	27.666647	20.896397	3362.847761154175
122	1.2	0.2	3967.1914	1177.4375	5118.835	1659.6786	1384.3857	462.15558	2300.79	909.5784	779.7143	263.2	610000	378.44193	155.43771	519.7207	-45.596073	378.44235	155.43422	520.13776	-61.311775	379.55576	155.04146	519.70184	-99.938675	-1.6549054	6.173548	71.71547	-17.34628	27.002949	27.28969	20.721247	3395.0188007354736
123	1.2	0.2	4711.3955	893.7181	5216.5264	2925.489	2129.3374	879.8209	3418.3223	849.4763	912.6	399.7	615000	379.9569	155.84433	520.44037	-53.11266	379.9581	155.83937	524.9087	-78.33881	381.117	155.45982	520.96423	-45.887947	-1.6807655	6.32378	98.5044	-18.047445	26.840597	27.217949	20.459888	3425.2987117767334
124	1.2	0.2	3673.893	1548.6791	5160.7505	651.8242	3483.3289	1451.6085	5164.626	972.69275	722.875	674.1	620000	382.2647	155.57277	526.39056	-57.044586	382.26495	155.56886	524.06476	-30.235886	383.39725	155.17068	523.8787	-79.54847	-1.7946099	6.2481184	79.74912	-18.456121	26.090357	26.752045	20.430458	3462.821293115616
125	1.2	0.2	4378.0127	1275.2521	5048.8574	1828.238	4854.906	754.003	5210.6167	2771.8035	871.6	934.4	625000	383.7296	156.10414	522.1104	-53.66946	383.73062	156.09978	523.0124	-65.62392	384.9095	155.69888	523.026	-62.280487	-1.7710036	6.2757196	84.87828	-17.36286	26.3389	26.989233	20.181648	3497.6704704761505
126	1.2	0.2	4370.756	1078.1526	5111.0254	2107.4177	4302.439	999.7209	5262.8286	2664.4678	862.5	826.3	630000	385.37582	156.1712	529.0302	-39.994804	385.37567	156.16734	525.38043	-34.27678	386.52295	155.7514	525.17535	-42.39598	-1.74897	6.29735	87.19622	-18.20045	26.937294	27.228436	20.883493	3534.172990322113
127	1.2	0.2	3988.9338	1549.7092	5172.4595	1207.7146	4936.3467	472.29752	5112.3457	3519.6755	791.1429	970.4	635000	387.04065	156.33188	526.08923	-64.28836	387.04123	156.32954	530.31635	-61.74427	388.18314	155.93854	525.0498	-81.017715	-1.850168	6.2758656	84.81454	-17.129723	26.972496	27.423183	20.81867	3574.074308156967
128	1.2	0.2	4782.2646	585.13763	5167.748	3617.3955	4466.241	1274.5583	5221.5767	1500.0276	940.0	860.0	640000	388.40182	156.5276	524.5075	-54.98614	388.40256	156.52539	524.7624	-47.765167	389.53113	156.1208	524.5636	-55.865578	-1.869685	6.393615	112.43558	-16.30839	26.789595	27.312868	20.934824	3609.6675593852997
129	1.2	0.2	3594.6694	1749.8091	5174.1523	1089.1438	3093.3726	1817.0955	5254.7417	524.64294	704.2857	593.6	645000	390.23993	156.5961	529.00854	-63.483055	390.2402	156.5934	528.5104	-52.209682	391.399	156.19882	527.0636	-55.56975	-1.7432128	6.366651	81.92459	-17.217403	26.913654	27.394499	20.555502	3643.356634616852
130	1.2	0.2	3130.5986	1424.4204	5128.3022	1418.7323	4236.0474	1579.0334	5219.532	1228.2853	608.875	816.4	650000	391.39545	157.19305	528.18567	-48.08601	391.3949	157.19014	533.6509	-36.62063	392.54025	156.78833	527.63464	-46.505054	-1.8462796	6.453526	85.23154	-17.269651	26.9376	27.438356	21.081408	3679.186383485794
131	1.2	0.2	3674.517	1343.5735	5184.244	1551.9067	5139.496	8.706351	5152.3457	5126.455	722.1429	1000.0	655000	392.17087	157.15187	528.26495	-46.45527	392.172	157.14954	528.49677	-64.48443	393.3186	156.73032	528.0982	-44.449997	-1.9441768	6.416064	105.77413	-16.179083	27.172064	27.566336	21.062563	3717.5444326400757
132	1.2	0.2	4758.109	612.8444	5188.8706	3542.04	4723.931	1046.7299	5107.0757	1584.107	939.6	931.0	660000	392.9139	157.33768	527.81836	-61.875553	392.91364	157.33571	529.31726	-46.47629	394.06326	156.92363	529.1568	-52.358837	-1.8735819	6.457218	87.38705	-16.817125	26.77266	27.208582	20.451502	3754.123890399933
133	1.2	0.2	5052.13	63.086075	5124.2227	4959.018	3942.4766	1456.348	5240.3813	1302.8445	1000.0	752.7	665000	393.78055	156.98021	528.40265	-50.7563	393.7813	156.97696	531.3406	-51.768806	394.87836	156.5484	530.56586	-58.677723	-1.9527364	6.342277	90.71629	-17.187046	26.83602	27.342363	20.871094	3790.429970264435
134	1.2	0.2	4096.306	1452.9706	5132.4917	1488.6826	2868.7434	1836.6504	5379.365	824.2802	804.3333	546.9	670000	394.5121	156.41795	529.20764	-38.03877	394.51135	156.41826	532.0136	-35.165302	395.5929	156.0033	529.066	-51.494476	-1.8160024	6.353396	76.46992	-17.493649	26.98087	27.453976	20.702627	3823.36026096344
135	1.2	0.2	5127.9	83.04937	5228.566	5036.6113	2621.3853	1432.202	5236.6416	1077.073	1000.0	501.1	675000	395.4044	156.08508	528.07367	-51.80216	395.4049	156.08093	528.6269	-57.491543	396.5216	155.65518	529.6316	-65.61091	-1.8368745	6.429374	98.95513	-17.277864	26.714825	27.160131	20.631956	3856.9071571826935
136	1.2	0.2	3400.6392	1793.6394	5323.919	1019.18176	3997.8672	1530.8214	5152.74	980.75165	659.375	776.7	680000	397.0573	156.06671	533.5904	-40.955803	397.05704	156.06427	529.8483	-49.802338	398.15988	155.64537	529.81494	-57.42884	-1.915613	6.3890595	117.39053	-16.82671	26.137957	26.798428	20.526178	3894.5955080986023
137	1.2	0.2	4726.728	832.017	5186.505	2871.85	5094.4746	13.965056	5117.542	5070.779	922.1667	1000.0	685000	398.15942	156.12611	530.65533	-48.620377	398.16013	156.12192	537.596	-57.112656	399.2454	155.70084	530.5058	-54.70984	-2.042371	6.43254	107.90705	-16.97088	26.31285	26.999208	20.472452	3934.7711865901947
138	1.2	0.2	4769.904	679.11383	5134.5664	3412.4558	5137.625	15.561743	5170.2236	5106.915	932.2	1000.0	690000	398.8506	155.79803	530.43353	-42.616703	398.85065	155.79372	533.21423	-42.18272	399.9276	155.36592	530.7216	-63.87534	-2.0185301	6.3368754	91.51451	-17.037125	26.212631	26.665476	20.352354	3972.1190934181213
139	1.2	0.2	4392.3115	1431.6079	5091.6777	1195.6567	4502.2427	1216.9368	5118.091	2012.2231	867.0	880.5	695000	399.1212	156.09967	532.56866	-38.794582	399.12094	156.09789	530.45026	-35.38382	400.20306	155.68768	531.49817	-52.554977	-1.9290369	6.3999133	106.63753	-16.56486	26.438215	26.910828	20.556677	4010.420966863632
140	1.2	0.2	4893.991	311.76694	5089.6943	4273.0625	5143.0063	3.892598	5148.753	5134.654	969.4	1000.0	700000	401.05975	155.7216	535.6886	-40.17161	401.06012	155.71722	532.3324	-70.64752	402.17654	155.31242	533.03455	-33.24257	-1.7001417	6.383497	127.79822	-17.095606	26.147413	26.90201	20.124973	4048.772668838501
141	1.2	0.2	3387.9297	1964.7474	5092.0576	783.53894	1626.1515	383.77704	2407.6426	1045.9236	664.8571	312.0	705000	402.50162	156.21419	533.007	-50.383774	402.5021	156.20943	533.5125	-48.20607	403.58847	155.78682	533.1569	-50.62006	-1.9124203	6.5182967	88.1289	-16.588875	26.199379	26.86776	20.29941	4079.3434863090515
142	1.2	0.2	3560.955	1456.9977	5177.5146	1714.7496	3638.9368	1774.3435	5318.7554	1101.9022	694.8571	689.5	710000	402.58435	156.06197	531.41095	-34.027927	402.58368	156.05905	536.085	-53.927547	403.64325	155.6504	534.41815	-57.034035	-2.07384	6.410306	104.16363	-17.72187	26.443214	27.103914	20.2945	4114.3661568164825
143	1.2	0.2	4218.844	1410.7661	5156.34	1887.9006	3921.015	1154.2557	5310.5117	2290.559	826.4286	740.1	715000	403.21738	155.9015	549.903	-54.50147	403.2171	155.89967	533.3467	-54.52742	404.2664	155.48749	533.6998	-47.10714	-1.9784896	6.420684	107.17922	-16.831156	27.113157	27.645414	20.675415	4153.167473316193
144	1.2	0.2	5147.512	71.69123	5254.181	5030.25	2964.187	1286.9073	5245.7817	1075.5865	1000.0	567.2	720000	403.84976	155.3387	532.10565	-60.338753	403.85077	155.33514	532.506	-61.096375	404.9017	154.90509	532.65186	-57.08378	-1.8373287	6.4021583	81.14725	-17.823002	26.997719	27.52449	20.69517	4187.856222629547
145	1.2	0.2	5033.7905	145.7489	5170.367	4759.5225	4089.1	1392.1753	5147.683	1544.4784	990.4	793.9	725000	404.9167	155.24303	535.5478	-84.22734	404.91663	155.24237	534.5783	-88.985794	405.9966	154.81384	533.87006	-55.52586	-1.8285291	6.523848	92.234215	-17.116089	26.694883	26.981047	20.424297	4224.9337112903595
146	1.2	0.2	4131.98	1389.8789	5305.3506	1812.1573	4042.371	1667.2661	5293.023	1138.038	808.0	768.3	730000	406.1459	155.26154	533.5405	-65.81206	406.14536	155.25752	534.88855	-68.867195	407.22482	154.84325	535.1074	-38.865738	-2.027384	6.452126	102.367096	-17.293346	26.56665	27.071247	20.34312	4260.642046689987
147	1.2	0.2	5073.816	106.684906	5175.783	4872.3223	2452.6726	1226.3826	4566.6787	484.2181	986.4	468.5	735000	407.0337	155.38196	534.63617	-68.40523	407.03333	155.38127	536.1744	-87.32732	408.10168	154.9454	537.29663	-78.157455	-2.0537815	6.4771876	84.11946	-17.106997	26.73786	27.226212	20.420515	4293.820575714111
148	1.2	0.2	4232.8784	1370.7185	5204.231	1632.3518	3710.7964	1542.0906	5209.8	1106.7126	827.5	713.0	740000	407.66385	155.00427	549.0161	-71.06708	407.66406	155.00298	535.6677	-152.56837	408.7212	154.5683	534.575	-77.7778	-2.2143598	6.444222	85.126785	-17.594109	26.394888	26.896614	19.913643	4329.656381845474
149	1.2	0.2	3885.2297	1418.5752	5154.7046	1764.8376	1174.2466	689.0086	2721.9534	579.1079	765.7143	230.3	745000	408.94955	154.65724	535.1032	-44.87103	408.9492	154.65352	534.6024	-47.624577	410.0472	154.21024	535.41125	-90.76511	-2.0940921	6.457735	88.180374	-16.775694	25.474318	26.220371	19.832361	4362.448600530624
150	1.2	0.2	4296.339	1593.6305	5233.6523	1114.8098	4779.2593	1141.1625	5269.0835	1457.2665	846.2	910.8	750000	410.30362	154.90625	535.0494	-41.21179	410.30386	154.90358	534.3385	-29.275343	411.3609	154.46854	535.2253	-35.46978	-2.2737827	6.420371	90.27803	-18.264343	25.275316	26.01639	19.460905	4397.887894630432
151	1.2	0.2	5182.0303	45.246777	5237.629	5101.628	1970.0452	916.66797	3433.6362	1045.1825	1000.0	376.0	755000	411.3954	154.89818	538.64386	-68.663956	411.39432	154.89745	538.9036	-41.24692	412.49017	154.4481	542.312	-77.793564	-2.2664013	6.4714136	130.59445	-19.527374	25.67207	26.20244	19.85555	4430.412902593613
152	1.2	0.2	4430.833	1572.3013	5206.811	917.0839	4435.1807	1226.2528	5282.2246	2068.0403	865.1667	843.2	760000	413.09903	155.20522	538.23987	-37.960884	413.09882	155.20221	539.0455	-31.313341	414.19382	154.76987	538.68726	-35.941383	-2.1942883	6.4651523	86.84835	-17.97821	25.744204	26.280636	20.079405	4468.685971498489
153	1.2	0.2	4073.7043	1356.4259	5206.991	1568.1912	3290.0376	1226.9508	5137.3726	1323.3221	793.7143	640.9	765000	414.7901	155.05618	539.2721	-59.22149	414.7893	155.05367	539.8171	-25.199633	415.85947	154.59467	541.2144	-36.84532	-2.1423132	6.4692016	99.58879	-16.733717	25.860826	26.456463	19.707302	4506.503570795059
154	1.2	0.2	4613.534	1034.8907	5198.7793	2545.502	4537.645	1294.7545	5193.3657	1820.1315	897.0	873.1	770000	415.69116	155.24864	541.1717	-39.816833	415.69092	155.24878	538.5898	-57.836365	416.7738	154.80925	540.26776	-47.228256	-2.17019	6.4758134	97.31006	-16.60201	26.282545	26.65773	20.03881	4542.736237049103
155	1.2	0.2	4002.7358	1607.2666	5182.686	639.83405	4380.865	1247.2778	5210.6123	1954.9481	781.1429	843.1	775000	415.8499	155.41568	539.8711	-41.61325	415.84918	155.41216	545.21533	-33.707886	416.9366	154.96352	540.8239	-41.083527	-2.2551477	6.5432754	89.85835	-16.536293	26.25378	26.969208	20.201605	4581.765470266342
156	1.2	0.2	4925.388	294.5761	5089.5225	4337.033	5205.9287	14.99621	5237.885	5188.144	966.8	1000.0	780000	416.9588	155.21863	546.80646	-61.600693	416.95953	155.21616	541.2339	-55.58378	418.0224	154.78026	541.3701	-57.04981	-2.2678258	6.509568	99.0916	-18.147057	26.530327	26.987186	20.247421	4620.719879865646
157	1.2	0.2	5083.327	51.30322	5143.6196	5016.05	4385.1143	1824.1567	5325.706	697.4138	1000.0	827.2	785000	417.73254	155.07942	544.5367	-55.765247	417.7317	155.07863	546.00903	-61.938023	418.80405	154.64088	542.1189	-34.582626	-2.2761788	6.4650807	97.42702	-16.76503	26.079994	26.628712	20.02738	4658.244993448257
158	1.2	0.2	5140.287	53.419727	5205.296	5074.64	5088.432	5.444712	5096.2666	5077.596	1000.0	1000.0	790000	418.91425	154.55513	544.49194	-53.926823	418.91388	154.55525	541.12164	-51.799282	419.9657	154.10608	539.6452	-48.62754	-2.215362	6.4175677	100.193855	-16.401762	25.668137	26.103775	19.796871	4697.984593868256
159	1.2	0.2	4997.971	298.48166	5194.727	4403.9727	3525.9272	1412.1245	5061.455	1319.8152	974.8	698.2	795000	419.44092	154.49352	544.5304	-70.37427	419.44046	154.49232	540.7196	-34.30652	420.49628	154.06029	541.5342	-67.80496	-2.111006	6.4671497	89.066826	-16.391724	25.813063	26.22744	19.631802	4734.292975902557
160	1.2	0.2	5039.407	56.808037	5100.3423	4942.3687	3547.9604	1963.1373	5172.0303	1003.6469	1000.0	692.2	800000	419.64105	154.6649	541.5513	-35.936634	419.6404	154.66377	544.47974	-37.998005	420.73694	154.21922	542.33673	-40.671265	-2.1237447	6.424009	98.29661	-16.953735	26.207495	26.819368	19.82786	4770.649609088898
161	1.2	0.2	4359.8945	1707.67	5226.3716	544.7044	1776.5964	1263.2463	5164.62	728.6975	853.6667	340.1	805000	421.38354	154.73557	545.0108	-52.964546	421.38315	154.73415	542.9924	-30.42439	422.46756	154.3056	542.4071	-45.28475	-2.2558227	6.461432	112.99611	-16.221165	25.867828	26.312729	19.29496	4804.31501865387
162	1.2	0.2	3821.2312	1519.7675	5189.577	1575.6028	3895.1106	1967.9471	5192.0596	814.68475	746.3333	750.8	810000	422.2521	154.92247	549.5431	-48.141056	422.25122	154.92227	542.94244	-25.969416	423.29297	154.47786	544.51404	-42.58448	-2.2818885	6.474239	85.044266	-18.992214	25.727451	26.245667	19.528933	4839.577230930328
163	1.2	0.2	5134.2197	11.064508	5146.7334	5116.307	5173.6426	7.513807	5187.663	5161.9355	1000.0	1000.0	815000	422.75357	154.82419	543.7848	-39.139317	422.75284	154.82458	544.9115	-40.71436	423.7829	154.3969	543.4864	-49.00067	-2.3441095	6.564677	130.10065	-16.532118	26.646894	27.04915	20.086092	4879.305736064911
164	1.2	0.2	4713.692	893.5417	5208.0483	2718.9307	5240.2207	20.329811	5282.188	5204.064	920.0	1000.0	820000	423.97998	154.62244	554.31665	-57.12174	423.97928	154.62164	549.1241	-33.463913	425.02588	154.18314	544.3498	-48.70576	-2.2449992	6.460835	112.83028	-17.480827	26.34863	26.864544	19.64275	4920.972321271896
165	1.2	0.2	4478.053	1548.0698	5202.904	1016.9003	1146.6079	435.0177	2025.4065	818.18176	867.8333	218.0	825000	425.1528	154.21687	547.5418	-24.177696	425.15167	154.21713	544.349	-30.52486	426.229	153.77853	543.85187	-43.144154	-2.2196114	6.519106	103.24429	-17.427134	26.12245	26.453627	19.377584	4953.438676595688
166	1.2	0.2	4418.9546	1510.6755	5254.7163	1398.9838	5167.97	132.1535	5229.183	4772.9365	857.6	991.1	830000	426.1159	154.29913	545.5049	-32.732944	426.11713	154.29399	551.94684	-42.71504	427.1499	153.84476	544.2987	-38.616226	-2.417726	6.433293	99.39708	-17.477795	25.471596	26.301435	19.386343	4990.835956573486
167	1.2	0.2	5180.9497	75.86847	5315.459	5098.733	3401.72	1444.1385	5401.3457	1567.1984	1000.0	636.5	835000	426.4407	153.62599	554.9846	-35.8317	426.43896	153.6271	544.2229	-33.354404	427.47916	153.1673	545.182	-45.536083	-2.4362016	6.5690093	95.10283	-17.531656	25.924541	26.231277	19.44435	5027.010828495026
168	1.2	0.2	5057.7314	308.85452	5257.386	4445.207	4137.061	1144.5089	5335.203	1796.7266	968.8	774.4	840000	427.04596	153.79506	546.1467	-29.907665	427.0459	153.79396	545.2096	-39.443558	428.08154	153.33853	544.94824	-45.289574	-2.582623	6.555835	103.76668	-16.733118	25.682158	26.271526	19.50328	5063.629193067551
169	1.2	0.2	5171.0493	63.552166	5278.171	5079.7695	1931.5745	1613.4268	5149.2383	817.1695	1000.0	374.7	845000	427.8399	153.90025	549.7668	-49.697414	427.83875	153.90079	544.85657	-49.50728	428.89313	153.45062	545.57153	-54.919014	-2.4082303	6.581439	92.10623	-17.320536	26.115343	26.569668	19.764229	5097.379851818085
170	1.2	0.2	4501.765	1495.4435	5278.045	1162.2015	4819.048	1310.8007	5317.222	888.34314	872.8333	916.3	850000	429.47592	153.24506	546.43164	-44.471012	429.47482	153.24344	547.07715	-60.110226	430.50864	152.80402	545.72455	-50.823273	-2.6382053	6.4819236	111.14411	-17.251194	25.550745	26.061516	19.332619	5137.049843549728
171	1.2	0.2	4831.264	720.2195	5246.2573	3226.1152	5233.0225	38.572586	5345.979	5196.8325	940.0	1000.0	855000	430.14923	153.3505	551.1257	-57.090828	430.1466	153.35387	546.73956	-83.53299	431.18106	152.90982	547.7462	-77.6387	-2.636924	6.4429927	116.54935	-18.880777	25.70369	26.105824	19.520481	5179.211181879044
172	1.2	0.2	5162.808	37.5802	5216.2686	5101.8765	753.1614	281.14917	1579.8251	553.51886	1000.0	143.7	860000	430.80377	153.97806	547.3419	-38.075893	430.80295	153.97871	549.88135	-45.098118	431.8611	153.52985	547.8909	-42.560287	-2.437398	6.5452266	113.23925	-17.066252	25.524652	25.85612	19.021723	5210.4652218818665
173	1.2	0.2	2999.4968	1970.7096	5269.3794	590.3756	3908.0864	1606.1646	5082.0537	794.7456	586.2857	779.5	865000	432.66476	153.18283	546.812	-61.00621	432.66385	153.18262	548.5548	-67.95395	433.713	152.72807	547.5678	-44.932938	-2.4094357	6.590495	106.33338	-18.063618	25.30437	25.996653	19.503357	5245.095014095306
174	1.2	0.2	4831.4844	597.64484	5234.015	3505.4001	3923.2375	1518.6039	5303.76	1380.9133	940.5	743.8	870000	432.79337	153.86443	555.7438	-36.499947	432.79156	153.86786	550.6807	-33.3189	433.82724	153.45554	549.58673	-46.402637	-2.5189493	6.5668554	136.52733	-17.358627	26.392746	26.755705	19.739452	5284.7553243637085
175	1.2	0.2	3934.754	1667.1389	5247.4575	1422.0149	4357.3447	1716.9673	5238.67	733.6092	773.0	839.7	875000	433.81476	153.66757	549.0913	-36.23727	433.81265	153.67009	550.0436	-25.943092	434.89355	153.20656	550.49286	-32.16694	-2.4201016	6.520515	89.8742	-17.468344	25.985304	26.292936	19.32061	5321.954171419144
176	1.2	0.2	4574.337	1269.4799	5246.555	1738.5215	5123.0845	306.68274	5239.8643	4203.416	888.8333	982.1	880000	434.91595	152.96558	551.2762	-29.731752	434.91495	152.96704	551.0181	-38.16077	435.96185	152.49164	550.1926	-24.024113	-2.4993377	6.5812607	132.08786	-17.658182	25.784563	26.294065	19.455185	5362.626479625702
177	1.2	0.2	4531.1343	1219.9519	5175.1367	1814.0706	5201.7617	9.285004	5219.599	5187.241	885.1667	1000.0	885000	435.4827	153.08977	560.62616	-33.275105	435.48206	153.08849	554.2728	-31.62306	436.4984	152.64319	550.2794	-30.930208	-2.4521453	6.4659038	86.209465	-19.23266	25.528996	26.132973	19.30127	5404.098683357239
178	1.2	0.2	4244.915	1352.0348	5111.486	1606.7379	4376.2314	1578.0247	5184.113	1126.911	835.4	846.4	890000	435.14078	153.48103	550.1431	-37.798004	435.13922	153.48381	549.9029	-40.39946	436.137	153.0574	551.26544	-37.98284	-2.6101942	6.463112	85.11122	-17.448887	25.859184	26.245646	19.442291	5439.949583768845
179	1.2	0.2	5107.5127	165.98087	5316.667	4827.7217	5316.268	11.989756	5338.452	5296.224	991.0	1000.0	895000	435.65057	152.98386	551.7373	-35.335255	435.6484	152.98492	551.2283	-39.03756	436.6352	152.56856	552.04706	-22.625107	-2.4382894	6.506913	105.49592	-17.428154	25.933348	26.37151	19.290543	5479.933769702911
180	1.2	0.2	4462.082	1538.5044	5272.7363	1036.932	4919.556	827.9135	5332.3765	2894.8606	854.6667	924.2	900000	435.43253	153.13026	552.1083	-58.042183	435.43024	153.13458	551.4604	-40.991314	436.4647	152.69475	552.2663	-53.061153	-2.430318	6.575962	90.27752	-17.992336	26.463932	26.776472	19.66854	5520.014016389847
181	1.2	0.2	4544.5796	1002.2169	5286.233	2626.7095	4365.2803	967.34204	5205.88	2232.8481	872.3333	841.9	905000	437.04623	152.91284	551.3147	-48.154247	437.0452	152.914	551.8177	-33.824097	438.06775	152.47777	552.3608	-33.78417	-2.4977694	6.5838795	133.76553	-19.024231	26.064968	26.494776	19.356903	5560.118728637695
182	1.2	0.2	4401.6704	1049.2467	5280.995	2380.601	4085.5405	1524.5927	5312.8096	1107.418	842.1667	782.2	910000	437.453	152.97685	552.572	-79.651764	437.45068	152.98143	554.08386	-48.346367	438.4565	152.56165	553.0371	-50.24999	-2.4517295	6.45726	83.068886	-17.011965	26.077843	26.390251	19.31284	5598.417406082153
183	1.2	0.2	5130.042	55.754642	5219.423	5072.839	4367.5693	1455.0734	5257.159	1155.2847	1000.0	834.7	915000	438.05032	152.94914	552.6882	-68.15906	438.04892	152.95294	554.4744	-45.90696	439.08203	152.4904	553.6384	-46.470715	-2.3468719	6.5364146	86.84942	-17.015541	26.229681	26.5437	19.592737	5637.311512231827
184	1.2	0.2	4414.413	1693.9558	5227.3286	627.47644	4952.144	993.6282	5307.5303	1971.454	855.3333	937.9	920000	439.57834	152.47331	553.9737	-36.62411	439.57663	152.47627	553.0185	-46.87569	440.6315	152.0371	553.06635	-45.719124	-2.381117	6.640458	93.78312	-17.247446	26.137245	26.656872	19.589445	5677.732698202133
185	1.2	0.2	5217.3086	58.79683	5260.252	5101.584	5326.794	29.117401	5358.0366	5256.835	1000.0	1000.0	925000	439.982	152.64494	558.47723	-26.847486	439.98007	152.64795	553.3241	-33.57681	440.99274	152.22615	553.12994	-37.022552	-2.2991147	6.606202	86.11487	-16.799389	26.594131	26.849356	19.494305	5718.089184761047
186	1.2	0.2	4699.922	970.685	5292.1284	2764.7234	4799.202	1148.7859	5276.729	1357.8933	908.0	928.8	930000	440.19827	152.9216	554.30884	-45.202423	440.1954	152.92531	554.91797	-23.029842	441.22067	152.49997	553.7885	-48.755043	-2.4454727	6.534499	121.02756	-16.468262	26.412096	27.055359	19.244135	5756.68977022171
187	1.2	0.2	5121.8237	99.814	5250.114	4956.264	3484.7024	1617.1449	5113.558	752.4951	1000.0	685.1	935000	441.06116	152.26134	553.07465	-26.03444	441.0588	152.26562	554.4136	-32.00104	442.07913	151.82585	558.82996	-23.793858	-2.2010155	6.5947294	99.000244	-17.476109	26.305412	26.723213	19.446924	5794.130038738251
188	1.2	0.2	5179.411	67.86324	5270.7705	5063.032	5243.143	21.671553	5288.6357	5209.07	1000.0	1000.0	940000	441.72528	152.18353	558.4235	-35.677757	441.72357	152.18463	553.47064	-26.998335	442.7351	151.7438	554.072	-38.7928	-2.4051735	6.5908213	92.15051	-16.673996	26.553806	27.106121	19.62813	5835.035361051559
189	1.2	0.2	4864.9116	489.47812	5215.7866	3859.407	5235.437	8.780097	5246.705	5221.266	941.1667	1000.0	945000	443.1443	151.6913	558.93665	-33.16156	443.14313	151.69069	554.69434	-32.90957	444.1574	151.26491	554.28	-27.987312	-2.2552717	6.601681	99.628334	-18.413355	26.108044	26.747482	19.311823	5878.342017650604
190	1.2	0.2	3917.254	1523.9105	5179.626	1069.6111	4846.7944	762.5588	5316.295	3095.1611	764.3333	915.7	950000	443.5238	151.45071	553.87683	-35.81142	443.52078	151.45465	553.02405	-34.971626	444.51462	151.01984	555.8366	-34.154884	-2.3119774	6.5668945	102.48678	-17.194887	25.689896	26.210232	19.152744	5917.179075717926
191	1.2	0.2	4550.2544	665.32715	5275.653	3556.3884	5225.824	18.655972	5240.914	5175.4053	877.5	1000.0	955000	444.35065	151.33795	555.0063	-38.26901	444.34918	151.33972	555.13654	-81.52575	445.3601	150.89984	553.671	-50.759647	-2.5307221	6.6122217	91.7581	-17.421701	25.646389	26.201807	18.895447	5959.789937019348
192	1.2	0.2	3882.3523	1694.2338	5252.9053	493.52252	4216.4688	1316.2056	5299.174	2072.3484	750.1429	802.9	960000	445.2123	151.03503	558.22516	-37.618263	445.212	151.0362	558.0257	-43.714783	446.20746	150.60074	554.5557	-28.652552	-2.4931242	6.5849457	112.206116	-16.987236	25.594133	25.973808	18.890717	5999.551729679108
193	1.2	0.2	4433.4946	943.1875	5256.561	3266.643	3715.4702	1283.7263	5250.4434	1261.7112	854.4	716.4	965000	444.94293	151.68303	554.71606	-34.06993	444.94006	151.68614	556.06976	-28.353008	445.94507	151.23465	555.9579	-49.11001	-2.5441945	6.5003347	107.0503	-17.976984	25.716223	26.155437	19.218473	6035.153711557388
194	1.2	0.2	5140.586	14.313905	5159.159	5126.646	5184.761	371.1336	5404.303	4091.1125	1000.0	975.6	970000	445.66425	151.34125	565.32007	-38.506138	445.66284	151.34415	555.2696	-27.225496	446.67566	150.89679	555.241	-34.592113	-2.5656805	6.5164165	144.47963	-17.33303	25.694319	26.133904	19.065401	6075.907675743103
195	1.2	0.2	4212.8145	1646.0298	5215.3867	608.4561	4887.8267	1166.1283	5297.396	1389.8378	818.0	926.4	975000	446.44348	151.1551	560.63776	-27.276295	446.44095	151.15782	557.5843	-64.50352	447.44244	150.71985	555.6773	-52.170635	-2.6559381	6.543015	94.94383	-16.898422	25.377125	25.906834	18.826515	6118.516779899597
196	1.2	0.2	5214.84	40.965096	5288.475	5166.8677	4825.961	1172.4125	5253.716	1308.9856	1000.0	925.7	980000	447.01328	151.4425	566.672	-45.50976	447.01157	151.44476	555.55054	-36.646755	448.03653	151.02834	557.1904	-29.18692	-2.618526	6.5399947	91.853065	-16.402767	25.950035	26.34614	19.185137	6159.0926468372345
197	1.2	0.2	5124.225	236.81865	5317.777	4670.162	2841.5525	1892.1841	5355.8784	714.77435	986.4	538.6	985000	448.2834	151.29347	557.7872	-30.42308	448.28085	151.29863	557.7713	-44.397633	449.29504	150.86542	557.075	-32.955296	-2.676658	6.4194465	113.44003	-17.181059	25.375837	25.843647	18.645714	6195.2099776268005
198	1.2	0.2	5068.6553	232.75842	5282.044	4616.5737	3042.423	1722.7982	5399.4834	902.7731	983.6	560.4	990000	448.83185	151.41132	556.48773	-39.97253	448.82947	151.41362	558.9008	-25.637125	449.8175	150.99371	559.5445	-35.055805	-2.5456798	6.4210124	92.835434	-17.327106	25.7292	26.300407	18.922203	6231.470168590546
199	1.2	0.2	5138.064	108.59632	5267.312	4959.247	4747.0776	648.9168	5136.2705	3020.072	1000.0	931.1	995000	449.4829	151.12137	557.99286	-32.897793	449.4805	151.12756	561.80493	-44.169163	450.50555	150.6972	558.6412	-64.59789	-2.4427924	6.431407	158.52782	-20.614943	26.20038	26.425163	19.171602	6272.303729534149
