Epoch	EntIndex	EntCoeff	AverageEpRet	StdEpRet	MaxEpRet	MinEpRet	AverageTestEpRet	StdTestEpRet	MaxTestEpRet	MinTestEpRet	EpLen	TestEpLen	TotalEnvInteracts	AverageQ1Vals	StdQ1Vals	MaxQ1Vals	MinQ1Vals	AverageQ2Vals	StdQ2Vals	MaxQ2Vals	MinQ2Vals	AverageVVals	StdVVals	MaxVVals	MinVVals	AverageLogPi	StdLogPi	MaxLogPi	MinLogPi	LossQ1	LossQ2	LossV	Time
1	1.2	0.2	121.944305	37.42825	256.9249	78.62949	286.7268	21.760714	328.96002	248.53099	24.317074	54.0	5000	-10.949319	61.023415	100.988846	-152.49202	-10.950556	61.026608	103.27301	-152.4202	-14.485928	68.18629	105.90949	-176.26143	34.932373	159.56378	14465.804	-18.015745	6.898262	6.7183723	431.3967	19.351215839385986
2	1.2	0.2	121.41178	37.880764	263.996	78.31102	210.16304	8.306369	221.63292	194.49435	24.198067	38.9	10000	137.53726	64.97861	291.94974	-76.71192	137.53802	64.978935	292.13315	-64.5626	146.93304	63.247047	309.6154	-53.77378	1.7511739	6.4880133	34.3804	-16.755968	9.071488	8.97916	22.038162	37.93512439727783
3	1.2	0.2	277.7702	63.557545	439.34357	158.77171	353.60092	28.135374	383.3523	273.39896	52.494736	75.2	15000	247.86075	98.67279	383.3138	-129.90614	247.8608	98.672226	378.24567	-125.21695	258.96573	91.09426	381.13736	-120.167534	3.5133562	9.442703	45.202526	-16.228659	35.071274	34.77148	56.18517	58.866668701171875
4	1.2	0.2	352.35904	57.53099	487.7967	245.92763	453.92755	96.76836	698.88654	323.058	68.671234	99.0	20000	239.0048	115.278694	384.45862	-70.6556	239.0024	115.288704	386.66672	-68.221146	246.06993	111.81426	381.84268	-77.21394	0.43311107	8.34355	61.028706	-17.792046	27.622656	26.72375	43.207245	80.16541051864624
5	1.2	0.2	356.59158	82.21443	670.4887	225.42784	325.87506	22.074493	376.2492	292.225	71.753624	70.5	25000	212.52454	117.29747	389.55612	-97.929276	212.52461	117.29686	380.48343	-136.80519	217.6412	115.858154	381.24115	-111.42821	-0.9510948	6.6678486	272.03705	-17.312069	26.087309	26.157898	39.20636	100.81143856048584
6	1.2	0.2	401.00766	75.9606	557.40564	251.78723	369.46466	12.362571	391.17148	350.47733	82.85246	69.4	30000	189.98613	109.66969	364.92227	-173.54723	189.98679	109.67275	370.1817	-164.4532	193.96996	109.05571	360.50742	-171.97702	-1.8106424	5.6579995	49.441242	-18.025444	22.08427	21.82435	32.854836	122.0507607460022
7	1.2	0.2	445.7012	101.48892	729.8368	271.2429	458.21088	57.740585	545.27295	347.88342	91.35185	93.9	35000	177.84564	100.00102	342.7752	-37.482693	177.84502	100.00334	345.99005	-31.795849	181.22871	99.6006	339.13782	-45.444695	-2.673618	5.4423804	80.63773	-16.927242	16.696634	16.635288	24.624632	143.35307455062866
8	1.2	0.2	430.1607	94.6891	729.5444	241.87827	510.4095	44.139153	585.2932	456.93	87.50877	102.5	40000	178.44246	97.46213	329.09113	-25.621855	178.44183	97.46365	330.0537	-25.914003	181.55408	97.06557	329.0156	-35.367767	-2.9979548	5.1908984	31.903246	-16.637089	13.901	13.9335785	21.030298	165.19391345977783
9	1.2	0.2	468.56052	113.96206	902.09656	270.6406	414.3128	43.2285	504.15192	366.1209	92.53704	76.3	45000	179.6458	97.39027	331.7609	-19.723417	179.64548	97.389145	332.2186	-20.55592	182.3452	97.03206	327.8333	-19.95968	-3.6740108	5.1615434	31.703215	-17.750813	12.380235	12.459663	18.811512	186.69874358177185
10	1.2	0.2	469.56287	87.45728	790.82465	346.65604	527.84	55.4379	648.69073	446.78204	92.01818	101.9	50000	179.38823	95.94066	329.77994	-13.956341	179.38829	95.94101	332.0946	-37.8393	181.89511	95.61934	327.77704	-45.271534	-4.0536647	5.0735717	37.54979	-18.049305	12.039456	12.106255	17.785358	208.62569570541382
11	1.2	0.2	504.58673	120.49926	855.0265	359.23456	538.0619	47.123486	577.1169	415.50702	97.70588	103.2	55000	182.90305	95.5505	333.62598	-27.252495	182.90297	95.5514	331.37967	-27.261997	185.39182	95.27229	332.8039	-29.007874	-4.0970845	4.912877	30.498663	-17.471708	11.319897	11.13208	16.528147	230.25556445121765
12	1.2	0.2	502.58655	88.74831	753.7796	370.89816	460.61948	45.66702	576.3567	408.95474	98.411766	93.4	60000	187.52388	97.0814	337.3635	-30.755587	187.5243	97.08203	335.53403	-27.554392	189.84576	96.73453	335.56458	-41.143295	-4.251017	4.9284086	148.1048	-17.272024	10.631973	10.539179	15.499195	251.98743867874146
13	1.2	0.2	519.0785	100.17168	840.7774	371.1772	436.06738	16.631674	460.89212	409.32788	101.34694	85.8	65000	190.05487	98.04722	340.79776	-33.48317	190.05559	98.04813	340.57965	-25.72735	192.22801	97.695175	338.2703	-30.76913	-4.3549542	4.9402876	32.657875	-17.460238	10.5439205	10.38251	15.2046	273.8980095386505
14	1.2	0.2	519.4577	106.91493	839.9639	336.12668	516.4176	57.750553	670.0323	438.534	100.76	101.0	70000	192.06902	98.34952	342.73257	-23.62727	192.06877	98.350494	342.67828	-23.04702	194.13643	98.0014	344.55524	-36.355114	-4.391036	4.923596	31.441442	-17.292202	10.646567	10.435988	14.6759815	296.38261318206787
15	1.2	0.2	485.41046	77.500305	721.84674	370.8237	462.17633	35.085396	544.7155	417.14383	94.471695	86.9	75000	194.05766	98.38319	346.63882	-31.518738	194.05853	98.385544	349.8001	-21.796282	196.02087	98.01114	343.63943	-23.325733	-4.6031685	4.8933873	63.893997	-18.09523	10.440161	10.192642	14.182906	318.89201855659485
16	1.2	0.2	519.95264	87.60986	727.11346	397.75464	432.55023	22.225876	483.53784	399.6656	101.36735	80.7	80000	195.71008	98.45479	351.627	-46.62725	195.71056	98.45489	349.13855	-37.017006	197.60922	98.09761	344.032	-43.429794	-4.7223825	4.869456	32.462616	-17.031675	10.348811	10.125542	13.824998	341.5330946445465
17	1.2	0.2	547.404	135.47379	917.22675	324.64673	525.62134	67.49045	679.49207	451.28613	106.680855	100.4	85000	197.98747	98.86256	348.0093	-28.93423	197.98814	98.863846	347.92294	-24.067219	199.81868	98.4739	346.94812	-40.503803	-4.8776617	4.787553	35.997845	-16.83782	10.193505	10.057364	13.364844	364.2405598163605
18	1.2	0.2	544.99194	128.01717	1021.2408	349.0877	603.10077	136.30066	963.1527	486.7535	106.17021	117.0	90000	200.5422	99.63212	353.8365	-31.910563	200.54279	99.63167	350.46353	-20.395096	202.3488	99.22917	347.69247	-22.412838	-4.970153	4.761967	33.85578	-17.987963	10.27216	10.127029	13.120506	386.6211624145508
19	1.2	0.2	537.7206	92.93135	817.11456	402.24094	622.08563	172.8659	1035.7034	458.13385	105.489365	118.6	95000	202.667	100.41221	353.39853	-26.93641	202.66756	100.413185	351.81522	-17.733004	204.38441	100.01002	350.84232	-34.57168	-5.033947	4.701745	39.695255	-17.251278	10.284065	10.150628	13.106085	409.2773323059082
20	1.2	0.2	610.66925	143.11044	904.73566	355.48495	591.8938	93.13395	848.059	494.86285	120.95238	119.1	100000	204.8441	101.50921	356.21512	-19.384766	204.8438	101.51002	354.56097	-27.926483	206.54163	101.107605	354.09418	-33.55621	-5.1260085	4.6608086	32.494446	-17.232857	10.55642	10.414731	13.044535	431.6964166164398
21	1.2	0.2	552.63043	122.373405	823.72534	342.7778	610.63184	88.62161	808.7642	465.59085	107.608696	115.2	105000	206.9834	102.43384	358.6721	-20.529982	206.98427	102.435074	358.85596	-20.151028	208.64374	102.03565	357.66446	-25.335932	-5.031773	4.702686	31.998217	-17.211443	10.665447	10.450327	12.918923	453.5590114593506
22	1.2	0.2	543.72534	105.21437	800.449	352.5531	587.6638	106.45192	822.7749	434.0609	107.276596	115.2	110000	208.75735	102.873215	363.05273	-24.5368	208.7577	102.874275	364.26477	-22.799116	210.35466	102.4526	357.71375	-32.614956	-5.2220564	4.532378	33.13862	-18.315691	10.796587	10.636977	12.964602	475.9182331562042
23	1.2	0.2	592.95593	151.10706	1193.9838	382.38773	568.90985	82.15823	764.5811	477.9161	117.333336	107.5	115000	209.5993	103.246796	361.65695	-34.940212	209.59985	103.24759	361.9182	-15.700506	211.12346	102.853165	359.88263	-17.67858	-5.2946687	4.499161	38.96341	-17.86352	10.81216	10.686612	12.648952	497.7574579715729
24	1.2	0.2	570.7944	151.81352	1241.2848	382.88895	554.9442	71.20059	724.86365	459.55902	111.422226	103.8	120000	210.53584	103.509094	361.4751	-36.625122	210.53647	103.50996	360.9604	-21.744497	212.01186	103.09835	359.574	-26.60739	-5.305292	4.498463	30.89202	-17.514418	11.192344	10.955298	12.825622	520.6623847484589
25	1.2	0.2	591.97174	122.38183	929.1507	360.20126	521.89325	44.20816	616.24036	446.82336	116.34884	101.0	125000	211.82346	103.59378	367.19885	-20.163261	211.82405	103.595184	364.69025	-17.79739	213.32233	103.22582	363.6249	-42.18742	-5.0858674	4.552845	33.234093	-17.013485	11.163793	10.979194	12.787609	543.6265618801117
26	1.2	0.2	567.41034	144.47435	1042.6222	356.58704	750.8143	108.6915	966.8992	635.7863	112.65909	146.6	130000	213.55403	104.52579	366.525	-44.962143	213.5541	104.527054	366.25528	-34.183155	215.04172	104.13599	363.68524	-78.52439	-5.132558	4.5830007	32.538517	-17.393642	11.220136	11.105594	12.597542	566.1851325035095
27	1.2	0.2	584.1032	141.3401	1084.9554	355.63284	714.5119	90.548515	869.5412	585.4894	113.818184	136.6	135000	214.97708	104.84455	369.8133	-18.008017	214.97787	104.84518	365.48557	-25.492487	216.42856	104.448494	366.8633	-39.98304	-5.2463675	4.5214396	37.444515	-17.132786	11.225446	11.046109	12.534116	588.7480368614197
28	1.2	0.2	598.8639	142.30028	951.6658	349.09473	607.5321	86.11726	809.2014	492.00522	116.48837	117.9	140000	216.45013	105.11852	371.9599	-19.75335	216.44997	105.11972	368.24347	-24.062082	217.86758	104.71601	366.491	-20.039894	-5.161561	4.5218067	36.999893	-17.634829	11.136144	10.947052	12.022383	611.7553145885468
29	1.2	0.2	569.8842	112.32337	952.36084	369.4032	550.3998	91.778725	747.74457	449.45404	110.888885	102.6	145000	217.22571	105.74397	369.89502	-26.262623	217.22607	105.745575	368.23398	-27.217413	218.61911	105.35129	368.01132	-20.390512	-5.1823745	4.481704	36.372593	-17.180124	11.181531	10.931993	12.041747	633.9775116443634
30	1.2	0.2	603.3414	137.56293	1074.9109	413.07617	594.7918	84.66668	745.6831	480.8223	117.139534	114.4	150000	218.67625	105.85717	370.35733	-40.53482	218.6768	105.859375	371.9316	-25.856964	220.01591	105.44915	367.992	-20.127722	-5.29128	4.428701	39.41503	-17.053873	11.235605	10.939714	11.9162445	656.4057853221893
31	1.2	0.2	623.84906	189.48836	1327.3364	331.55856	496.0708	40.61987	558.5667	441.31232	121.92683	93.2	155000	219.78775	105.973076	373.1906	-19.036844	219.78798	105.974594	369.07462	-18.994444	221.1349	105.56379	368.78827	-19.298779	-5.1209574	4.4165654	32.740997	-16.699896	11.022357	10.841556	11.646654	678.9440019130707
32	1.2	0.2	595.2636	123.205444	901.7179	341.96042	621.8192	52.203373	715.74115	565.4621	115.860466	116.4	160000	221.15285	106.4757	371.57288	-16.211872	221.15257	106.47769	372.1715	-16.331486	222.48048	106.09262	370.89487	-35.276024	-5.158051	4.4076977	33.190216	-17.66309	11.076231	10.893497	11.654105	701.0570449829102
33	1.2	0.2	582.64105	129.25337	997.4236	394.00278	514.8084	54.615685	632.15344	440.32394	112.62222	96.0	165000	222.37508	106.973595	372.8574	-17.894497	222.37598	106.97499	376.03992	-24.486982	223.68787	106.566864	370.70703	-22.887314	-5.2209496	4.3524632	34.415733	-17.11515	11.134466	10.914991	11.601026	723.507625579834
34	1.2	0.2	615.93774	194.64099	1271.934	343.18796	698.65295	101.64009	939.874	585.4973	120.29269	134.2	170000	223.45328	107.534485	375.93576	-15.200499	223.45363	107.53605	373.94357	-17.544731	224.78317	107.1457	373.3254	-21.641834	-5.2220435	4.35548	33.989277	-16.935043	11.23906	10.958907	11.614369	745.8664207458496
35	1.2	0.2	612.8602	115.34384	873.1867	369.67636	693.68567	162.67441	1063.4196	493.54498	120.45238	133.2	175000	224.66174	107.943565	375.77084	-24.84644	224.6611	107.94464	375.2842	-26.1798	225.9464	107.53969	374.5931	-27.035362	-5.183267	4.365071	62.694893	-18.349062	11.337766	11.1633625	11.57115	769.028204202652
36	1.2	0.2	639.20056	127.93429	999.35	382.84985	547.7733	47.461296	616.1827	462.02124	123.675	101.9	180000	225.32565	107.83988	380.07474	-26.052418	225.32655	107.84211	375.8007	-28.16922	226.59834	107.440765	375.69724	-16.880753	-5.1996655	4.309692	34.740753	-18.112991	11.128375	10.890953	11.206317	791.2283554077148
37	1.2	0.2	696.4561	166.14375	1179.2511	441.263	746.0996	119.638725	997.7855	564.1954	138.30556	148.7	185000	226.6089	108.365135	378.46548	-17.676756	226.60904	108.36581	377.0473	-30.648743	227.86313	107.98074	377.17725	-20.972433	-5.11514	4.3096085	100.479385	-17.959816	11.082725	10.964138	11.16268	814.7416710853577
38	1.2	0.2	698.3673	191.44514	1253.4364	345.27283	606.54865	102.63894	844.7937	474.9343	137.02702	116.0	190000	227.33809	108.634155	376.66824	-37.316006	227.33832	108.635895	378.13614	-20.157188	228.58342	108.234215	378.54062	-29.958609	-5.1353817	4.2742305	32.93711	-17.90172	11.301645	11.115168	11.208645	838.1606924533844
39	1.2	0.2	652.76135	110.30503	866.8364	468.75543	626.83325	47.79246	724.5549	544.07043	128.02563	129.9	195000	228.22104	108.77395	379.81277	-15.104252	228.22151	108.77527	380.7812	-20.087173	229.43327	108.38275	379.11243	-18.913544	-5.176409	4.2333484	38.404156	-18.256218	11.389347	11.226924	11.253153	861.4260058403015
40	1.2	0.2	665.0525	185.7741	1183.2792	400.90088	649.9763	95.94535	806.9086	528.8561	130.5	126.5	200000	229.07178	108.7879	379.90363	-22.331524	229.0718	108.788704	380.0224	-26.081818	230.28029	108.39115	379.58154	-22.21253	-5.207691	4.240159	38.44156	-18.458948	11.286793	11.15068	11.066614	884.3999950885773
41	1.2	0.2	734.6137	212.75943	1327.0475	423.94824	602.28796	165.0657	1075.0624	465.07895	145.94118	125.6	205000	230.69943	109.53378	382.76968	-52.04024	230.70032	109.53354	381.7895	-50.64294	231.93294	109.158554	379.83386	-39.482	-5.0460324	4.26196	34.23789	-17.023634	11.302239	11.1705065	11.06033	907.1584548950195
42	1.2	0.2	664.3125	153.54346	1140.3352	436.89	654.8748	112.43191	840.7434	481.72498	130.02563	131.9	210000	232.00027	110.417046	386.11053	-74.62635	232.00128	110.416794	382.3093	-40.92028	233.20566	110.0555	382.27545	-36.653088	-5.076565	4.2736483	36.70333	-18.0904	11.437182	11.337925	11.002823	930.1493237018585
43	1.2	0.2	699.47815	227.61969	1374.5182	405.69235	595.94965	77.914185	732.5507	521.9046	139.02777	117.3	215000	233.05598	110.85943	383.8221	-30.502777	233.056	110.85969	384.3924	-52.384285	234.24753	110.485146	384.32318	-40.406933	-5.02146	4.2656684	46.977882	-16.442108	11.603546	11.524004	11.061931	952.7772779464722
44	1.2	0.2	698.8607	184.73839	1195.0374	413.5861	539.4346	88.21756	788.26776	457.45184	138.27777	105.3	220000	234.14459	111.25001	390.06573	-52.18698	234.14577	111.24901	386.5517	-70.40081	235.34946	110.893036	385.5039	-34.97657	-4.857372	4.336604	38.091965	-16.962185	11.819099	11.786136	11.084044	976.4117720127106
45	1.2	0.2	731.0408	236.11938	1540.1846	432.92102	569.2323	51.40114	663.1333	515.11725	141.94286	105.8	225000	235.31438	112.21829	391.44894	-35.097095	235.31493	112.21882	388.87704	-18.70542	236.52551	111.88173	387.32544	-14.3321495	-4.7986636	4.343577	50.303036	-17.844824	12.089567	11.9591255	11.188424	999.1023960113525
46	1.2	0.2	725.27246	218.09378	1767.7916	459.0767	639.2315	104.9226	882.6182	541.48755	141.65715	119.9	230000	237.05959	113.06545	389.70416	-28.379448	237.06041	113.06549	394.83618	-30.404411	238.30995	112.72644	389.4117	-32.869007	-4.606542	4.4169545	38.273457	-16.798592	11.944692	11.843806	11.347079	1022.2408769130707
47	1.2	0.2	784.27106	225.6903	1293.2292	482.24402	604.22205	32.7433	645.6052	555.24176	153.93939	113.4	235000	238.81485	113.60945	393.0796	-19.183065	238.81517	113.60876	394.97595	-30.546219	240.03069	113.27672	391.72958	-33.665134	-4.660895	4.3779564	45.545498	-17.008045	11.989664	11.947928	11.201086	1045.5424253940582
48	1.2	0.2	833.0433	260.87173	1552.1517	413.90353	638.14075	92.007545	868.63574	555.034	163.8	119.9	240000	240.1271	114.31319	393.59677	-45.96817	240.12804	114.313324	393.5527	-45.714382	241.33524	113.98329	392.967	-49.56306	-4.551445	4.445931	45.635227	-18.27823	12.308152	12.18014	11.508046	1069.5135598182678
49	1.2	0.2	826.09534	266.9816	1632.2584	420.6202	613.25665	75.905655	751.0064	528.50244	163.58064	114.7	245000	241.26082	114.755806	394.5759	-32.911537	241.26077	114.75665	396.37375	-31.354925	242.48544	114.45308	395.8075	-45.37953	-4.450543	4.5190897	45.46634	-16.204033	12.22427	12.122317	11.168311	1093.3398654460907
50	1.2	0.2	1007.40814	373.26474	2065.3718	516.9645	651.6733	125.025986	961.7176	529.13727	199.6	123.1	250000	243.12848	115.45013	397.12823	-30.980368	243.12889	115.45058	396.53186	-21.71037	244.3433	115.144806	396.96298	-31.043802	-4.365379	4.566115	37.599575	-17.143871	12.551137	12.454245	11.44203	1116.3504405021667
51	1.2	0.2	916.48267	403.09604	2511.8374	481.0634	717.95123	182.27812	1205.5646	553.7514	182.25926	136.2	255000	244.27669	116.51517	401.9995	-27.271807	244.27696	116.51552	399.0504	-33.11922	245.495	116.21805	399.37305	-36.37945	-4.3674183	4.5416203	42.940006	-17.88922	12.765348	12.7384405	11.515812	1139.6474566459656
52	1.2	0.2	1024.741	330.8822	1980.8511	580.91327	776.0913	97.0945	955.77545	666.34534	201.56	148.7	260000	245.88025	117.53593	401.05792	-26.233217	245.8807	117.53546	400.8596	-21.302603	247.09604	117.234825	401.25726	-26.860832	-4.313534	4.589371	44.76804	-16.680008	12.826378	12.822572	11.646891	1163.664895772934
53	1.2	0.2	996.65753	398.042	2653.5222	590.3165	813.4794	242.65504	1418.5925	530.61536	196.26923	161.3	265000	248.6222	118.80999	406.52927	-48.138866	248.62318	118.80946	413.32968	-30.830763	249.88782	118.53853	405.19623	-28.0051	-4.1436195	4.6823997	48.66676	-19.251396	13.04887	13.147403	11.917125	1187.723622560501
54	1.2	0.2	1099.5691	407.67456	2197.9175	482.17584	797.2733	222.5459	1418.4172	583.0801	218.86363	156.1	270000	251.52802	119.701904	409.8891	-60.237324	251.5277	119.7027	412.6877	-41.636757	252.77576	119.43989	408.1439	-59.49961	-4.0386114	4.748594	47.20496	-17.319933	13.5962715	13.521832	12.19534	1210.8643703460693
55	1.2	0.2	1213.9044	498.67252	2264.8564	591.4496	741.54443	125.84866	1022.4253	619.5881	242.90475	147.9	275000	252.84338	120.88879	412.55002	-47.71651	252.84377	120.88852	410.89682	-20.178865	254.08243	120.62911	410.0339	-28.17419	-3.9904785	4.7861385	44.185017	-16.294645	13.78978	13.814466	12.377102	1234.9978981018066
56	1.2	0.2	1485.7008	629.0245	3004.1943	550.1677	883.54474	236.27617	1354.8873	541.916	297.7647	171.8	280000	255.80011	121.860664	416.3498	-24.861046	255.80069	121.85996	423.3041	-21.863832	257.09177	121.62237	413.3565	-47.891068	-3.746118	4.8734894	152.6093	-17.668669	14.049178	14.147177	12.488704	1259.3115065097809
57	1.2	0.2	1370.1272	656.735	2518.6172	606.8857	638.76105	67.431335	754.77094	504.15045	275.3889	124.1	285000	259.0131	123.50266	417.77057	-34.797897	259.0129	123.50311	420.07962	-28.343624	260.30835	123.27807	417.76874	-36.89673	-3.6553721	4.9498277	59.79817	-18.316704	14.560027	14.576224	12.98342	1283.298725605011
58	1.2	0.2	1550.953	715.66113	3045.3237	817.372	723.8009	362.09244	1449.3185	456.25964	313.13333	147.9	290000	261.6746	125.65201	423.25583	-22.38914	261.67468	125.6518	421.90265	-25.829203	262.98602	125.44249	422.25934	-19.087395	-3.4844053	5.1186876	46.052483	-17.606962	15.315205	15.378717	13.673672	1306.3806574344635
59	1.2	0.2	1533.0354	1283.3484	4936.2095	576.1382	1462.9348	544.3578	2539.1064	884.85016	312.17648	287.8	295000	264.4659	126.98003	426.4037	-24.944256	264.46674	126.97929	428.5666	-31.400639	265.79065	126.76252	425.48853	-23.877846	-3.3403046	5.196455	40.33544	-16.547035	15.986763	16.069323	14.022833	1333.0193405151367
60	1.2	0.2	1494.7014	777.17395	3466.6484	494.76096	702.4486	59.43802	802.05756	610.3898	306.875	133.3	300000	266.44235	128.61658	430.15002	-33.623737	266.44305	128.61693	430.7679	-37.555397	267.7909	128.41368	428.8859	-75.07464	-3.210758	5.2472496	57.62548	-16.97719	16.586798	16.66638	14.32529	1357.1979150772095
61	1.2	0.2	2083.8127	1259.9468	4233.451	652.90955	1161.1925	415.7627	1910.8334	605.61584	421.33334	232.2	305000	269.81396	130.14548	433.71246	-20.604713	269.81363	130.14554	433.36075	-24.914543	271.1534	129.92973	432.55286	-34.965263	-3.2282286	5.26963	39.73491	-17.908337	16.97988	17.03389	14.502818	1382.5429961681366
62	1.2	0.2	1480.1533	690.22766	3108.3657	434.9104	849.9808	382.53598	1957.5515	585.8555	298.05884	167.4	310000	272.6264	131.61389	438.9497	-21.087929	272.62476	131.6171	438.89474	-25.662884	274.02136	131.42398	437.3982	-23.895388	-3.2173793	5.2787046	45.849857	-17.223698	17.477245	17.492867	14.922441	1407.276835680008
63	1.2	0.2	2273.193	1587.2738	4961.3945	633.18524	1627.6252	853.3946	3833.394	772.453	458.0	323.5	315000	276.0396	132.9787	440.6217	-21.844734	276.0395	132.98035	439.60577	-35.077583	277.41367	132.79694	439.34616	-26.879955	-3.0496793	5.3394027	59.407867	-17.278465	18.162146	18.173262	15.266895	1433.7142634391785
64	1.2	0.2	1652.1974	778.8306	3086.4407	504.06323	1219.9207	414.52664	2048.9116	498.23776	333.66666	235.7	320000	278.5722	134.4459	449.9591	-40.78487	278.57092	134.4466	448.8751	-33.001724	279.9819	134.25623	443.31366	-65.09585	-2.919035	5.4315515	118.80787	-17.68937	18.631561	18.717516	15.646466	1459.1741313934326
65	1.2	0.2	1512.8953	862.50616	3599.591	498.1344	1288.1981	310.24612	1917.7104	833.9747	301.375	255.2	325000	280.47922	135.8599	445.33093	-29.78026	280.4795	135.86127	448.7854	-22.465662	281.84818	135.66678	445.1906	-21.48093	-2.8377922	5.5019073	55.630997	-17.100988	19.451702	19.56567	16.193468	1484.2723846435547
66	1.2	0.2	1510.0172	809.3043	3336.024	687.69324	1047.2152	297.2676	1714.6675	738.4183	304.35294	200.1	330000	283.44464	136.91344	450.52386	-51.90217	283.4436	136.91464	452.40137	-36.140984	284.8736	136.73157	449.16312	-20.5375	-2.7151551	5.5698414	52.68969	-16.173834	20.067112	20.396921	16.811838	1509.925948381424
67	1.2	0.2	1731.5096	1067.1366	3989.4978	581.418	1090.524	451.93793	2399.4624	774.41797	350.0	216.8	335000	285.6589	137.85489	452.81073	-25.88054	285.65793	137.8558	453.12292	-33.035034	287.1209	137.67258	450.63492	-21.108833	-2.6879008	5.634392	59.07393	-16.997663	20.202097	20.29211	16.560661	1533.9169373512268
68	1.2	0.2	2113.6313	593.8331	3656.0308	1374.9733	979.4166	100.444046	1130.8344	777.8304	436.33334	187.8	340000	288.6836	139.49258	454.08884	-29.72559	288.68246	139.49394	455.16046	-22.255993	290.14682	139.32327	454.16122	-21.462406	-2.566673	5.6721997	52.453896	-17.089176	20.960552	21.173758	17.345001	1559.9575591087341
69	1.2	0.2	1577.8157	745.3521	2990.4167	586.9181	1307.6907	498.32504	2264.1226	737.3765	317.42856	259.6	345000	292.3736	140.92836	463.34116	-23.640368	292.37347	140.92853	464.5641	-24.877659	293.8427	140.75056	456.88318	-38.718334	-2.5463326	5.7881713	56.728573	-16.939642	21.134912	21.284985	17.375942	1583.8676829338074
70	1.2	0.2	2896.6982	1361.2008	4980.2026	1289.6816	2413.0496	1292.381	5021.0586	1392.7284	582.6667	482.3	350000	294.67892	142.15323	459.37656	-25.7554	294.67813	142.15402	462.5648	-33.8173	296.13132	141.97855	459.84726	-40.17982	-2.457584	5.826404	56.97488	-16.590124	21.500128	21.68297	17.680656	1612.6031136512756
71	1.2	0.2	2216.925	1318.8282	4983.433	880.6472	1172.57	516.045	2670.1226	867.93976	443.83334	227.5	355000	296.91122	143.92198	466.1897	-17.270458	296.91144	143.92174	463.53506	-16.373316	298.363	143.75105	465.47006	-21.687422	-2.5631917	5.8796377	54.88182	-17.98643	22.00109	22.062027	17.883913	1639.2204620838165
72	1.2	0.2	1786.9646	712.72107	3212.9128	823.52313	1548.4182	874.17896	3224.306	657.22974	361.0	300.8	360000	300.10175	144.30862	465.71344	-18.370544	300.10422	144.30276	466.75693	-37.098022	301.5616	144.12177	465.02203	-20.718132	-2.6103783	5.793565	78.49205	-16.587114	22.658943	22.788958	18.291851	1664.8638622760773
73	1.2	0.2	2721.6814	1493.0862	5022.1987	609.48553	836.20935	187.07088	1116.2678	644.7181	548.2222	159.5	365000	301.1068	145.10533	469.0853	-29.871094	301.10855	145.10205	469.43005	-20.272654	302.53815	144.92426	468.48672	-39.184063	-2.4014826	5.9109287	70.42289	-18.940123	22.9285	22.970037	18.574532	1690.2082941532135
74	1.2	0.2	1962.0527	1210.5442	4944.9727	573.3518	804.54663	182.35538	1265.9585	641.17847	393.85715	151.8	370000	302.86823	146.11995	471.74756	-27.375261	302.87253	146.11151	471.06668	-20.870403	304.30624	145.95424	470.07	-48.747276	-2.4475107	5.958001	60.491558	-16.687332	23.512663	23.487898	18.862753	1716.6671195030212
75	1.2	0.2	1935.7958	1124.167	4964.494	907.52014	1113.9727	262.0078	1446.8989	608.8095	386.07693	213.2	375000	304.62512	146.6289	471.3279	-30.32376	304.63196	146.61478	470.83466	-23.654238	306.06757	146.47	472.98553	-35.21359	-2.3521464	6.0320587	79.02711	-16.101244	23.861685	23.991068	18.94085	1742.0057122707367
76	1.2	0.2	2256.8005	1201.1914	4926.299	580.5909	931.7845	137.92485	1276.1243	807.09064	452.8	180.2	380000	306.75888	148.08614	472.67923	-62.26721	306.76895	148.06541	474.0141	-86.51005	308.18604	147.92387	472.6614	-60.64322	-2.366078	5.9682546	70.08558	-16.365313	24.495344	24.541458	19.669395	1765.847498178482
77	1.2	0.2	2231.951	1417.6674	4710.738	669.4227	1647.0	211.94441	2039.6027	1428.221	445.16666	327.4	385000	308.43484	149.45744	475.18326	-67.83247	308.44675	149.43333	479.29712	-30.839334	309.87527	149.33182	474.38092	-36.36444	-2.2314854	6.004354	74.46058	-16.913311	25.575018	25.682205	20.214088	1794.063360452652
78	1.2	0.2	2776.5764	1378.1558	4874.418	852.2971	1308.3569	328.55515	1816.3401	811.6256	566.1111	260.7	390000	310.95053	150.49994	484.95834	-33.028534	310.96207	150.4775	477.29718	-51.54097	312.39987	150.36949	476.8471	-45.82792	-1.982246	6.078432	87.85536	-17.108423	26.086464	26.057732	20.286175	1821.0083811283112
79	1.2	0.2	2736.421	1672.0786	4988.7847	677.1718	1485.9851	545.57965	2728.0232	824.46106	553.44446	291.6	395000	312.5142	151.18452	481.7872	-25.222208	312.52383	151.16597	482.42676	-47.383057	313.9297	151.04054	478.2343	-51.74621	-1.9520591	6.0976744	63.74728	-18.145775	25.892523	25.990858	20.484343	1847.8082056045532
80	1.2	0.2	3431.7375	1517.7561	4987.5664	787.7742	1384.9662	242.24571	1756.6423	1019.47766	694.0	277.7	400000	314.80148	151.29765	481.6965	-26.784649	314.80997	151.27994	480.93442	-28.448572	316.21906	151.15253	480.36438	-32.61847	-1.9911944	6.0678535	66.552956	-16.205425	26.542799	26.828543	21.062809	1874.237973690033
81	1.2	0.2	1938.0881	1237.8992	4332.6724	621.24634	2395.8394	1049.9775	4858.3926	1124.6826	386.6154	469.9	405000	316.30508	151.55388	484.29758	-32.154972	316.31143	151.54102	486.07193	-35.40741	317.7144	151.4014	483.31284	-36.04173	-1.9276937	6.158353	89.600914	-17.329739	26.56976	26.83109	20.985836	1902.4906451702118
82	1.2	0.2	2448.116	1556.6882	5006.8887	790.2574	3243.647	1681.8605	5011.5356	938.31335	492.3	648.9	410000	318.17084	152.10269	486.5124	-33.549496	318.1774	152.08792	485.97308	-32.782207	319.62042	151.96567	482.88208	-38.619225	-1.7726215	6.123897	85.07359	-16.906408	26.919968	27.385899	21.08029	1932.8111958503723
83	1.2	0.2	2880.142	1660.1196	5037.627	819.11896	804.5718	323.78015	1567.4191	579.58746	580.1111	153.4	415000	320.2376	152.625	490.3925	-45.403347	320.2427	152.61646	488.25977	-37.43928	321.65152	152.49493	486.0905	-38.582355	-1.7508035	6.1424665	81.15434	-18.14344	27.032124	27.23153	21.347504	1958.6880640983582
84	1.2	0.2	1657.9517	1063.6653	4991.511	767.6021	2609.6172	1146.872	4977.41	1104.7382	328.92307	531.2	420000	321.8659	153.96857	487.69946	-51.122444	321.86844	153.96822	491.15994	-39.999817	323.30438	153.88977	487.22665	-56.089386	-1.6959137	6.218092	72.32882	-17.590256	27.482693	27.593048	21.455997	1985.444249868393
85	1.2	0.2	2137.3452	1402.6086	4910.352	502.93854	2190.827	1122.3239	4910.674	926.8263	434.84616	431.9	425000	324.36746	155.09883	492.15726	-41.77951	324.36624	155.10263	494.59103	-32.09341	325.79727	155.00558	488.30588	-43.66573	-1.7987778	6.3277817	81.52125	-17.47778	27.84105	28.100733	21.717962	2015.8594541549683
86	1.2	0.2	2064.4888	1114.2738	4874.6953	1116.4891	3327.0972	1394.652	5043.9854	1557.7523	412.63635	659.1	430000	325.31744	156.19275	490.57022	-33.146057	325.31354	156.19975	492.06177	-27.436192	326.68384	156.0909	493.46835	-31.693815	-1.8432997	6.3495746	77.14495	-17.512783	28.524286	28.699512	22.439907	2044.7747111320496
87	1.2	0.2	4438.173	712.2146	4976.9663	2996.0906	3481.3796	1488.8829	5082.6226	966.0907	907.0	688.8	435000	327.299	156.28941	494.54965	-28.655876	327.29605	156.29436	497.06955	-25.1851	328.6893	156.17339	492.33124	-30.259905	-1.8688114	6.3731256	80.18996	-16.32048	28.684313	29.084045	22.570568	2076.9583945274353
88	1.2	0.2	3083.3027	1303.4161	5015.69	1506.2174	2726.8381	1152.9806	5103.5225	911.2175	624.5714	536.6	440000	329.00116	156.2615	503.18286	-37.212986	328.99988	156.26517	499.22195	-30.730738	330.3562	156.12474	491.57764	-29.580238	-1.9005852	6.3967357	79.213745	-16.927942	28.63185	29.020287	22.4404	2104.7738037109375
89	1.2	0.2	2483.269	1662.853	4926.714	611.9667	2709.6956	1009.13617	4567.5137	788.42725	500.2	529.7	445000	329.94867	155.7479	496.6524	-45.319046	329.94507	155.75359	493.54056	-45.296093	331.30444	155.60304	491.04822	-42.935806	-1.865055	6.5054517	70.61672	-17.070024	28.350525	28.80226	21.95495	2134.205954313278
90	1.2	0.2	2731.0442	1659.4689	4975.2944	814.6721	1861.2936	1728.702	5049.1943	573.1225	547.6	377.9	450000	331.5215	155.88412	500.8265	-27.782396	331.5177	155.88948	494.78705	-33.21461	332.899	155.745	493.79953	-34.026787	-1.8839422	6.479711	98.09861	-16.597551	28.359266	29.041077	22.210787	2163.44708609581
91	1.2	0.2	2350.8206	1500.1858	4976.7305	584.6659	1700.2288	1115.1351	4827.5615	704.0518	476.0	337.7	455000	334.21698	156.1464	497.2085	-32.020397	334.21173	156.15193	493.35403	-34.415787	335.61362	155.98788	492.99054	-41.464554	-2.0369918	6.5089626	78.88816	-16.295063	28.182852	28.946661	22.432882	2190.22602891922
92	1.2	0.2	4008.6514	1411.5939	5055.124	1784.7748	2817.4243	1742.2909	5056.718	775.423	797.5	569.7	460000	336.296	156.38066	495.08813	-32.33371	336.29462	156.38463	496.30005	-37.126694	337.66937	156.1763	495.5557	-36.81095	-1.902076	6.52661	98.06064	-16.96812	28.879774	29.061281	22.581469	2219.680656671524
93	1.2	0.2	3111.877	1636.9958	4930.9067	989.5364	1460.8152	508.61948	2328.727	864.0118	630.2222	284.3	465000	338.38144	156.45016	498.06778	-33.482533	338.38016	156.44798	502.6528	-33.387436	339.7664	156.23584	496.491	-36.54097	-1.8929441	6.468909	93.64762	-17.282228	28.49816	29.111755	22.37144	2249.0181481838226
94	1.2	0.2	3384.4475	1492.5793	4991.5996	1407.9303	3248.3584	1510.6039	5142.5923	1187.0052	690.5714	633.6	470000	341.28937	156.81422	504.10345	-32.592697	341.28952	156.81334	499.10648	-33.753113	342.69778	156.60478	498.71112	-39.729965	-1.9096308	6.5633736	85.42185	-17.003988	27.915403	28.393547	22.16396	2279.2084681987762
95	1.2	0.2	3704.3496	1212.287	5005.939	1549.0939	1551.7637	306.4195	1990.5315	1099.6774	746.5714	300.5	475000	343.70654	157.00114	505.86316	-39.36912	343.70682	156.99622	512.5323	-32.412334	345.14926	156.7739	500.54333	-41.497314	-1.9493676	6.6503997	73.05831	-17.105648	27.68648	28.177807	21.844154	2307.417619943619
96	1.2	0.2	3409.3228	1368.391	5109.0933	1183.6294	4219.6665	1333.6403	5111.637	1259.4729	689.2857	840.1	480000	346.6128	157.52075	502.01474	-30.86028	346.6145	157.51778	503.6854	-28.185383	348.01343	157.286	502.38315	-45.646744	-2.1461294	6.6422987	95.51343	-18.249617	27.16036	27.517157	21.707853	2340.231062412262
97	1.2	0.2	3226.3413	1546.6274	4937.3936	1135.0316	1987.4971	488.16174	2728.2402	1333.7189	661.2857	386.8	485000	347.9516	158.0083	505.39737	-32.8534	347.95364	158.00374	509.46252	-32.235836	349.37415	157.75966	502.3707	-34.949116	-2.1210206	6.6628304	76.905556	-18.041576	27.57652	27.905983	22.003658	2367.706797361374
98	1.2	0.2	3560.0103	1291.4801	4958.098	1045.7905	3680.3367	1369.2869	5053.27	1143.1589	722.8571	734.6	490000	350.02274	158.26117	504.60828	-32.190117	350.02466	158.25575	517.2842	-28.839268	351.4126	157.99501	504.71796	-40.45589	-2.0286071	6.615173	74.16685	-17.669563	27.963371	28.50011	22.403294	2399.8324229717255
99	1.2	0.2	2355.1208	1660.9049	4980.679	628.2526	2683.0828	875.5316	4566.7354	1419.6455	476.72726	546.1	495000	351.8484	158.39449	508.52423	-31.466698	351.85007	158.39035	507.5653	-29.221455	353.25116	158.15433	505.9376	-42.73886	-1.9968047	6.5885305	90.99538	-17.03569	27.9505	28.221622	22.14325	2430.961305141449
100	1.2	0.2	4614.6826	423.83417	4916.7627	3797.2065	3276.6157	1470.4099	5063.131	1147.0737	939.0	650.8	500000	353.3405	158.82121	508.69144	-37.267815	353.34143	158.81648	508.29153	-27.479895	354.68198	158.55774	508.58142	-41.640358	-1.9883908	6.6632466	82.0196	-16.64927	28.094698	28.45409	22.274185	2460.890072584152
101	1.2	0.2	3242.5222	1502.6294	4970.2783	1165.3964	2548.88	1058.9531	4905.288	1174.2363	652.75	509.6	505000	354.20795	158.92604	510.05243	-33.19596	354.20908	158.92323	517.316	-29.76437	355.58945	158.65955	508.74713	-39.547516	-1.9392	6.802753	86.65668	-16.612875	28.686996	28.863693	22.759129	2491.082610607147
102	1.2	0.2	4083.537	1241.168	4925.0073	1571.3036	4984.336	332.48193	5127.4805	3993.8958	836.5	977.9	510000	355.7942	159.01625	511.04074	-29.814564	355.7971	159.01057	515.28284	-33.00198	357.16656	158.75261	509.36908	-35.871452	-1.8576714	6.7139087	99.1078	-17.43033	29.016634	29.42129	22.717375	2525.8974316120148
103	1.2	0.2	3599.1663	1746.9122	4968.2026	772.9808	1564.363	496.41772	2927.024	1043.2661	731.8571	306.2	515000	356.71814	158.82901	510.7176	-37.07604	356.71945	158.82419	512.8826	-32.449524	358.04456	158.56007	509.59848	-41.371143	-1.9138047	6.806972	96.36086	-18.342827	28.9263	29.11748	23.002579	2553.795061349869
104	1.2	0.2	3073.5933	945.17114	4860.987	1592.2115	2052.5698	932.66675	4644.453	1166.5277	629.125	399.6	520000	357.21796	158.93164	511.13574	-36.740845	357.22003	158.92743	515.47375	-32.64115	358.56967	158.66046	514.0476	-43.510113	-2.0235343	6.7130666	95.276474	-18.19597	28.446016	28.647377	22.337212	2582.279176712036
105	1.2	0.2	3602.2668	1321.983	4974.83	1645.1356	2158.523	1043.8597	5061.768	1125.8733	736.7143	430.2	525000	358.84378	158.71577	510.12762	-37.963406	358.8448	158.7122	513.0178	-31.783688	360.19846	158.44347	510.52884	-33.033825	-2.032009	6.7089787	79.34179	-17.334278	27.620037	27.877323	21.902342	2611.858045578003
106	1.2	0.2	3159.9792	1567.0402	4928.768	1281.3896	1297.3796	681.1241	3011.2002	687.4107	649.0	253.3	530000	361.01746	158.89003	512.1886	-38.89841	361.01868	158.88681	513.5653	-30.55484	362.3654	158.60355	510.4123	-33.034397	-1.9945246	6.8179326	86.51073	-16.864584	28.576044	28.955544	22.698906	2637.5402495861053
107	1.2	0.2	3922.9573	1296.007	4937.2173	1421.0815	1110.9934	147.86043	1295.6599	807.7118	794.5	221.3	535000	361.57407	159.11833	514.3105	-29.441	361.57404	159.11453	510.80847	-30.026089	362.8559	158.83804	511.82422	-31.465416	-2.0739732	6.7984767	99.038155	-16.941498	29.010744	29.194511	23.014002	2663.5641276836395
108	1.2	0.2	4122.989	1376.0756	4917.827	1067.373	4551.163	1104.9348	5063.973	1450.4391	840.1667	902.6	540000	362.70764	159.04869	515.79626	-46.591675	362.7095	159.04514	515.4058	-39.672318	364.02808	158.76971	512.2021	-51.9665	-2.1093237	6.8216047	97.10217	-17.675665	28.913172	29.080881	22.923973	2698.3088619709015
109	1.2	0.2	4304.1714	865.1992	4953.4404	2873.9226	1342.0447	419.12415	2011.7097	822.4495	876.6667	263.0	545000	363.97137	158.73036	518.7514	-23.985043	363.9732	158.72372	515.67706	-32.34944	365.26953	158.44917	512.56647	-35.95601	-2.1049607	6.791206	86.35443	-17.078653	28.944498	29.28466	22.906618	2727.438658952713
110	1.2	0.2	3730.963	1534.9598	4922.434	707.14984	4426.9014	1108.7859	5076.2026	2082.03	754.4286	881.2	550000	364.81195	158.99881	514.37695	-38.869465	364.8127	158.99695	513.51624	-33.17823	366.1109	158.71321	515.5014	-41.572453	-2.2532337	6.738606	99.134674	-17.25667	28.970863	29.405031	22.778921	2762.974931716919
111	1.2	0.2	3797.2668	1142.0084	4906.2495	1995.394	3087.4287	1362.9642	4944.0166	1379.6937	781.3333	617.1	555000	366.16034	158.80489	516.804	-32.782223	366.1615	158.80106	519.3125	-25.65308	367.45413	158.51764	513.6607	-38.778545	-2.1831675	6.7414675	98.899414	-16.553358	28.8036	28.919243	22.359478	2793.5021595954895
112	1.2	0.2	3643.691	1746.7422	4989.052	721.10114	1849.7057	869.0113	3801.0376	936.7147	744.2857	368.2	560000	367.99615	158.61253	513.3007	-33.26899	367.9964	158.60945	517.6176	-51.94543	369.26642	158.31033	513.08276	-34.349495	-2.1913412	6.7463174	95.53085	-17.776705	28.633896	28.946228	22.65924	2822.8018083572388
113	1.2	0.2	3444.451	1436.1917	4878.274	1350.0706	1426.7374	555.5369	2813.6794	864.04926	712.6667	281.0	565000	369.4843	158.16856	515.0416	-31.856842	369.4867	158.16376	515.19244	-38.56311	370.772	157.86383	514.0196	-27.79552	-2.0347621	6.8521266	93.19824	-18.010414	28.771826	29.116655	22.648813	2848.6962192058563
114	1.2	0.2	3069.3936	1774.1857	5003.9326	775.8517	4088.08	492.49814	5039.2524	3406.093	621.6667	805.9	570000	370.17917	157.94672	514.34564	-32.85807	370.179	157.94495	516.9211	-29.79068	371.43137	157.62192	512.4909	-34.505894	-2.2129247	6.8180017	86.94819	-16.083439	27.88873	28.21689	21.927301	2884.177921772003
115	1.2	0.2	3498.2698	1239.7024	4905.759	1793.1113	3001.7434	1527.6592	5077.6313	1241.5925	723.2857	590.6	575000	371.0022	158.1506	518.4208	-46.300552	371.00275	158.14508	516.11115	-29.622444	372.28256	157.84334	514.45276	-26.87956	-2.2018585	6.834104	102.774445	-17.81703	27.962782	28.553642	22.239996	2915.7933266162872
116	1.2	0.2	3577.139	1700.1432	5018.408	957.1338	3968.8179	1765.6729	5126.6655	1039.6212	724.4286	775.6	580000	372.61063	157.94743	521.26807	-28.091303	372.6109	157.94218	515.78894	-27.394184	373.8707	157.60822	513.1471	-27.922916	-2.5613928	6.73154	93.364746	-17.051783	28.257666	28.821165	22.185394	2949.586451768875
117	1.2	0.2	3741.451	1728.6145	5007.493	1121.3333	2546.6091	832.8516	4011.0872	1437.8411	755.6667	491.4	585000	373.33603	157.97049	520.5886	-36.66307	373.3382	157.96738	519.18646	-49.947117	374.538	157.63737	515.0002	-60.44379	-2.349609	6.7711816	89.45024	-17.074549	28.293394	28.537863	22.3525	2978.8890902996063
118	1.2	0.2	3800.638	1333.0281	4979.371	1458.2944	3141.2246	1263.2782	5107.3447	1610.5319	776.7143	619.0	590000	374.60822	158.11948	519.4857	-23.75609	374.60858	158.11536	520.128	-49.927135	375.8823	157.77562	515.728	-46.946484	-2.3288186	6.795919	117.95079	-17.166426	27.757967	28.057964	21.9595	3011.8668735027313
119	1.2	0.2	2072.1543	1268.6984	4466.2734	552.4978	2497.4026	1323.0337	4996.549	1042.8641	415.16666	502.0	595000	375.89	157.85033	515.68774	-24.138336	375.8903	157.84596	519.46326	-30.945549	377.13483	157.5279	516.2269	-30.367	-2.1354105	6.681321	100.484024	-16.085562	28.348253	28.785748	22.245478	3042.3028531074524
120	1.2	0.2	3363.3396	1021.9208	4961.359	2276.6753	1293.8463	1157.197	4459.511	554.99365	684.8571	259.2	600000	376.76703	158.17375	542.517	-27.759777	376.76746	158.17032	521.6365	-28.839506	378.0015	157.8377	516.97345	-29.12166	-2.1247625	6.7448173	79.843185	-17.331348	28.269392	28.877699	22.0769	3069.7527673244476
121	1.2	0.2	3097.8423	1287.6208	4950.6367	905.2396	3671.634	1763.6609	5115.911	856.3072	630.25	726.5	605000	377.9903	157.79822	524.3588	-35.317783	377.99106	157.79202	517.4061	-29.244535	379.20673	157.45291	516.6333	-47.451294	-2.3509047	6.7232137	86.04934	-16.889877	27.935217	28.450794	22.067385	3101.987297773361
122	1.2	0.2	3402.6394	1762.2288	4959.2085	758.08636	2836.0178	1202.5232	5041.602	683.41974	693.8571	565.1	610000	378.31668	157.73233	515.5973	-28.966118	378.3162	157.73145	519.17706	-23.436237	379.50174	157.39893	516.9322	-27.750956	-2.2939672	6.7009788	103.236694	-17.847574	28.114796	28.497124	21.927885	3132.5422308444977
123	1.2	0.2	3804.451	1353.9886	4944.605	1463.8652	2363.4734	749.4806	3872.3123	1289.3252	770.0	463.4	615000	378.6048	157.45259	518.94305	-35.545773	378.6054	157.44867	521.8817	-25.849642	379.79227	157.10367	516.5161	-32.418476	-2.4098217	6.76504	81.13801	-16.822546	27.713451	28.136833	21.562428	3163.891387939453
124	1.2	0.2	3103.0085	1665.5609	4980.6865	983.8881	4413.5645	1056.2941	5110.3228	1749.9501	636.0	876.0	620000	379.8	156.9842	515.6939	-29.46304	379.80026	156.9826	515.0987	-28.045408	381.01617	156.61787	517.0353	-40.221542	-2.5095327	6.7847657	109.49614	-18.498272	27.634422	28.060295	21.644255	3196.694560289383
125	1.2	0.2	3591.1702	1458.7993	4963.8247	1710.2965	3459.1172	1645.6866	5021.65	1271.6693	731.4286	701.6	625000	381.10553	157.01239	525.9949	-27.609722	381.10626	157.00783	518.7162	-32.80929	382.31345	156.6635	516.62506	-35.787838	-2.5168908	6.745897	89.2081	-18.50825	27.281061	27.581457	21.136425	3229.8039956092834
126	1.2	0.2	3901.5735	1456.1963	4952.743	1298.903	2886.9773	1724.0764	5127.3516	776.96075	801.3333	582.4	630000	382.50192	157.06187	521.2234	-31.144924	382.50232	157.05898	517.4328	-28.660402	383.667	156.73457	519.1144	-30.134651	-2.5562646	6.6839757	107.44708	-17.129538	27.296108	27.736794	21.485456	3260.454519510269
127	1.2	0.2	3425.9014	1924.0693	4980.6045	608.9714	3090.4062	1716.7579	5087.5654	1095.344	698.125	616.9	635000	382.44382	157.38011	519.2533	-41.77019	382.44223	157.37967	522.2627	-36.72613	383.62918	157.04979	518.4116	-32.95518	-2.2364862	6.730501	92.675125	-17.625742	28.067978	28.533161	21.91554	3294.251861333847
128	1.2	0.2	3148.5972	1641.3187	5054.9883	1274.1697	3529.8384	1565.5084	5188.0166	1234.8248	631.7143	686.3	640000	384.11383	157.09229	520.3395	-21.009365	384.11423	157.08762	525.12476	-31.161968	385.3245	156.76262	519.7296	-26.986208	-2.2651863	6.7073083	91.38671	-18.244934	27.548752	28.058273	21.746553	3324.6334867477417
129	1.2	0.2	4077.7761	1441.0354	5067.963	1606.8015	2038.0498	1192.4202	4031.6995	776.5153	819.2857	404.0	645000	385.47577	157.31859	522.39764	-48.585052	385.47665	157.31528	521.6689	-34.67631	386.6584	156.97086	522.099	-33.551094	-2.3269267	6.7010827	93.84834	-16.713541	27.795094	28.173616	21.631844	3357.008481025696
130	1.2	0.2	2749.6724	1098.0016	4927.152	1109.6364	1509.5032	1240.535	5044.952	611.0724	552.55554	311.1	650000	386.42944	157.20714	525.2322	-24.671528	386.42953	157.20453	521.906	-33.38543	387.62457	156.86911	521.0323	-33.33865	-2.468071	6.6176143	77.21163	-18.710583	27.788828	28.20676	21.703705	3385.5223417282104
131	1.2	0.2	4108.548	1323.7075	4914.6865	1227.8622	4541.8906	1174.003	5164.4194	1582.3035	843.8333	887.4	655000	387.45154	157.30704	525.4398	-36.282593	387.45047	157.30591	522.46136	-30.181442	388.6459	156.9583	522.5565	-32.501644	-2.3490994	6.720663	94.63874	-17.376568	28.41516	28.820374	22.06757	3420.484988927841
132	1.2	0.2	4936.8325	59.33725	4996.39	4842.693	4806.014	859.16724	5115.577	2228.8867	1000.0	945.2	660000	389.2124	157.14716	526.5509	-26.841919	389.21274	157.14604	527.2786	-38.04341	390.42105	156.80338	522.48267	-48.20056	-2.2247934	6.7027836	83.64039	-19.151144	27.79077	28.0568	21.381266	3455.9128654003143
133	1.2	0.2	3734.8723	1762.0096	5047.221	972.96625	1325.0266	623.1512	2869.9065	812.97253	747.3333	260.0	665000	390.01175	157.0434	531.3557	-26.084614	390.01172	157.03915	530.33246	-24.859613	391.1543	156.68187	524.2512	-30.073387	-2.5905552	6.602141	110.61242	-16.793674	27.114117	27.610086	21.134727	3482.9188623428345
134	1.2	0.2	4415.906	721.7304	4959.982	3177.9556	4376.3	1573.7742	5168.407	1217.8962	899.1667	851.3	670000	391.65555	156.9265	526.7894	-31.088036	391.65582	156.92294	531.4843	-22.608479	392.84552	156.57104	523.57526	-28.259104	-2.4627411	6.6165514	98.66805	-16.473385	27.003345	27.478899	20.852774	3519.0305247306824
135	1.2	0.2	3043.8987	1622.3524	4999.3345	769.8392	2855.1873	1219.6975	5179.674	1614.4408	612.2857	560.8	675000	391.60587	156.72818	525.30676	-25.236284	391.60522	156.72533	526.15894	-44.27067	392.74637	156.36433	522.89166	-29.42835	-2.456548	6.568461	95.15152	-17.213774	27.719387	28.271814	21.185785	3548.212866306305
136	1.2	0.2	2889.46	1875.2471	4997.8423	593.1083	4241.5815	1001.5567	5056.728	2252.7188	589.6667	846.5	680000	391.65646	156.54321	526.1844	-27.546535	391.65652	156.54156	532.33374	-27.317455	392.7944	156.18599	524.79987	-29.125969	-2.3867283	6.6876855	84.782196	-17.146446	27.701445	28.167845	21.177475	3583.5839626789093
137	1.2	0.2	2745.8635	1095.5826	4883.978	857.4974	5158.18	3.6256883	5162.5195	5151.217	558.55554	1000.0	685000	392.1407	156.1313	528.2182	-25.812965	392.14078	156.12791	527.8789	-25.386673	393.2985	155.7722	524.5012	-34.85447	-2.4964902	6.6280503	91.8071	-17.626362	27.50792	27.869667	21.20946	3619.4990668296814
138	1.2	0.2	3556.618	1839.531	5064.662	757.5716	4455.759	1395.5756	5131.4053	828.47723	710.2857	872.1	690000	392.5093	155.89153	526.4024	-55.707054	392.50952	155.88757	524.2072	-26.651646	393.61865	155.52705	524.88434	-30.984207	-2.452208	6.656265	112.77002	-16.856577	27.29191	27.898273	21.173748	3653.9739067554474
139	1.2	0.2	4256.1313	1599.9608	4990.5244	678.75525	5002.8315	61.487206	5084.877	4863.9185	856.8333	1000.0	695000	392.7691	155.43352	527.907	-42.132576	392.7696	155.43083	528.7737	-47.78337	393.8883	155.06107	523.7679	-34.071285	-2.4447598	6.5271087	96.24885	-17.288277	27.100704	27.450953	21.20741	3690.5720822811127
140	1.2	0.2	4896.275	27.775383	4938.0645	4861.025	3078.4697	1510.0999	5143.682	1301.4167	1000.0	617.4	700000	392.88852	155.34761	528.01715	-31.582891	392.88803	155.34583	524.6818	-33.812008	394.01013	154.99437	523.5761	-35.145123	-2.4980886	6.6203117	89.86909	-17.504185	26.785631	27.303434	20.665943	3722.854189157486
141	1.2	0.2	3805.2642	1745.4912	4991.0605	964.9624	2148.1353	1091.9525	5104.1704	1112.8529	773.0	426.4	705000	394.1629	154.746	525.4636	-27.474524	394.16254	154.74574	528.20685	-36.775555	395.2907	154.37016	522.70154	-44.317303	-2.5598607	6.6208777	164.3165	-16.904951	26.487312	26.853756	20.332829	3755.105100631714
142	1.2	0.2	4196.4453	1407.0352	5081.232	1389.983	3542.964	1810.9415	5071.827	854.1121	851.4	712.2	710000	395.5446	154.64166	525.0208	-26.61324	395.5447	154.63773	528.61584	-30.486214	396.69586	154.29597	523.8706	-31.338158	-2.5016758	6.5646987	99.88926	-16.916183	25.795258	26.218311	20.18844	3786.3638134002686
143	1.2	0.2	4794.9043	428.06677	5032.8906	3939.155	4744.8306	909.6282	5143.2197	2039.9141	954.6	942.2	715000	397.18427	154.91345	527.3375	-30.518518	397.18533	154.90628	525.46765	-32.368187	398.32565	154.5522	523.89545	-43.69103	-2.3615365	6.613948	84.25885	-16.345518	26.016169	26.898138	20.603603	3821.4163460731506
144	1.2	0.2	4710.0166	484.78177	5021.7793	3650.7605	3978.0442	1554.8873	5055.3037	1343.5631	957.0	800.3	720000	397.82004	155.53775	531.9666	-48.061043	397.8196	155.5362	533.55994	-29.81801	398.9325	155.1826	526.15497	-68.00076	-2.644198	6.613405	113.36833	-16.918337	26.162067	26.626816	20.305548	3858.0886483192444
145	1.2	0.2	2898.6667	1583.3848	5034.897	524.9604	1666.3271	845.74994	2947.3445	790.8971	581.6667	320.7	725000	399.0822	154.92397	528.5212	-36.69619	399.08267	154.92023	531.8592	-40.555477	400.18445	154.5652	527.81036	-40.73901	-2.5847762	6.698429	97.876686	-19.393833	26.562996	27.035625	20.94618	3888.0745775699615
146	1.2	0.2	2733.5981	1804.847	5059.812	961.2721	4199.487	1239.2537	5086.213	2018.107	546.25	838.4	730000	399.91858	154.81104	525.7451	-26.459095	399.9183	154.80841	530.37823	-31.947634	401.04205	154.42766	526.3482	-44.859344	-2.5707333	6.6390886	106.00936	-17.006912	26.188988	26.90038	20.72461	3921.7609837055206
147	1.2	0.2	3250.6304	1785.9863	5027.021	579.3627	4453.1064	872.2303	5166.7	2586.5024	652.375	876.9	735000	400.05786	154.62523	527.5505	-48.02027	400.0566	154.62537	526.8281	-58.489117	401.1664	154.25291	526.6172	-46.070595	-2.6656654	6.6369424	221.0837	-17.433151	26.540268	27.026884	20.580738	3958.191886663437
148	1.2	0.2	3695.9617	1533.9281	5045.8413	937.42084	3887.4844	1588.971	5177.411	904.93	735.1429	768.7	740000	400.88733	155.16882	528.4084	-22.168472	400.8874	155.16534	530.1934	-49.92131	402.0361	154.82039	528.4889	-29.381441	-2.5729957	6.6825542	147.07544	-18.393396	26.443794	27.02153	20.481606	3993.0375628471375
149	1.2	0.2	3735.6094	1979.1155	5033.956	367.24918	3056.1616	1550.6738	4879.9062	769.54767	748.4286	641.8	745000	403.098	154.6336	531.5677	-33.59851	403.09744	154.63258	531.4598	-35.732513	404.21408	154.2716	528.706	-69.56783	-2.546143	6.6633253	105.3041	-17.58235	26.506668	26.885641	20.408413	4026.6599311828613
150	1.2	0.2	4013.034	1235.7584	5072.344	1533.5002	3127.6506	1337.4952	5143.1997	1298.7623	814.1667	619.7	750000	403.37363	154.9221	532.1173	-51.89783	403.37442	154.91966	533.55554	-25.231276	404.4909	154.55022	528.58923	-62.583664	-2.709772	6.6774306	95.256355	-16.376966	27.054523	27.607607	21.187393	4059.6148874759674
151	1.2	0.2	3892.553	1523.5164	4994.2656	929.7225	4553.9404	1202.3689	5114.4883	982.0011	790.3333	920.7	755000	404.5347	154.69885	533.7046	-21.533852	404.53494	154.69586	534.95557	-27.061655	405.6435	154.32573	529.5983	-30.211199	-2.5656471	6.641473	112.802986	-17.001448	26.959507	27.348642	21.055746	4094.6344950199127
152	1.2	0.2	4713.975	427.73935	5007.2144	3871.3696	5204.6104	13.761556	5223.7896	5188.255	962.4	1000.0	760000	405.9859	154.2346	540.3915	-27.924492	405.9858	154.23099	539.3065	-27.686592	407.07748	153.84189	529.21423	-31.541578	-2.777838	6.6214724	119.84773	-18.427738	26.21353	26.615099	20.460495	4130.826369047165
153	1.2	0.2	2803.178	1653.62	5044.112	561.75024	4155.475	1495.529	5093.766	916.9166	559.1111	846.0	765000	406.35648	154.64948	535.5678	-36.459393	406.35587	154.64777	534.10333	-31.097723	407.4744	154.26251	532.45135	-54.479485	-2.5548947	6.5836887	99.016975	-16.5027	26.063623	26.645609	20.361706	4166.104996919632
154	1.2	0.2	2855.6128	1342.3384	5000.3716	1175.2051	4914.219	303.9901	5091.501	4012.6355	584.5	980.4	770000	407.51486	154.48795	534.2987	-39.589375	407.51416	154.48596	536.822	-26.323082	408.64288	154.11128	531.4302	-40.14089	-2.635914	6.586663	94.832184	-16.751694	26.467697	27.118393	20.29547	4201.207958936691
155	1.2	0.2	4405.7075	843.89825	5026.8604	2704.032	5131.7085	36.45741	5162.6714	5051.223	886.8333	1000.0	775000	407.94064	154.85649	536.6592	-29.418419	407.94025	154.85483	534.83716	-31.542591	409.03885	154.47289	535.2533	-32.159718	-2.5046892	6.6589494	103.67984	-17.872358	27.141445	27.481438	20.909054	4238.829990148544
156	1.2	0.2	3712.3008	1459.3179	4977.967	800.7332	3871.8677	1650.8853	5122.472	884.283	753.2857	767.3	780000	407.3629	154.64015	532.265	-34.950024	407.36258	154.63971	536.81696	-27.934755	408.4252	154.24995	532.756	-32.457596	-2.5970144	6.665377	91.42291	-16.878706	27.21898	27.660238	20.850697	4274.008086204529
157	1.2	0.2	4263.4395	1445.0524	5095.496	1039.6067	3047.2192	1732.744	5092.8076	926.0864	870.1667	598.1	785000	407.96445	154.08434	531.84686	-42.75918	407.9648	154.08002	531.4636	-34.835	409.073	153.7034	531.0359	-42.71671	-2.457779	6.5788293	136.60773	-18.416142	27.196024	27.656986	20.60875	4307.22757601738
158	1.2	0.2	3932.586	1530.1611	5027.401	961.31934	4438.157	1319.8154	5104.1904	1425.9729	799.6667	872.6	790000	409.31232	153.50778	533.1408	-28.84931	409.31143	153.50552	533.5018	-28.342392	410.40176	153.10669	531.52936	-34.639256	-2.5929446	6.7100325	100.40348	-18.369417	26.182087	26.53125	20.031612	4341.881477832794
159	1.2	0.2	4376.4087	1464.747	5076.511	1102.213	5115.08	46.66563	5148.4214	4979.3945	872.0	1000.0	795000	409.65588	153.48984	531.8048	-31.260542	409.65573	153.48805	531.50507	-23.195107	410.74594	153.10693	533.7017	-39.917374	-2.452318	6.7491117	88.61025	-17.592716	26.373531	26.752762	20.484697	4379.529222488403
160	1.2	0.2	4171.439	1375.2745	5128.9673	1394.9388	1559.1654	835.5978	3961.95	1002.3383	831.3333	307.4	800000	410.71375	153.33003	532.3764	-33.143795	410.71393	153.32808	532.2435	-32.137135	411.796	152.94745	531.9775	-35.472755	-2.4537232	6.68303	95.56178	-17.090921	26.27039	26.848574	20.0423	4409.643729925156
161	1.2	0.2	4104.0	1474.1763	5136.427	1142.5353	2776.0508	1756.3433	5172.74	843.43274	813.1667	541.5	805000	410.93527	153.60742	533.5794	-36.44444	410.9351	153.60495	536.19385	-45.4121	412.01602	153.24248	532.6968	-42.53736	-2.6310313	6.5618505	91.36146	-16.529406	26.323107	26.889084	20.435919	4441.471018791199
162	1.2	0.2	3452.0056	1572.3263	5050.489	963.57043	2986.4922	1571.5786	5128.085	733.17065	685.8571	588.2	810000	411.4047	153.52118	538.01404	-40.6775	411.40482	153.5165	536.0563	-31.560091	412.48672	153.14241	532.9027	-30.69954	-2.25892	6.7327733	154.1622	-17.960907	27.15518	27.618954	20.656866	4473.48518204689
163	1.2	0.2	4893.069	193.88266	5083.3794	4522.709	4514.0415	1342.3396	5190.97	1287.8289	979.2	873.6	815000	412.49414	153.06725	535.3956	-30.316822	412.49454	153.06525	533.5612	-26.004307	413.5912	152.67635	535.8712	-36.75011	-2.586172	6.7103405	98.902916	-17.450684	26.610317	27.12463	20.603071	4509.458014726639
164	1.2	0.2	3856.918	1126.948	4997.9688	1894.6777	4791.811	723.3567	5275.3975	3417.9915	781.8571	911.5	820000	413.6724	153.07365	550.5592	-26.585232	413.6721	153.0714	541.69336	-33.852505	414.77405	152.68715	536.0734	-40.09001	-2.4424124	6.7156906	106.73422	-17.483238	26.877811	27.251564	20.547455	4546.664430141449
165	1.2	0.2	4126.938	1425.2826	5050.42	1183.1519	4636.198	1137.7012	5131.0693	1245.7852	821.6667	925.8	825000	414.6941	153.00554	534.00806	-39.58332	414.6938	153.0016	541.7835	-24.699272	415.77704	152.63574	533.9601	-60.377827	-2.5326564	6.6668544	92.65091	-17.145533	25.810623	26.5174	19.786648	4582.106034755707
166	1.2	0.2	4154.3667	1662.0845	5062.073	831.22406	4705.3936	859.1629	5174.701	2367.3079	833.0	912.8	830000	415.3673	152.76172	537.9384	-34.236027	415.3684	152.75739	535.8883	-27.499605	416.4291	152.35837	535.49915	-38.24168	-2.8521798	6.658443	105.70981	-17.356895	26.549234	27.13673	20.158745	4615.587700843811
167	1.2	0.2	4234.3877	951.9475	4960.0405	2386.2422	1846.6283	1456.665	5185.462	705.62036	852.1667	354.1	835000	415.93527	152.35094	538.4497	-35.12782	415.9344	152.35101	535.2892	-25.804054	417.00046	151.94975	534.3922	-42.478436	-2.752342	6.599813	115.84517	-17.313545	26.299883	26.541756	20.258059	4646.049952030182
168	1.2	0.2	3598.025	1725.3542	5081.2866	1039.2921	3901.5051	1819.2611	5118.9814	1052.9325	708.375	765.1	840000	416.46536	152.58617	540.2682	-29.10345	416.4646	152.58438	542.46344	-38.805653	417.55695	152.21939	535.78564	-31.930187	-2.511833	6.628626	103.46767	-17.63198	25.891218	26.38818	19.754856	4683.337317228317
169	1.2	0.2	3943.0754	1249.5599	5043.0557	1977.1677	4930.872	813.34485	5268.381	2494.653	790.8333	948.3	845000	418.1181	152.35425	538.922	-50.229	418.11868	152.3532	537.3647	-41.267563	419.20523	151.96518	535.67615	-50.767956	-2.6394532	6.6345215	93.92703	-17.510439	25.727945	25.88912	19.676981	4718.886301279068
170	1.2	0.2	3373.091	1882.6226	5000.422	674.5254	2347.9746	1177.7427	4930.5547	1204.089	679.5714	456.2	850000	418.9876	152.09161	539.0117	-31.720564	418.9876	152.0873	537.37994	-40.958946	420.06342	151.68161	538.0048	-37.27335	-2.630165	6.6748977	88.68167	-17.535751	25.588884	26.193533	19.653988	4749.816998004913
171	1.2	0.2	4617.306	781.1463	5034.579	2873.6638	4107.826	1367.0101	5078.703	942.5113	927.0	825.7	855000	419.13168	152.15268	539.47644	-38.57641	419.1311	152.15129	545.094	-33.76764	420.20068	151.75288	537.64734	-49.58549	-2.5260777	6.6551013	95.59731	-17.860739	26.299786	26.47332	19.974741	4786.898260593414
172	1.2	0.2	3568.2964	1709.5856	5003.7534	721.782	5109.4277	78.802956	5159.11	4879.848	714.5714	1000.0	860000	420.14865	151.43257	541.851	-44.621487	420.14874	151.43141	538.33514	-25.591793	421.17502	151.02231	536.25354	-36.783516	-2.7377858	6.531597	146.59668	-17.08084	25.826462	26.179008	19.671373	4823.993270874023
173	1.2	0.2	5035.917	45.70451	5086.8247	4969.825	936.2736	586.066	2617.1038	552.10803	1000.0	178.3	865000	419.8679	151.12668	537.3938	-28.973831	419.8671	151.1261	540.6357	-26.648636	420.9083	150.73587	537.2213	-31.941147	-2.6918716	6.6043615	115.94254	-16.297245	26.332424	26.642712	19.880201	4852.628093719482
174	1.2	0.2	4035.9343	1681.4272	5002.543	676.6441	1612.4656	619.6839	2940.8196	703.4952	826.2	309.9	870000	420.0613	151.25557	539.81824	-31.735046	420.06128	151.2554	537.65625	-33.797085	421.12167	150.88716	537.4775	-36.226624	-2.7287328	6.6260257	119.603096	-16.984768	26.465706	26.59328	19.947294	4880.557898521423
175	1.2	0.2	4218.043	1592.6292	5042.2617	670.9731	4546.418	1210.9343	5247.9546	1163.5234	847.8333	879.9	875000	420.98837	151.37923	541.7937	-34.348194	420.9885	151.37582	537.31287	-30.301485	422.05865	150.9892	538.3367	-35.93782	-2.954223	6.6367793	106.47922	-16.27103	25.637032	25.94925	19.561361	4916.498898744583
176	1.2	0.2	3523.5852	1703.5165	5061.398	616.1165	5111.79	118.18843	5193.0815	4847.722	701.7143	997.9	880000	422.17096	151.33939	551.14154	-29.12835	422.17075	151.33795	538.952	-36.013893	423.2353	150.94325	538.476	-32.867077	-3.0155237	6.588613	102.790405	-17.662045	25.756313	25.977657	19.484327	4953.534099578857
177	1.2	0.2	4200.933	1603.6963	5042.003	627.6797	5035.5605	420.76324	5187.517	3773.4036	843.6667	972.6	885000	423.39383	151.12636	543.13416	-30.556713	423.39383	151.12534	540.4137	-48.72461	424.48956	150.71732	538.1549	-39.148502	-3.1507854	6.597341	114.197014	-18.709272	25.438423	25.722984	19.319645	4991.525659561157
178	1.2	0.2	4465.7227	829.8924	5054.6587	2735.8857	1604.4587	946.59576	4130.9937	513.6368	896.1667	306.5	890000	424.648	150.96709	542.8154	-31.34101	424.64725	150.96573	544.79175	-27.226292	425.69302	150.56299	540.7018	-34.02813	-3.102299	6.523216	87.1198	-17.49179	25.252277	25.683361	19.489843	5023.581379413605
179	1.2	0.2	4294.7812	973.91376	5059.093	2624.833	5163.2417	5.8467155	5171.195	5155.04	859.6667	1000.0	895000	424.53406	150.9854	543.03705	-37.4315	424.53348	150.98296	539.3946	-34.04359	425.5442	150.58311	541.61694	-44.68897	-2.9496374	6.532788	108.142494	-16.714401	25.762184	26.223997	19.678942	5061.235029459
180	1.2	0.2	4532.3813	941.606	5088.759	2657.7168	3707.1804	1426.6266	5192.9326	1465.4738	904.6	722.9	900000	424.49255	150.84074	540.15234	-31.411926	424.49268	150.84016	539.7211	-26.116615	425.52423	150.44598	541.0521	-41.616116	-2.9852734	6.5405335	103.033134	-17.175577	26.274725	26.568493	19.957142	5094.656836748123
181	1.2	0.2	4998.421	80.28398	5090.778	4876.0083	4175.95	1341.0814	5258.289	1784.5093	1000.0	808.5	905000	424.8806	150.60033	539.53894	-24.56082	424.88135	150.59583	549.61957	-27.322086	425.9108	150.20552	539.86694	-38.905018	-2.897433	6.6261883	90.930916	-19.368578	26.20582	26.78315	19.943588	5129.696839570999
182	1.2	0.2	4279.0786	1685.9899	5130.022	511.49265	4304.55	1413.0042	5169.8394	1432.9181	849.5	835.7	910000	425.39655	150.33865	543.54755	-44.393345	425.39517	150.3392	541.5586	-29.627016	426.40552	149.9517	539.6607	-37.961723	-2.9989264	6.5976844	101.25169	-16.812904	25.619213	25.764605	19.155828	5165.9881756305695
183	1.2	0.2	4912.7607	72.519196	5025.931	4805.2686	4755.298	1048.1179	5119.89	1610.9918	1000.0	930.3	915000	426.00906	150.3357	542.6065	-31.576471	426.00827	150.33424	554.3907	-26.218586	427.06265	149.92355	540.43994	-31.645683	-2.918212	6.679411	96.67393	-17.459587	25.001572	25.569216	19.160091	5202.937967300415
184	1.2	0.2	4952.31	32.279686	4990.62	4904.4795	5200.7764	6.856512	5213.2583	5188.6904	1000.0	1000.0	920000	427.50116	150.34258	542.43585	-34.06169	427.50107	150.33826	543.1725	-26.0272	428.5485	149.9648	541.9882	-33.172943	-2.9913352	6.53061	78.331184	-16.825691	24.575294	25.1211	18.935919	5241.100455284119
185	1.2	0.2	4663.649	331.39682	5051.1006	4183.5225	2958.807	1385.9458	4942.8633	1214.0892	951.0	604.3	925000	428.11353	150.06622	544.1826	-27.731592	428.11478	150.06174	542.19135	-34.898746	429.15833	149.65329	540.7878	-41.045326	-3.1920972	6.5103583	140.28578	-16.39196	25.286825	25.68006	19.157402	5277.2038650512695
186	1.2	0.2	3394.5571	1452.0366	4895.4097	787.02344	5077.1865	560.3404	5292.2334	3397.3584	698.5714	965.1	930000	428.32	149.94322	546.28644	-55.531418	428.3198	149.9408	549.70166	-44.201496	429.34705	149.54268	541.3756	-40.776466	-2.9652736	6.515209	125.005936	-17.065184	24.904453	25.468979	18.901579	5313.396198749542
187	1.2	0.2	4989.2983	63.232655	5047.4185	4874.272	5206.3423	23.571924	5234.5454	5159.4546	1000.0	1000.0	935000	429.17108	149.70041	546.06573	-34.79641	429.1713	149.69775	544.10614	-36.60862	430.20926	149.29471	540.7916	-33.557693	-3.143379	6.516722	94.124054	-16.702715	25.097427	25.544878	19.418036	5351.020989179611
188	1.2	0.2	4614.229	590.59485	5029.181	3442.5708	4808.506	755.56525	5189.827	2782.709	939.2	934.0	940000	429.60083	149.37366	548.4985	-24.835196	429.60068	149.37285	543.37695	-25.588688	430.6389	148.96487	542.6742	-40.131924	-2.9969661	6.51185	119.184845	-16.897722	25.749622	25.945475	19.538786	5388.065627574921
189	1.2	0.2	4454.661	1153.4398	5093.4272	2149.4695	4989.173	583.2955	5194.35	3239.4863	889.8	963.4	945000	430.40353	149.1964	547.08514	-38.297054	430.403	149.19398	542.64966	-34.11412	431.45587	148.7784	543.3981	-38.151344	-2.8173308	6.512096	101.958115	-17.780478	25.155714	25.48867	19.305065	5423.377280473709
190	1.2	0.2	4667.566	563.64465	5075.026	3424.3337	5148.972	10.532477	5169.9014	5134.93	954.8333	1000.0	950000	431.55573	148.59991	544.16547	-41.226463	431.55463	148.598	545.495	-32.60027	432.56992	148.18317	542.497	-35.533894	-3.1202333	6.4580894	107.86857	-18.696543	24.709932	25.286022	18.529358	5463.646565914154
191	1.2	0.2	3721.5852	1288.867	5123.4614	1576.305	5082.8438	120.65738	5182.3135	4782.1333	745.8333	1000.0	955000	431.82214	149.202	550.0499	-31.084879	431.82202	149.20062	544.5293	-41.872208	432.83984	148.81738	543.6226	-34.685066	-3.141372	6.4171906	127.485435	-17.200731	25.383936	25.574713	19.25032	5499.475502729416
192	1.2	0.2	4501.5117	986.5263	5016.8154	2299.4954	5277.048	4.658871	5281.0576	5264.1226	915.3333	1000.0	960000	432.338	148.83754	552.30444	-29.221642	432.3374	148.83757	544.17126	-27.331676	433.34073	148.41519	546.37195	-35.83794	-3.2011151	6.469134	95.35201	-16.67169	25.141703	25.487331	18.85503	5538.80922627449
193	1.2	0.2	4995.1084	45.99401	5086.254	4960.4023	5002.0654	229.20537	5134.146	4370.325	1000.0	989.4	965000	432.72324	148.91963	544.0593	-22.922638	432.72247	148.91982	548.96497	-38.182186	433.73392	148.53992	544.60474	-30.86333	-3.1290028	6.4771404	97.43576	-17.080994	25.478119	25.639406	19.1884	5577.005793571472
194	1.2	0.2	4930.0615	82.08312	5016.671	4775.583	3867.2356	1476.5288	5170.7905	1707.8163	1000.0	751.1	970000	433.47055	149.02576	552.34106	-31.186237	433.47128	149.02316	548.8396	-28.375023	434.46594	148.62431	544.35345	-37.30843	-3.2268696	6.474754	92.639465	-18.039316	25.084644	25.463516	19.143635	5613.368592739105
195	1.2	0.2	4930.63	70.390656	5023.1597	4819.7676	4239.4814	1203.1726	5187.4062	1680.5586	1000.0	842.6	975000	434.30463	148.41821	543.92194	-22.107807	434.30365	148.4205	547.36127	-34.040573	435.32956	148.00522	544.6925	-36.188194	-3.2089777	6.4531155	109.278244	-17.243778	25.093029	25.329756	19.37732	5649.795253038406
196	1.2	0.2	4005.6511	1283.2902	5002.1426	2152.3271	5146.789	78.55957	5215.0273	4938.644	817.1667	1000.0	980000	434.8151	148.32587	547.3509	-23.259283	434.81512	148.32317	547.6764	-33.31287	435.82666	147.91876	548.3472	-36.794125	-3.1656103	6.4318323	96.18387	-18.983198	24.837893	25.091217	18.879244	5687.996560096741
197	1.2	0.2	4433.262	809.5554	5120.137	2923.1536	5055.081	405.16873	5209.836	3840.9922	890.2	973.7	985000	435.12354	148.36751	550.9418	-17.339516	435.12265	148.36725	543.41376	-31.015413	436.16824	147.98415	547.0443	-40.092224	-3.1718888	6.539498	102.03634	-17.883568	25.01935	25.399946	18.790022	5724.150308847427
198	1.2	0.2	5004.922	77.82967	5113.194	4876.4824	4628.169	1187.8265	5229.6494	1560.715	1000.0	888.4	990000	436.4086	148.12857	547.74054	-39.31585	436.40906	148.12555	547.52655	-30.009201	437.42148	147.73586	545.2842	-25.583233	-3.2167006	6.4521527	91.428246	-17.193655	24.645718	25.005335	18.57539	5761.2613530159
199	1.2	0.2	4442.347	1084.595	4971.6646	2018.457	4788.755	1254.2498	5220.563	1026.1182	903.0	919.7	995000	437.5282	147.8446	548.42163	-27.614416	437.52814	147.84163	548.81165	-41.699886	438.56866	147.44337	546.15967	-30.25365	-3.1244495	6.4342556	115.66328	-16.982843	24.304316	24.73518	18.472343	5799.874443292618
