Epoch	EntIndex	EntCoeff	AverageEpRet	StdEpRet	MaxEpRet	MinEpRet	AverageTestEpRet	StdTestEpRet	MaxTestEpRet	MinTestEpRet	EpLen	TestEpLen	TotalEnvInteracts	AverageQ1Vals	StdQ1Vals	MaxQ1Vals	MinQ1Vals	AverageQ2Vals	StdQ2Vals	MaxQ2Vals	MinQ2Vals	AverageVVals	StdVVals	MaxVVals	MinVVals	AverageLogPi	StdLogPi	MaxLogPi	MinLogPi	LossQ1	LossQ2	LossV	Time
1	1.2	0.2	121.34278	37.647587	298.29065	83.213066	263.6125	9.911171	274.96817	247.10954	24.184465	48.0	5000	-13.816162	67.99866	105.36481	-177.66647	-13.811152	68.0007	103.61901	-177.50993	-17.761116	75.92252	109.70095	-212.41856	40.159996	135.4129	18373.275	-16.572647	8.005576	8.032501	260.6181	20.78848648071289
2	1.2	0.2	120.36394	33.46297	236.42827	78.54569	203.23181	8.6642	215.53674	187.39574	23.913876	37.8	10000	143.4491	75.53542	329.57254	-51.14493	143.45012	75.54243	330.99075	-53.384644	154.46095	75.310646	341.01465	-31.362547	1.852628	4.8431463	25.85082	-16.509777	9.462646	9.3474245	23.197233	41.008623361587524
3	1.2	0.2	279.70087	82.48615	495.4918	100.72551	376.53192	29.21699	436.4178	335.5459	54.239132	71.6	15000	273.11847	111.89405	426.46835	-114.88037	273.1163	111.92132	427.28143	-106.555504	285.98535	103.58071	421.02747	-129.04234	3.0634696	7.857698	40.650433	-17.281685	53.964203	52.15857	76.853455	64.96655750274658
4	1.2	0.2	338.5789	88.15628	597.74963	114.7619	442.17755	56.411255	556.5137	375.97998	65.43421	88.5	20000	258.3559	119.522934	418.52225	-93.23275	258.35358	119.55568	415.23846	-69.45395	265.8531	114.77185	413.99554	-72.26511	0.7732215	8.043704	117.47656	-16.97556	44.10618	40.86877	62.075394	88.89903664588928
5	1.2	0.2	408.77234	110.937065	802.44995	247.50838	477.07416	94.25096	728.51166	380.9716	80.90323	99.2	25000	220.8119	117.25126	385.08932	-76.86115	220.81424	117.257126	387.03836	-61.763588	225.97993	115.207924	386.10062	-70.71122	-1.5212528	6.568777	54.777893	-17.054844	30.489178	28.764927	46.394836	113.09883999824524
6	1.2	0.2	396.2335	96.16163	683.3019	211.50026	581.9518	94.397354	701.553	446.82498	79.666664	118.6	30000	194.2294	108.10323	366.47327	-84.059456	194.23201	108.10774	363.6789	-82.69196	198.11186	107.113556	369.651	-82.21092	-1.9067395	6.069232	142.15033	-16.608335	25.417406	24.291368	37.53211	137.44570446014404
7	1.2	0.2	427.77866	72.28625	609.5452	290.8569	549.3795	47.037228	651.5713	480.50092	85.413795	106.6	35000	179.5182	99.26735	335.88367	-52.250957	179.5193	99.26641	336.83777	-30.994888	182.70265	98.6493	334.657	-52.173252	-2.6798074	5.280732	33.320583	-17.235077	21.507826	20.920378	30.437756	161.44472336769104
8	1.2	0.2	429.08896	71.78164	703.23724	342.67563	438.34454	31.060398	504.06808	389.54044	84.694916	81.3	40000	176.87776	94.40719	318.895	-32.69066	176.87811	94.413445	319.7178	-33.17001	179.91861	93.94563	320.85986	-49.93224	-3.2577643	4.935151	54.859753	-16.838577	16.792307	16.129955	24.427935	185.13199830055237
9	1.2	0.2	477.9142	103.2057	816.524	331.41406	514.59906	44.277637	584.23883	429.78104	96.73077	99.1	45000	179.29607	94.73305	324.6316	-31.444426	179.29666	94.73692	326.523	-49.138077	182.04913	94.34154	320.73862	-33.921413	-3.6291153	4.6845193	51.681225	-17.77059	15.452539	14.943452	21.896055	209.36892318725586
10	1.2	0.2	463.96945	87.06354	722.8104	313.52985	394.3873	107.44255	690.2777	297.38446	92.85185	83.3	50000	181.82083	96.098595	330.00366	-32.56144	181.82184	96.103386	332.1177	-51.30275	184.38026	95.7748	326.70758	-21.840792	-3.8839777	4.60364	31.028273	-16.615843	15.119827	14.505531	20.95121	233.35656595230103
11	1.2	0.2	522.9048	125.32709	815.4021	298.14252	658.29694	132.7884	963.9592	469.0358	105.680855	130.0	55000	183.69254	96.506454	331.86288	-22.594402	183.69376	96.5091	334.64276	-29.78154	186.09137	96.222626	330.029	-28.726143	-4.191604	4.5263066	30.65807	-17.89442	14.449431	13.892522	19.458464	257.7167932987213
12	1.2	0.2	503.80078	135.10103	946.71356	355.81955	525.32043	140.21364	791.95905	388.53375	102.87755	109.0	60000	187.42023	97.746574	343.38983	-29.66314	187.4211	97.75015	338.55566	-30.690351	189.76315	97.5141	339.19937	-76.291985	-4.2012935	4.453097	37.146263	-18.879791	14.118934	13.550643	18.776712	282.31461095809937
13	1.2	0.2	508.83032	95.26226	798.27155	354.23782	537.5041	95.65186	772.78705	439.49243	102.408165	111.9	65000	189.09503	98.69984	343.38223	-22.380234	189.09612	98.70591	342.65274	-26.615374	191.2289	98.46755	340.8082	-30.995028	-4.263993	4.3629956	39.59757	-16.87833	14.100043	13.47975	18.477213	306.8638553619385
14	1.2	0.2	540.65564	109.28871	840.99084	357.72327	484.6022	41.591396	544.2123	410.3535	105.80851	93.5	70000	190.47014	98.76567	346.86603	-35.92891	190.47025	98.77179	344.39688	-51.310387	192.49843	98.52739	342.61932	-26.511452	-4.4659777	4.2702804	31.41533	-17.410463	13.648671	13.052003	17.576683	331.24622917175293
15	1.2	0.2	531.7911	97.32488	780.7209	362.35022	493.4462	60.27482	639.1967	431.28995	104.25	96.5	75000	191.88293	98.818306	344.5119	-35.27306	191.88324	98.82303	345.0041	-35.864433	193.8284	98.55256	342.23886	-31.158697	-4.7750735	4.3038073	31.933363	-16.933977	13.28148	12.749272	17.167353	355.71876549720764
16	1.2	0.2	527.98096	107.747475	878.8796	354.2164	568.36414	73.90803	750.32166	464.58942	103.875	111.2	80000	193.45102	99.15937	346.30017	-38.51571	193.45177	99.164925	348.07434	-55.02446	195.27081	98.89902	345.58734	-68.58285	-4.9281754	4.193917	28.917044	-17.65943	13.264378	12.710489	16.672947	380.2690010070801
17	1.2	0.2	575.3883	149.8767	1051.2827	402.2955	626.16846	147.5767	927.1673	429.0541	113.52273	125.8	85000	195.71834	99.53544	349.99615	-30.591103	195.71794	99.541435	350.50543	-45.610306	197.51816	99.303116	350.71164	-66.85096	-4.7330165	4.181685	29.950611	-17.074892	13.363756	12.758874	16.498072	405.0248658657074
18	1.2	0.2	599.45807	197.51811	1393.1079	349.80508	502.05063	128.50568	847.27216	394.3528	117.92857	104.9	90000	198.16365	100.18142	352.0853	-25.61904	198.16373	100.18806	350.79062	-22.645222	199.91528	99.91519	351.34415	-26.832664	-4.646556	4.2129884	38.662884	-18.73383	13.246022	12.595914	15.978236	429.4052288532257
19	1.2	0.2	540.9706	84.72242	814.47687	393.05463	659.5709	145.58882	1038.3707	528.82764	107.3617	133.9	95000	200.42352	100.62298	355.8877	-37.738487	200.42421	100.62874	353.66025	-65.9527	202.12392	100.36717	352.26578	-34.120922	-4.667572	4.1847677	38.245804	-16.937637	12.728847	12.191181	15.509039	454.3126320838928
20	1.2	0.2	580.3925	143.67404	1146.5026	347.22357	765.3607	332.6393	1737.8533	554.7867	114.83721	153.6	100000	202.12888	101.578384	357.43085	-42.10823	202.12863	101.58309	355.07254	-37.272064	203.74486	101.29531	355.22885	-34.50879	-4.664404	4.1593685	33.603165	-17.989445	12.726632	12.169537	15.257075	479.28591752052307
21	1.2	0.2	574.0052	137.05573	897.2657	361.49484	658.9859	158.327	910.5164	448.2081	112.46667	135.0	105000	203.92218	101.96656	358.45975	-27.126863	203.92233	101.973045	358.62146	-35.261795	205.47359	101.70137	357.11847	-32.70594	-4.7628407	4.116364	31.107964	-16.959	13.06459	12.413125	15.42551	504.6327455043793
22	1.2	0.2	580.27246	158.01897	1119.105	411.40112	568.6942	63.32115	635.65967	455.0137	115.976746	116.9	110000	204.12854	101.97598	361.34204	-51.047634	204.12929	101.98191	359.58365	-47.500652	205.60788	101.71896	357.45618	-38.602036	-4.730107	4.0279408	31.665514	-16.742226	13.097624	12.444333	15.228992	529.5950183868408
23	1.2	0.2	540.13007	103.14218	762.2612	346.9842	743.3914	99.9429	870.2638	553.07153	104.583336	139.3	115000	205.25992	102.1456	357.6066	-22.75665	205.26045	102.15022	358.50244	-21.599083	206.6943	101.876076	356.90152	-39.059685	-4.9506483	4.0119705	33.39355	-17.317278	12.790131	12.219464	14.644506	554.8619005680084
24	1.2	0.2	537.68097	77.509224	812.333	406.11136	562.8766	75.23199	697.5818	460.648	103.916664	104.8	120000	206.83018	102.577614	359.5073	-19.52558	206.83002	102.58187	360.74182	-33.481396	208.26778	102.34684	360.1324	-17.430737	-4.844206	4.1060433	32.593056	-18.532858	12.5393715	12.073558	14.238616	579.4583351612091
25	1.2	0.2	561.34344	130.0983	911.0059	392.2882	679.7503	140.7025	1060.6879	551.6412	109.04348	130.7	125000	207.45718	103.00367	360.9777	-25.256168	207.4574	103.007965	361.7274	-20.721207	208.82793	102.73837	359.64902	-27.30683	-4.906414	4.0273542	32.71444	-17.236435	12.701287	12.208325	14.286058	604.800520658493
26	1.2	0.2	537.47876	113.03569	932.2933	375.92905	778.96027	260.18414	1288.2247	468.19095	103.166664	158.2	130000	207.9367	102.74148	361.73636	-22.592659	207.93674	102.74653	358.88687	-27.438236	209.24382	102.46014	358.76028	-51.254734	-5.1670003	3.9629085	31.21137	-17.813683	12.353791	11.908904	13.74527	630.215662240982
27	1.2	0.2	560.7003	113.7894	920.71924	403.89926	493.3781	35.953743	557.015	445.11905	107.12766	90.5	135000	208.84718	102.440094	360.1552	-25.709711	208.84724	102.44399	359.63324	-74.08941	210.13449	102.1403	360.07782	-51.40712	-5.1941504	3.9203033	29.615223	-17.854124	12.055428	11.657982	13.256492	655.169760465622
28	1.2	0.2	522.0496	95.96175	863.5372	381.61322	540.488	65.23091	654.7279	445.27167	99.6	100.2	140000	209.59363	102.61584	358.95398	-26.830017	209.5943	102.61987	358.21567	-21.119331	210.85141	102.31401	358.82217	-33.892677	-5.23928	3.9286954	28.98728	-16.856693	11.828737	11.364191	12.946972	679.8907344341278
29	1.2	0.2	560.58777	139.34966	976.2562	415.18066	576.1799	50.39491	681.7967	508.0304	108.26087	106.5	145000	210.97844	103.52195	362.2105	-44.70091	210.97829	103.52699	360.84393	-22.037148	212.24669	103.24588	363.02057	-47.100544	-5.2269	3.9527223	34.501316	-16.544695	11.776349	11.289167	12.770327	704.8263630867004
30	1.2	0.2	539.82794	105.18926	874.79865	368.65295	598.0595	138.77113	834.06793	419.90146	105.25	116.7	150000	211.70445	103.89829	364.72607	-58.99193	211.70518	103.901855	368.04794	-67.571686	212.92268	103.62219	363.41916	-36.98543	-5.3802676	3.9298873	32.8666	-16.781223	12.090879	11.630709	13.051236	730.2520694732666
31	1.2	0.2	573.74194	115.64526	1051.7065	424.52823	580.6057	53.19731	696.2329	511.533	111.4	107.0	155000	211.5746	103.55979	363.61862	-26.579897	211.57457	103.56349	363.47913	-15.303856	212.75229	103.28972	362.1538	-21.175762	-5.4567294	3.9250185	31.606258	-16.778938	11.770259	11.416936	12.374054	755.5967152118683
32	1.2	0.2	573.0832	147.69536	1039.2902	279.1031	582.43713	147.47636	909.59827	455.94565	113.25	112.7	160000	212.1546	103.46533	365.1781	-86.50912	212.15443	103.46973	362.79114	-41.654152	213.315	103.20952	362.07315	-33.966743	-5.427109	3.9199784	32.64225	-17.240417	11.776316	11.393245	12.384833	780.7393686771393
33	1.2	0.2	560.66156	124.49749	1046.9656	394.17813	650.3535	89.62426	825.5508	509.21024	108.04348	122.8	165000	212.8445	103.39271	363.7205	-20.124914	212.84465	103.39637	365.03397	-37.400726	213.99739	103.12642	362.7864	-122.75502	-5.45008	3.9377346	33.59729	-18.209915	11.478762	11.120204	11.923569	805.8017113208771
34	1.2	0.2	577.5672	111.94488	866.34564	372.88474	498.524	58.543438	638.0445	429.78232	112.52273	94.2	170000	213.97566	103.82069	367.06073	-26.328444	213.97586	103.82445	366.81705	-31.698298	215.12914	103.568436	366.71863	-29.561172	-5.4624186	3.8970253	30.761784	-16.633837	11.569074	11.108431	11.69266	830.7582297325134
35	1.2	0.2	604.33905	140.10199	1013.099	429.90765	668.92773	101.570206	822.44745	510.7163	117.95349	130.8	175000	215.20406	104.33507	366.31027	-58.359768	215.20418	104.338745	368.73682	-40.714237	216.33867	104.09441	365.8956	-25.161427	-5.467414	3.93174	34.520878	-17.288797	11.721558	11.247283	11.919116	856.521954536438
36	1.2	0.2	611.45	155.09694	1049.2239	401.95343	596.71716	62.213093	681.0302	480.2709	116.69768	115.5	180000	215.84789	104.717926	370.1039	-45.318657	215.84785	104.72243	368.16797	-35.097527	216.97281	104.474556	367.59924	-90.57745	-5.459007	3.9399474	36.12849	-17.853878	11.889145	11.527299	11.929412	881.9687676429749
37	1.2	0.2	582.82104	149.47232	1131.5703	390.33408	729.302	279.28714	1519.676	525.60126	112.75	145.8	185000	216.58023	104.652435	367.31458	-44.14246	216.58015	104.657455	369.25323	-40.88253	217.69176	104.38265	368.3705	-26.97661	-5.5494328	3.945163	35.914185	-17.27651	11.791304	11.359391	11.584266	907.4894592761993
38	1.2	0.2	588.4358	144.45209	1196.8481	384.70334	568.24506	54.640903	645.1656	480.5794	112.75	106.3	190000	217.19516	104.948296	368.2388	-35.83222	217.1949	104.95378	370.2835	-33.35217	218.31564	104.67466	366.9353	-40.662334	-5.5301795	3.9044077	33.736057	-17.38905	11.729058	11.217156	11.470729	932.59041929245
39	1.2	0.2	604.92365	146.64175	1227.3568	421.77237	605.09314	122.50328	809.8335	448.9614	114.97727	113.9	195000	218.57964	105.33948	369.57733	-29.7735	218.57965	105.342575	370.65515	-47.96377	219.6784	105.0791	368.43747	-54.278694	-5.6157694	3.8856294	38.813835	-16.449713	11.700644	11.346085	11.46381	958.2153091430664
40	1.2	0.2	613.09485	121.47607	886.1588	369.18475	573.6178	70.73372	694.40283	468.1705	117.95238	108.3	200000	220.32056	105.87444	371.39474	-92.13542	220.32043	105.8783	371.7365	-48.01111	221.4172	105.62586	372.24893	-57.262554	-5.6106334	3.9100833	33.753933	-18.16522	11.720364	11.303821	11.333914	983.3594465255737
41	1.2	0.2	584.15063	111.865974	987.2745	395.39056	678.8891	122.73041	894.0648	498.8357	111.755554	132.4	205000	221.30038	106.39885	373.01132	-30.903551	221.30103	106.40244	374.25818	-61.411293	222.4183	106.13598	371.7113	-24.820671	-5.6265945	3.9530175	39.992386	-17.523794	11.734341	11.370506	11.329365	1009.0044593811035
42	1.2	0.2	588.1259	86.78843	817.99664	475.94946	657.64124	111.923004	866.3886	530.7164	111.91111	124.9	210000	221.83272	106.90071	377.36804	-57.585003	221.83266	106.90507	375.87027	-55.98184	222.92732	106.656906	374.16202	-28.100986	-5.6082325	3.9263504	41.13118	-17.84963	11.967953	11.551149	11.355007	1034.5680050849915
43	1.2	0.2	624.62134	165.89127	1204.2706	367.44418	529.27954	47.675156	602.2107	457.30984	121.731705	98.2	215000	222.19223	107.228165	374.77246	-34.922672	222.19235	107.231964	375.77737	-34.99186	223.29335	107.0082	375.93146	-59.281097	-5.5093107	3.9283748	37.400455	-16.928246	12.01849	11.600543	11.288537	1059.9501247406006
44	1.2	0.2	629.0878	124.086555	936.63074	319.09113	570.4842	50.737774	672.0972	508.1211	121.14634	108.2	220000	223.23196	107.49635	376.5528	-39.729095	223.23218	107.50077	376.42242	-30.83683	224.32799	107.27431	375.6855	-31.206064	-5.6448674	3.8620555	37.791584	-16.896715	12.038567	11.574643	11.273818	1085.474445104599
45	1.2	0.2	611.5997	128.38208	1027.5927	400.59525	679.9437	108.982796	886.5464	519.34064	117.23256	132.1	225000	223.88785	107.7598	378.69666	-40.936802	223.88763	107.76494	377.54932	-38.27619	224.9737	107.534584	376.50592	-49.53163	-5.6530824	3.8024151	95.73265	-17.19863	12.24271	11.792478	11.427784	1111.5031163692474
46	1.2	0.2	616.2767	128.56271	982.54297	392.20847	533.4558	37.888668	603.9189	462.4619	118.47619	99.7	230000	224.99431	108.41285	378.62454	-23.39045	224.99445	108.41679	380.53265	-26.874887	226.09476	108.21422	378.17325	-24.399487	-5.7062984	3.8343408	34.989223	-16.860111	12.183019	11.763028	11.07928	1136.9955825805664
47	1.2	0.2	667.75555	138.55562	1041.2028	364.9874	681.3605	105.61112	857.80426	475.26755	130.10527	130.6	235000	225.8958	108.84506	381.53534	-43.46156	225.89464	108.85067	381.4787	-39.358807	226.98714	108.6367	379.78366	-85.3031	-5.567966	3.9208238	36.486156	-17.393196	12.4143915	11.956173	11.4164	1162.6928808689117
48	1.2	0.2	696.9021	142.7135	1081.8586	471.85782	1000.6792	172.11197	1378.7117	793.9718	136.37837	201.0	240000	226.79697	108.81513	382.8307	-37.698494	226.79721	108.8197	384.64896	-30.746054	227.8571	108.60766	382.04782	-36.662422	-5.527381	3.9261196	37.492016	-16.979456	12.335543	11.934075	11.245027	1189.5181214809418
49	1.2	0.2	692.4842	117.017426	1081.3695	498.72476	764.8971	130.36862	949.92914	618.2486	134.37837	145.7	245000	228.03506	109.36886	383.2524	-48.6805	228.03418	109.373924	383.38434	-32.329937	229.11926	109.18028	382.79318	-34.990074	-5.448618	3.9634686	40.09869	-17.56496	12.545566	12.19038	11.26635	1215.4128680229187
50	1.2	0.2	707.9009	182.6366	1325.523	415.5925	606.496	64.84659	689.6552	499.28354	136.10811	117.3	250000	228.81245	109.85085	383.86923	-49.21748	228.81233	109.856186	383.84302	-23.577162	229.88481	109.65682	383.4856	-16.033178	-5.4470625	3.9693387	43.19039	-16.520403	12.564247	12.153792	11.175002	1241.42378616333
51	1.2	0.2	663.52625	170.33263	1166.3903	345.88507	720.0108	107.5361	947.635	555.3769	129.07895	138.6	255000	229.62894	110.110405	386.8273	-21.863161	229.62862	110.11425	386.79633	-27.338682	230.69588	109.92345	385.40994	-38.909195	-5.3295813	3.9467847	37.919933	-16.740839	12.8580675	12.474223	11.336537	1267.12890625
52	1.2	0.2	750.20044	138.76062	1063.4916	483.39166	706.0252	101.47534	971.2716	615.39764	145.8	134.3	260000	230.52904	110.72497	389.3677	-39.63177	230.52916	110.72954	387.06302	-20.581799	231.60626	110.54942	385.75766	-22.132273	-5.394706	3.9713814	37.921886	-18.985231	12.786779	12.330447	11.130013	1293.830565214157
53	1.2	0.2	701.77026	156.93538	1132.4509	482.42514	591.23676	83.24639	748.9544	502.80124	134.13513	112.2	265000	232.2575	111.515884	388.3622	-56.53079	232.25764	111.51948	388.85666	-69.96385	233.349	111.35915	387.17276	-42.07806	-5.3966327	4.042306	44.384777	-17.498882	12.943309	12.535757	11.315927	1319.5816822052002
54	1.2	0.2	707.7978	214.72275	1409.5698	407.78802	678.98816	70.569145	804.8578	607.4059	137.02702	127.7	270000	233.13689	112.309135	392.5166	-33.83612	233.13713	112.31268	390.3958	-34.328377	234.22232	112.16834	390.50742	-56.408997	-5.240931	4.102708	39.75896	-17.39788	13.102171	12.63246	11.33249	1346.159906387329
55	1.2	0.2	754.52325	231.52588	1765.2822	413.56995	701.2337	48.531487	803.0997	615.27734	147.09091	131.7	275000	234.59451	112.93265	395.5304	-22.93974	234.59537	112.93615	393.35712	-35.70077	235.66794	112.80753	393.22623	-52.83052	-5.3004193	4.03847	52.6923	-16.40407	13.270418	12.898727	11.506269	1371.8059413433075
56	1.2	0.2	787.3189	171.88258	1247.9937	531.6376	721.1869	84.40441	863.1408	610.2115	152.9697	137.6	280000	235.39572	113.3196	393.6655	-25.089838	235.3962	113.32247	394.28345	-25.556683	236.46657	113.1947	394.7841	-20.284788	-5.2497444	4.0491996	40.616753	-16.642109	13.499923	13.119348	11.533012	1398.4428639411926
57	1.2	0.2	829.033	207.7991	1370.9631	533.4891	716.58325	78.10039	851.15424	597.1244	159.59375	132.8	285000	236.03966	113.93728	395.53598	-21.380953	236.04005	113.94027	405.80087	-17.941193	237.11308	113.81646	396.01642	-22.296658	-5.233413	3.98025	47.990692	-17.21946	13.657255	13.24609	11.612218	1425.340529203415
58	1.2	0.2	787.30493	175.42143	1350.8145	582.64856	758.46735	131.2528	973.00366	613.2402	153.51613	143.5	290000	237.59358	114.568375	398.39465	-62.5273	237.59357	114.571304	399.73392	-63.19488	238.68193	114.45936	397.06732	-96.07616	-5.120619	3.9904509	53.35409	-17.348955	13.854985	13.470617	11.922716	1451.0694072246552
59	1.2	0.2	819.85565	290.76932	1882.333	487.94986	752.54584	59.323563	865.15063	634.3314	160.5625	143.4	295000	238.57826	115.36502	402.4238	-43.15805	238.57994	115.366516	399.30185	-32.436024	239.67245	115.264854	399.9693	-20.813894	-5.0565653	4.0189037	43.296753	-17.776485	13.958602	13.4926605	11.707215	1478.1887612342834
60	1.2	0.2	799.1398	189.67065	1227.0071	449.4975	681.00525	85.403854	859.97705	571.09863	155.53125	141.4	300000	239.78986	116.26527	402.6171	-23.09133	239.79211	116.2653	402.29416	-23.109047	240.91345	116.20622	403.1765	-24.564957	-4.975066	4.0695343	42.541557	-17.381956	14.398821	13.93264	11.933277	1504.9146144390106
61	1.2	0.2	885.391	335.52338	1943.131	524.44324	971.83154	188.97232	1290.391	687.0351	175.0	194.3	305000	241.58606	117.2152	405.06317	-51.538357	241.58939	117.21249	405.85953	-54.384007	242.71907	117.16941	404.71545	-20.84665	-4.7738132	4.103689	38.18469	-17.284266	14.8695135	14.389192	12.297516	1532.583912372589
62	1.2	0.2	1097.6125	399.00116	1890.2263	428.995	814.3016	95.69423	958.2704	687.92017	218.54546	156.9	310000	243.55518	118.437065	415.53418	-45.2828	243.56073	118.43069	407.72055	-40.919685	244.72481	118.423744	408.06647	-30.231571	-4.6873817	4.113106	45.47406	-18.180624	14.880292	14.429395	12.279344	1558.803020477295
63	1.2	0.2	867.2391	317.55505	1811.541	343.76077	768.0292	130.4619	943.9654	592.8341	171.6	154.7	315000	244.86237	120.01772	414.59546	-29.976864	244.86823	120.00924	418.64957	-21.482944	246.01315	120.01882	410.6714	-26.734568	-4.640571	4.1795263	106.245384	-16.384317	15.36554	14.87086	12.539677	1586.277580499649
64	1.2	0.2	980.376	315.50528	1592.0278	421.4324	772.88727	52.413494	847.0477	661.9788	192.92308	145.5	320000	246.29309	120.80845	413.26746	-30.810448	246.30006	120.800354	415.26495	-53.462574	247.47424	120.820564	412.73752	-62.951946	-4.5570254	4.1349707	36.821255	-17.24789	15.820367	15.272951	12.786278	1613.2120203971863
65	1.2	0.2	937.4192	327.24982	1598.5186	523.65625	667.42365	47.184013	787.9507	620.82135	186.92308	124.6	325000	248.0316	121.774376	419.83597	-27.525341	248.03868	121.76503	420.26895	-32.43664	249.19632	121.80159	415.79996	-25.821499	-4.5433273	4.1048303	39.499516	-17.191336	16.303482	15.761496	13.274432	1639.3739099502563
66	1.2	0.2	1108.9951	410.81107	2453.051	461.5604	711.37976	63.832775	858.2866	628.2268	220.56522	135.5	330000	249.2444	122.8819	418.21118	-45.450462	249.25159	122.87362	418.21616	-33.0327	250.43552	122.89831	417.48944	-27.20546	-4.2758064	4.2165794	37.38573	-17.287617	17.11391	16.52939	13.988588	1666.5173466205597
67	1.2	0.2	1156.0975	513.97375	2504.6697	569.784	838.4186	207.71776	1248.5842	555.6855	230.28572	171.4	335000	251.5388	123.81982	422.108	-20.243267	251.5447	123.81164	429.01666	-27.613941	252.76845	123.85972	422.20358	-25.918873	-4.07944	4.2708707	42.304638	-17.491262	17.300507	16.738756	13.888181	1693.0796973705292
68	1.2	0.2	1274.8584	656.75494	3428.9731	665.0733	1426.2211	231.67645	1764.4095	953.78125	259.1	275.0	340000	253.62282	124.62833	424.52405	-20.174238	253.62872	124.621445	425.96045	-47.15217	254.88103	124.686	425.0708	-16.663727	-3.9971766	4.3291063	55.1965	-16.749836	17.730835	17.245327	13.872443	1722.2876462936401
69	1.2	0.2	1345.0698	495.15143	2659.3977	567.8834	1200.1356	319.7038	1987.1338	824.2433	269.4737	247.8	345000	256.1846	126.25558	426.3681	-42.399563	256.19034	126.24798	428.1909	-24.706074	257.45673	126.309654	426.22192	-19.978874	-3.929017	4.3747272	52.260273	-18.51997	17.610977	17.31749	13.867556	1750.895668745041
70	1.2	0.2	1191.0134	430.61554	2233.9714	627.54224	948.575	134.27443	1268.2131	720.3156	237.4	196.7	350000	258.15305	127.915825	430.84927	-26.356441	258.15793	127.91119	431.80304	-28.08344	259.45483	127.98441	429.99493	-38.23223	-3.8956056	4.4471254	41.730488	-17.969639	18.426342	17.759773	14.441005	1777.531304359436
71	1.2	0.2	1646.2537	907.2909	3845.0725	608.76196	721.7763	44.94911	796.4386	653.26685	327.875	136.9	355000	261.27603	129.57101	437.3181	-62.388027	261.27994	129.56557	436.9466	-73.00948	262.59903	129.66614	437.21417	-35.677174	-3.7960293	4.4645147	45.48681	-18.290815	19.327484	18.786287	15.04294	1805.4689848423004
72	1.2	0.2	1037.9409	369.3648	1980.2554	534.84265	1966.9545	468.7416	2707.3328	1231.7853	206.04167	381.6	360000	264.72333	131.98824	441.32626	-41.734962	264.72787	131.98407	443.52997	-40.285988	266.14694	132.14241	441.74432	-33.036312	-3.3976805	4.624575	37.730724	-17.390226	20.053871	19.685747	15.449725	1834.95734000206
73	1.2	0.2	1595.0195	954.406	4625.207	728.6914	1355.2152	460.3872	2144.9663	580.2166	321.2	273.0	365000	267.59692	133.63974	446.3666	-27.11958	267.60202	133.63399	454.13522	-39.2568	268.9844	133.77553	446.47992	-34.898296	-3.442022	4.635944	44.41369	-16.825558	20.766977	20.28365	16.13687	1862.9294199943542
74	1.2	0.2	1630.4475	864.70435	4299.452	745.74316	874.58563	60.4111	981.1387	776.1754	328.5625	166.9	370000	269.61487	135.08961	449.8115	-34.02075	269.62033	135.08392	448.92212	-25.69063	271.00958	135.20865	449.8413	-49.658844	-3.4373436	4.70073	41.154636	-17.078257	21.399723	20.883642	16.272982	1891.5611956119537
75	1.2	0.2	1755.1877	714.3471	3314.3464	935.52454	940.3063	98.1546	1059.5753	740.23486	350.07144	176.8	375000	273.2447	137.10146	455.8338	-27.723608	273.24854	137.0961	454.52228	-22.953453	274.70822	137.25468	453.40042	-24.10014	-3.33168	4.788041	53.124737	-17.129395	21.958042	21.588795	16.695082	1918.8163526058197
76	1.2	0.2	1804.8483	1072.471	5006.115	816.7278	1927.3406	1299.7235	5084.87	819.59265	359.14285	374.4	380000	276.53043	139.30992	461.40494	-19.557127	276.53537	139.3049	457.9871	-22.723328	278.0295	139.48372	458.45404	-26.575928	-3.071437	4.8653708	41.021694	-16.618313	22.577099	22.122486	17.394444	1948.6227066516876
77	1.2	0.2	2219.4863	1161.9462	4920.318	808.8999	2652.6897	1085.9824	5117.1772	798.97156	439.63635	515.7	385000	279.7973	141.21324	465.66278	-33.507195	279.80267	141.2072	469.44174	-24.93442	281.32153	141.37906	465.54547	-22.474365	-2.9871411	4.90606	48.861046	-16.297718	23.591255	23.156754	18.005709	1979.2445678710938
78	1.2	0.2	2169.049	1168.5239	5004.0874	818.0633	1166.3931	217.54976	1628.6555	775.53613	430.16666	224.9	390000	283.83905	143.20993	469.4624	-61.85746	283.84253	143.20528	469.553	-30.753979	285.42368	143.38751	467.90485	-42.182915	-2.8825562	4.981449	99.52562	-16.557142	23.73028	23.312614	18.039291	2008.127182483673
79	1.2	0.2	1612.2426	1038.7253	4466.791	640.7197	1328.014	417.67316	1772.9513	616.8228	322.07144	264.0	395000	286.44287	145.03764	474.3853	-31.329897	286.44806	145.03151	471.46567	-28.249746	288.02615	145.21034	472.03134	-32.69227	-2.6893425	5.0715566	60.595177	-17.43577	24.853676	24.524687	18.662996	2035.0716211795807
80	1.2	0.2	1516.6782	784.5393	3518.292	652.43335	1177.134	472.47162	2201.2676	776.88696	302.875	238.4	400000	289.04205	146.52245	476.20078	-26.249487	289.04645	146.51614	479.36588	-29.162924	290.6603	146.68298	476.24866	-35.247646	-2.5606248	5.193118	74.72669	-17.388012	25.55116	25.217707	19.285471	2063.1709685325623
81	1.2	0.2	2415.373	1081.0317	4304.579	793.5417	1097.2283	1346.4532	5126.204	561.23785	488.36365	223.5	405000	292.1442	147.98674	479.11484	-53.24726	292.14938	147.98105	479.70374	-55.36632	293.74356	148.15617	479.1206	-47.043945	-2.6162257	5.211843	53.15498	-17.352728	25.497816	25.015347	19.104753	2092.959413051605
82	1.2	0.2	2686.7976	1040.3463	4126.6763	660.0073	1252.6605	464.44455	2298.0903	617.89056	540.2222	251.7	410000	294.6049	149.51694	487.37103	-33.30399	294.6098	149.5102	485.76328	-28.330019	296.2547	149.69792	483.30225	-27.863972	-2.5346637	5.2781315	53.050003	-17.427498	26.059313	25.709408	19.463028	2121.2621874809265
83	1.2	0.2	3532.1091	1387.8999	5005.202	1603.3992	2994.5881	1355.715	5080.0635	1103.3624	712.7143	590.1	415000	297.17383	150.1575	487.16086	-45.878853	297.17798	150.15022	486.93433	-34.92911	298.77155	150.30884	485.2231	-24.461927	-2.4867797	5.3897314	59.966217	-16.855225	26.305202	25.991568	19.695324	2153.3080167770386
84	1.2	0.2	1934.277	1215.1807	4959.3354	580.23505	695.6378	71.11179	872.8509	602.84235	385.35715	130.7	420000	298.787	150.8579	486.75134	-47.46135	298.79306	150.84933	489.996	-32.288467	300.42297	150.96198	485.1174	-40.83828	-2.4131532	5.4386706	49.97033	-16.822733	26.307617	26.072115	19.991407	2182.1091067790985
85	1.2	0.2	1943.5315	1369.3298	5031.8057	779.25964	1109.6298	179.49974	1433.7719	908.13245	386.92307	214.5	425000	301.2393	150.92876	486.05072	-48.410843	301.24356	150.92328	485.83737	-30.83991	302.86124	151.02234	486.07635	-24.883865	-2.4149861	5.365562	54.72566	-16.72546	26.165035	25.834051	19.538572	2210.6969866752625
86	1.2	0.2	2300.971	1491.8519	4967.4946	541.0954	4159.6924	1121.7156	5063.561	2326.1333	459.0	822.4	430000	303.16342	151.85623	488.9751	-32.503155	303.1684	151.84763	490.1003	-26.430296	304.75812	151.94969	487.4175	-27.09937	-2.6274903	5.325505	54.02749	-16.413948	25.574522	25.402424	19.358355	2245.800683259964
87	1.2	0.2	2201.878	1151.9448	4427.365	840.3346	863.1232	276.95856	1580.0833	600.2479	436.9091	166.1	435000	305.56763	152.42973	489.60516	-44.740726	305.57318	152.4221	489.44724	-29.762972	307.17676	152.48245	487.29517	-25.745573	-2.57911	5.329245	60.0737	-17.506678	25.464989	25.146624	19.287682	2273.026139974594
88	1.2	0.2	2166.9685	1330.2997	4951.068	442.86807	3923.9917	1120.6608	5084.388	2119.699	432.45456	781.9	440000	307.4614	152.77776	490.3607	-25.37326	307.46643	152.77147	492.76535	-23.591547	309.07742	152.85571	491.63144	-21.157078	-2.457379	5.350453	155.59137	-17.77372	25.740156	25.415901	19.308714	2306.9596688747406
89	1.2	0.2	3300.8044	1784.4296	5072.2705	1149.5895	2069.4634	538.17957	2919.034	1122.476	658.25	402.0	445000	309.7546	153.2909	492.99985	-27.397987	309.75824	153.28548	496.3931	-28.127823	311.3816	153.36198	492.83594	-62.21393	-2.5229657	5.334377	73.73951	-17.261087	26.000237	25.656446	19.339449	2338.874766111374
90	1.2	0.2	2084.8418	1231.9519	4976.6777	1017.98883	2795.0273	1250.405	5047.102	1000.0348	420.83334	559.4	450000	312.96252	154.33063	494.91382	-38.372875	312.96722	154.32391	495.6822	-44.560654	314.62924	154.38649	496.62772	-25.113272	-2.51347	5.340891	58.366554	-20.451992	26.060764	25.721432	19.418385	2371.2262785434723
91	1.2	0.2	2614.277	1612.5618	4974.7095	552.36194	2539.782	1767.2687	5041.576	478.36475	524.2222	506.6	455000	314.42273	155.12192	501.00443	-45.406616	314.42746	155.11613	496.9184	-24.633831	316.05334	155.15965	497.789	-84.07963	-2.49548	5.419451	61.737183	-18.131035	26.168976	25.994152	19.249352	2402.1319687366486
92	1.2	0.2	1936.1183	1267.4744	4982.301	687.26624	2029.5867	1030.039	3783.6	686.8754	388.84616	406.5	460000	316.50647	156.11163	501.2461	-47.659004	316.51196	156.10461	499.68997	-23.03168	318.14847	156.17218	500.66592	-87.76402	-2.5230715	5.3426456	59.25447	-16.844305	26.579021	26.049185	19.682907	2433.090425014496
93	1.2	0.2	1533.5579	499.61896	2225.2131	747.64557	1557.7659	410.74982	2385.8293	953.41205	309.05884	303.3	465000	319.15704	157.1434	501.2148	-23.779732	319.16092	157.1352	503.9458	-23.383907	320.7928	157.1737	501.7773	-26.186493	-2.395617	5.3037567	64.10866	-16.79304	26.562687	26.424969	19.621475	2463.627089738846
94	1.2	0.2	1957.6139	1204.7462	5008.24	722.37756	1093.653	584.4561	2672.672	512.15247	390.33334	224.4	470000	320.90393	157.60046	512.9317	-30.096725	320.90884	157.5936	504.91544	-43.246254	322.55017	157.63171	504.08896	-32.942608	-2.376934	5.4061794	91.20411	-17.29701	27.277437	27.074593	19.915602	2491.5038425922394
95	1.2	0.2	3179.0186	1550.8798	5016.9624	893.7017	2090.472	1037.5475	4612.419	953.1334	639.25	420.2	475000	322.03406	157.54012	505.3976	-69.84038	322.03925	157.53351	506.8853	-42.819866	323.65433	157.53937	503.54932	-33.87453	-2.2940097	5.426572	89.762505	-16.334549	27.225924	26.916935	20.00988	2523.0628049373627
96	1.2	0.2	2357.34	1281.9373	4970.476	811.94366	4397.2153	677.5756	5017.8755	3267.1555	470.81818	882.1	480000	324.25598	158.38657	505.6393	-37.689335	324.25903	158.38182	505.78604	-25.568419	325.9861	158.44447	506.4138	-26.477127	-2.0604408	5.472326	85.06181	-16.58672	27.419682	27.084047	20.002829	2559.783615589142
97	1.2	0.2	2517.1997	1500.117	4880.0557	860.938	3867.9272	1922.6099	5135.8184	879.2087	509.66666	754.5	485000	327.46436	159.41742	510.0248	-29.92305	327.4697	159.41112	508.01953	-33.466972	329.14856	159.41411	508.51953	-26.67009	-2.2065902	5.5490537	58.33876	-16.243416	27.84964	27.38275	20.016514	2593.041483640671
98	1.2	0.2	2459.6858	1396.9888	4975.5215	848.0621	2379.9097	1480.7025	5221.1123	928.8414	494.9091	457.5	490000	328.6913	159.328	510.40198	-40.2901	328.69473	159.32388	512.1508	-37.73717	330.34113	159.30374	509.0236	-39.353176	-2.1781764	5.5046186	63.902096	-18.485607	28.101694	27.79485	20.651876	2626.3328382968903
99	1.2	0.2	2166.7686	1261.667	5019.5796	975.8688	5010.789	320.55872	5129.955	4049.2712	430.36365	978.9	495000	329.99405	159.78532	511.63052	-28.14255	329.99734	159.78142	512.2249	-28.019497	331.65762	159.79185	514.29236	-28.486244	-2.2338107	5.5368285	56.363106	-16.448305	27.776379	27.480448	20.265232	2662.3603138923645
100	1.2	0.2	2903.1614	1364.7576	4969.7812	855.03125	991.5848	612.4389	2456.2305	558.763	583.44446	203.5	500000	331.89575	160.58487	518.364	-34.36462	331.89944	160.5802	513.98346	-29.031462	333.51288	160.57132	514.7902	-27.371561	-2.309934	5.4837685	60.10416	-16.462297	27.830313	27.607584	20.40356	2692.424341917038
101	1.2	0.2	2514.537	1288.8007	5004.216	1128.9253	1599.0032	265.61783	1841.801	844.5826	506.9	311.9	505000	332.8166	160.70752	513.8064	-27.915518	332.8201	160.70253	515.21027	-24.430683	334.45352	160.7013	515.3987	-44.48859	-2.2510734	5.5566454	61.245808	-16.086615	27.871887	27.598343	20.213287	2723.1273782253265
102	1.2	0.2	2992.691	1373.2014	5069.901	1320.4609	3425.2495	1630.6245	5026.6777	1010.46216	593.25	683.1	510000	334.70737	161.30083	517.03906	-35.90663	334.70935	161.29868	516.4671	-25.399178	336.34027	161.30138	515.14874	-87.984146	-2.3301806	5.5223613	62.38333	-17.11523	28.176329	27.889605	20.151743	2756.358705997467
103	1.2	0.2	1818.3204	931.73694	3913.3572	769.0364	2669.3992	1533.9325	5102.2876	718.9666	357.64285	525.2	515000	335.7231	161.3759	519.9984	-30.386625	335.72693	161.37108	519.35425	-29.058212	337.35526	161.35999	517.88477	-35.628387	-2.2202098	5.5338707	60.965324	-17.755033	28.550423	28.200682	20.549568	2788.828211545944
104	1.2	0.2	2675.7537	1337.902	4905.212	744.9041	2337.4678	1498.4203	5078.7	653.34344	529.8889	459.1	520000	336.88385	161.78867	519.1665	-29.509499	336.8863	161.78513	519.95197	-25.69259	338.50186	161.76492	520.36316	-48.431656	-2.1635041	5.507425	87.6765	-17.823915	29.399239	29.02134	20.835426	2820.141945838928
105	1.2	0.2	2957.8691	1754.7294	4939.5073	539.2376	3571.036	1838.0817	5151.876	975.6719	594.2222	703.5	525000	338.85956	161.91203	521.2453	-58.89093	338.86313	161.90952	520.6661	-29.269539	340.50958	161.9119	521.92523	-36.420483	-2.0759337	5.5375285	66.188866	-18.725195	29.166101	28.837444	20.823374	2855.4328842163086
106	1.2	0.2	3119.891	1812.5238	4965.91	719.7163	3311.1921	1577.8403	5058.795	739.24396	629.5714	658.2	530000	340.94055	162.47263	520.87604	-33.832554	340.94315	162.47063	520.82825	-65.339325	342.5977	162.46883	521.05524	-24.410797	-2.0506737	5.528426	57.83915	-17.152693	29.035383	28.717417	20.695229	2887.5624237060547
107	1.2	0.2	2335.0725	1110.1029	4231.6646	720.9515	1656.1924	1037.7333	4201.026	551.87933	466.58334	338.0	535000	342.22183	162.50246	521.9051	-38.18416	342.2246	162.49811	521.44366	-40.404457	343.82513	162.48967	522.9663	-31.805145	-2.110056	5.4033966	66.89349	-17.439188	29.86584	29.591003	21.344767	2920.319918870926
108	1.2	0.2	1764.3007	1479.397	4876.0376	341.59543	3261.48	1909.0944	5118.5874	678.1652	355.5	641.2	540000	343.2294	162.97566	526.3878	-27.39618	343.2321	162.97456	522.9054	-41.71376	344.88077	162.9673	525.1145	-35.313656	-2.0235286	5.4654617	66.54768	-17.377277	29.89845	29.492657	21.060303	2954.298095703125
109	1.2	0.2	3186.5815	1472.1499	5056.087	1142.2539	1712.9485	1804.1357	4984.7026	323.6968	645.0	347.8	545000	345.3557	163.06561	526.7331	-64.16051	345.35806	163.06224	528.08405	-34.995445	347.01	163.03107	528.95306	-38.554832	-1.915697	5.4641213	61.98093	-16.569351	29.840946	29.352922	20.903969	2985.9017174243927
110	1.2	0.2	1804.5944	855.50085	3421.9304	716.89075	1018.904	738.87524	2630.4397	479.6424	368.16666	211.5	550000	346.07306	163.1909	529.468	-25.613373	346.0754	163.18913	525.85443	-41.465096	347.66656	163.15303	525.6589	-32.353138	-1.9292164	5.380562	57.957386	-16.720068	29.56385	29.247538	20.93293	3013.5989496707916
111	1.2	0.2	3296.9377	1568.3569	5004.695	992.0539	1701.3291	1237.9684	5005.1235	757.16125	663.375	345.3	555000	347.1661	163.50214	526.9319	-38.636875	347.1685	163.5003	525.4789	-54.911427	348.7714	163.45656	524.8512	-27.725674	-2.0685866	5.4899335	62.10792	-17.703026	29.85286	29.559261	21.20095	3045.668198108673
112	1.2	0.2	2815.1318	1313.2981	5004.364	717.9744	3004.4634	2079.591	5074.3228	558.4196	563.6667	599.7	560000	348.13528	163.43979	524.8459	-25.67603	348.13724	163.43791	528.68805	-27.833075	349.7045	163.37364	524.35474	-38.390343	-2.2155719	5.3916893	60.612785	-17.518427	29.655388	29.179605	20.701618	3079.8213160037994
113	1.2	0.2	3625.5222	1654.363	5007.3296	943.24493	2013.5629	1099.5455	5097.353	844.65106	729.0	391.9	565000	348.9656	163.0379	524.0088	-33.861656	348.96835	163.03487	524.82007	-40.4911	350.563	162.98111	524.7502	-33.792892	-2.3074403	5.489635	57.966946	-17.411459	28.893715	28.66144	20.58767	3111.6910240650177
114	1.2	0.2	2668.7778	1792.4141	5044.184	747.1451	2660.3855	1696.8328	5131.9478	1091.518	531.6667	517.2	570000	351.30014	163.60617	527.9241	-31.675037	351.30243	163.60501	526.3143	-32.166977	352.94348	163.53398	525.44586	-25.990088	-2.138077	5.4805775	75.54708	-17.456297	29.409698	28.963907	20.800419	3144.062134742737
115	1.2	0.2	3181.7104	1535.3782	4999.615	580.96783	4018.814	1592.0466	5098.3955	953.5353	643.375	795.2	575000	352.73737	163.42029	526.7877	-23.479921	352.73987	163.41702	525.26843	-24.77138	354.31723	163.32016	525.78986	-26.099869	-2.2006297	5.440721	59.880253	-17.2535	29.741348	29.42556	21.153362	3180.377735853195
116	1.2	0.2	2550.6584	1819.3695	4950.6377	458.5622	3365.6562	1460.5206	5010.464	1229.8427	521.7778	678.7	580000	353.44504	163.40294	526.50793	-46.83464	353.4478	163.40244	524.8043	-53.998035	354.98773	163.31796	525.92596	-46.477745	-2.0945246	5.3230333	59.609352	-16.708801	30.03702	29.492893	20.96945	3213.963969230652
117	1.2	0.2	3111.6934	1569.463	4931.7583	822.85406	3018.4858	1392.4083	5062.657	1061.3171	627.75	603.1	585000	354.42944	164.00941	535.3139	-45.803493	354.43204	164.00864	527.74725	-40.41083	356.00366	163.9143	525.66516	-31.978989	-2.0732381	5.50103	69.999146	-17.425224	30.135553	29.60646	21.121332	3247.9421458244324
118	1.2	0.2	3356.6768	1812.449	4965.7886	727.2247	3603.4355	1446.5021	5057.772	1911.512	674.375	712.1	590000	355.62433	163.51767	532.4032	-31.258793	355.62555	163.51622	526.57025	-47.586514	357.10812	163.39835	526.76483	-36.385067	-2.188022	5.445294	167.82785	-18.926657	30.123842	29.799942	21.176514	3284.6463961601257
119	1.2	0.2	3004.336	1516.7439	4966.379	1533.0524	1926.9388	1630.2074	5137.5215	761.0542	604.125	385.4	595000	356.62225	163.22682	525.5731	-37.062786	356.62543	163.2238	526.00507	-36.83112	358.13608	163.10233	526.20654	-35.560738	-2.1173754	5.4638624	71.55107	-16.744383	29.925144	29.306396	20.715355	3315.8093314170837
120	1.2	0.2	3796.3303	1634.5754	4929.63	818.347	4935.6577	535.18384	5168.032	3331.893	770.1667	965.2	600000	358.05356	162.91856	527.76056	-26.00726	358.05658	162.91809	527.9082	-27.216805	359.55313	162.798	528.15454	-32.94171	-2.1999042	5.3849187	88.901306	-17.471838	29.76153	29.354025	20.764912	3352.2661356925964
121	1.2	0.2	3091.4307	1664.882	5067.746	1021.8469	3602.98	1582.1582	5105.2007	946.079	614.7778	711.5	605000	359.19785	163.11125	531.2463	-22.280449	359.2001	163.10832	527.1001	-26.437584	360.74298	163.00162	527.43365	-37.00694	-2.147455	5.5581093	76.77501	-17.070133	29.914913	29.50288	20.657835	3389.6847269535065
122	1.2	0.2	3179.7346	1443.624	4959.907	853.70996	3969.353	1545.0668	5127.6094	1180.7252	637.375	780.9	610000	361.36142	163.58476	527.93835	-23.617138	361.36398	163.58218	528.39246	-27.36397	362.94962	163.46933	529.70624	-56.18213	-2.1474924	5.605261	77.655525	-16.467636	29.919268	29.415161	20.730944	3425.9521963596344
123	1.2	0.2	4950.5103	30.943106	4995.1763	4904.3555	3618.1887	1831.5027	5058.0474	618.54315	998.6	715.1	615000	363.39362	164.35759	530.23193	-28.295008	363.3972	164.35612	531.4933	-29.027657	364.9728	164.26672	531.34845	-23.608223	-2.1558645	5.6538	79.23886	-18.460796	30.341757	29.763582	20.830347	3461.5039999485016
124	1.2	0.2	2065.2327	1388.8424	4988.8115	810.1744	3458.4368	1406.7778	5136.464	1429.8392	413.5	691.2	620000	364.65115	164.77281	532.4305	-39.546	364.65305	164.77252	534.167	-37.64807	366.1597	164.64871	531.7049	-29.97839	-2.1908476	5.593463	76.34699	-16.651665	30.981226	30.289154	21.148878	3496.1466002464294
125	1.2	0.2	4359.868	1290.0996	5038.346	1780.2887	3695.0933	1766.9857	5145.9185	801.6601	868.6	725.1	625000	364.87555	164.60634	541.64667	-35.30309	364.87778	164.60231	532.1337	-23.389755	366.3793	164.47247	533.009	-29.365845	-2.2821267	5.602902	62.84653	-18.147732	30.675318	30.424137	21.383339	3529.3693239688873
126	1.2	0.2	2951.128	1780.7129	4985.842	1075.3179	2691.1868	1759.1621	5195.9883	763.822	594.55554	523.6	630000	366.68	164.41325	533.4273	-26.611126	366.6824	164.41273	532.039	-54.902283	368.22177	164.29448	533.3976	-31.76551	-2.160041	5.650585	80.65483	-16.533852	30.745514	30.152761	21.184673	3563.9710788726807
127	1.2	0.2	2957.228	1511.7657	5010.5273	806.04016	2136.8472	1447.6921	4642.2056	854.01294	597.5	415.8	635000	367.58932	164.62268	532.2891	-27.180885	367.59027	164.62349	533.40826	-41.334522	369.1109	164.48544	537.82117	-33.21124	-2.1767335	5.612956	70.69901	-17.392933	30.871418	30.26943	21.19645	3595.368887901306
128	1.2	0.2	4080.1516	1333.7339	5044.509	1475.5594	3957.8047	1680.5101	5257.6353	1021.5912	822.1667	764.7	640000	368.00995	164.21306	532.12164	-37.64704	368.01193	164.21237	533.7389	-33.11363	369.5051	164.05751	533.8658	-37.207314	-2.2344418	5.7210283	66.166916	-16.99606	30.420422	30.040268	21.127752	3630.748553752899
129	1.2	0.2	4374.3643	1394.5989	5031.8184	1256.5807	5137.334	5.741844	5144.3936	5126.8896	874.8333	1000.0	645000	369.5861	163.86792	538.4481	-26.022892	369.58868	163.86621	535.9288	-32.72052	371.08893	163.71927	533.83997	-29.318445	-2.0790253	5.7421665	61.83278	-16.677065	30.451202	29.966429	20.885902	3670.228631258011
130	1.2	0.2	3282.1875	1495.754	5088.0747	1217.5558	1428.6453	187.20143	1658.735	1074.2543	654.5	273.3	650000	370.70523	164.40923	534.29584	-29.302914	370.7078	164.40836	535.4298	-32.50396	372.1753	164.27129	534.1869	-38.58578	-2.0741324	5.6744213	71.60463	-17.342125	30.782915	30.2755	21.144054	3702.1983337402344
131	1.2	0.2	4162.1895	1188.5673	5068.05	2061.6833	4513.4873	1158.753	5108.191	1910.6768	835.5	888.9	655000	372.1561	164.47926	537.19763	-29.729403	372.1572	164.4793	541.3273	-28.33601	373.6358	164.34454	534.8783	-32.52996	-2.206221	5.7404485	65.48494	-18.738783	30.883278	30.43323	21.195965	3739.515538930893
132	1.2	0.2	2836.1191	1703.7633	5119.572	926.1602	2010.152	945.5357	4028.3428	981.63995	572.0	384.8	660000	373.64767	164.37856	534.75555	-27.146614	373.64917	164.37881	537.2394	-38.88517	375.12958	164.25024	536.4473	-30.992851	-2.1373305	5.681015	77.17227	-19.052767	31.240463	30.681005	21.25848	3772.306213617325
133	1.2	0.2	2905.207	1300.3293	4947.0254	914.0197	2357.5415	1822.1943	5132.48	844.2688	579.25	467.5	665000	374.25272	164.83316	537.4666	-46.802536	374.25497	164.83055	535.88	-27.67715	375.75284	164.67807	537.4408	-28.648798	-2.1630518	5.85826	119.4129	-17.202503	31.407581	30.960428	21.226126	3803.857632637024
134	1.2	0.2	4347.689	1306.9534	5034.573	1431.5442	4897.424	469.59003	5081.9946	3489.362	873.5	968.2	670000	375.32062	164.62822	539.0834	-41.279392	375.32245	164.62814	542.89264	-60.543507	376.7715	164.45622	536.8032	-39.77922	-2.2519708	5.772188	96.19144	-16.808563	31.522705	31.029575	21.578617	3842.9269077777863
135	1.2	0.2	3603.2036	1540.6694	5026.5806	730.44946	5070.9497	16.128347	5088.6187	5045.0576	717.2857	1000.0	675000	375.36923	164.04675	540.88574	-31.254726	375.37244	164.04538	542.81445	-42.277832	376.8109	163.86664	537.50543	-27.458933	-2.110107	5.816706	101.146904	-16.836523	31.196207	30.58968	21.20486	3881.619885444641
136	1.2	0.2	3341.9917	1326.835	5039.1387	1249.5682	3794.7983	1358.6372	5068.0703	1053.7981	671.2857	747.6	680000	376.02313	164.22993	539.89575	-31.193447	376.0247	164.22942	537.6697	-34.124054	377.45874	164.1091	538.7433	-32.731476	-2.060776	5.884284	81.03752	-16.496487	30.96128	30.355871	20.906477	3916.577417612076
137	1.2	0.2	4569.2295	647.36035	5131.348	3334.4863	4315.2764	848.541	5095.166	2972.6726	920.8	852.7	685000	377.41605	164.31754	538.85114	-27.884502	377.41745	164.31937	535.35724	-54.70296	378.91458	164.14607	540.17584	-33.04901	-2.0378869	5.9423137	73.890755	-17.594563	31.420263	30.764784	21.254114	3952.5960376262665
138	1.2	0.2	4669.8457	518.6703	5034.004	3601.58	4301.272	1115.1742	5106.9214	1923.1823	935.8333	845.2	690000	380.192	164.25511	543.93207	-27.5344	380.1937	164.25542	541.8663	-32.46714	381.7168	164.08499	539.67584	-33.49887	-2.0661793	5.9294634	101.387596	-17.11045	30.70102	30.257187	20.966734	3991.95707321167
139	1.2	0.2	3736.407	1589.8264	5009.6313	1490.2955	2182.8257	1279.8444	5011.4194	771.53973	750.1667	444.4	695000	382.35358	165.05258	540.4827	-41.312675	382.35464	165.05128	540.82886	-32.210537	383.8683	164.88428	541.6666	-38.660755	-2.2214396	5.8433075	107.76349	-16.645388	30.643665	30.219402	20.636078	4023.475161552429
140	1.2	0.2	3379.8892	1576.9747	5028.377	622.9204	3573.65	1535.7072	5158.7285	1062.7888	674.8571	707.8	700000	384.30527	165.3588	546.6183	-28.116026	384.30838	165.35597	543.049	-36.50128	385.8177	165.15211	542.2393	-27.509598	-2.131169	6.0626235	69.95018	-16.608448	30.978888	30.433922	20.89287	4058.231502056122
141	1.2	0.2	3590.6426	1624.5094	5057.4385	1433.895	2571.4724	1326.9059	5123.9277	872.5604	718.125	509.5	705000	385.3025	165.64023	542.8117	-39.605907	385.30295	165.64265	542.61646	-44.257023	386.77826	165.45975	545.0485	-38.83069	-2.1003168	6.0804048	83.22557	-17.086098	30.8488	30.335817	21.014519	4095.0608127117157
142	1.2	0.2	3606.6155	1481.6501	5063.251	892.9718	3224.4087	1473.5696	5171.3696	961.36206	717.0	628.3	710000	386.80945	165.87221	544.62585	-65.28281	386.81137	165.87234	543.2816	-47.045918	388.3277	165.69879	545.00793	-45.83818	-1.9006777	6.055051	105.791534	-17.186142	32.43914	31.804543	22.168806	4130.712054729462
143	1.2	0.2	2834.1565	1743.8436	5067.619	887.091	5171.3135	7.484754	5190.8853	5162.8057	563.125	1000.0	715000	388.7826	166.09467	549.90717	-37.08184	388.78323	166.0966	543.5277	-55.146637	390.3267	165.91235	547.15076	-51.235397	-1.9402184	6.230315	83.89726	-15.955751	32.488827	31.669506	21.871897	4168.266106843948
144	1.2	0.2	4352.614	1454.6184	5105.3613	1109.9567	5057.1094	7.933077	5070.4766	5042.4478	860.3333	1000.0	720000	389.7168	166.57973	545.146	-36.01728	389.71823	166.58119	548.2669	-39.157837	391.20294	166.38907	547.47626	-50.45366	-2.0297618	6.2186303	82.43253	-16.741217	31.541565	30.942503	21.392496	4208.003163099289
145	1.2	0.2	3963.78	1138.9753	5038.0796	1852.3038	4901.239	716.6212	5176.451	2753.2822	792.0	953.5	725000	391.22763	166.3742	552.3691	-51.988823	391.2289	166.37468	548.75574	-52.75492	392.75333	166.1932	547.9348	-50.325123	-2.10074	6.1885734	74.54971	-17.333052	31.553984	30.884102	21.608967	4245.970578432083
146	1.2	0.2	3636.0564	1493.1658	5071.941	1256.2914	4321.522	1197.5796	5084.266	1794.558	721.7143	857.7	730000	393.51062	166.85364	556.5112	-45.405884	393.51254	166.8544	547.30054	-50.169277	395.0393	166.67673	549.51904	-37.97719	-2.2233388	6.1363997	87.3539	-17.146463	31.114216	30.663237	21.568306	4284.1621379852295
147	1.2	0.2	3572.313	1511.6558	5100.5933	1223.539	3774.4453	1981.8397	5209.96	565.814	713.1429	733.7	735000	394.97858	166.85364	548.385	-53.188118	394.9784	166.85344	555.9568	-64.879715	396.49173	166.65372	552.02	-33.208508	-2.2560475	6.09931	74.91103	-18.209766	31.652838	31.215883	21.620514	4320.838218927383
148	1.2	0.2	4728.772	432.80753	5047.4717	3958.878	4047.7898	1327.7003	5179.601	1219.3672	943.6667	782.0	740000	396.07614	167.17148	551.97516	-34.656696	396.07803	167.17291	549.7365	-38.916214	397.63467	166.9568	552.43896	-34.884758	-2.167734	6.1727185	72.11435	-17.035124	31.47279	31.116262	21.652397	4360.449845790863
149	1.2	0.2	3807.3105	1335.4751	5050.735	1925.3729	5206.831	11.702547	5226.749	5183.063	755.1667	1000.0	745000	396.84103	167.59818	551.71063	-44.827442	396.84134	167.59912	554.49615	-51.86345	398.32104	167.40082	552.18866	-44.88402	-2.1812627	6.0946326	82.18691	-17.153353	32.033638	31.376642	21.555946	4398.135937690735
150	1.2	0.2	3705.0117	1282.9913	5183.9243	2092.103	3615.7427	1525.4241	5104.978	1547.9299	723.1429	709.8	750000	397.58615	167.90186	551.5455	-73.30033	397.58713	167.90295	554.2889	-64.664795	399.09048	167.69992	554.2967	-51.592216	-2.257642	6.0977	107.12142	-19.324198	32.84772	32.291805	21.986435	4435.252061843872
151	1.2	0.2	4457.7314	1176.6483	5064.0625	1828.2328	4783.2837	849.13007	5079.8184	2237.005	892.8333	943.0	755000	398.52518	167.76405	552.35126	-45.920605	398.52734	167.7633	551.8395	-42.976025	400.04398	167.56381	553.6373	-47.69784	-2.1026533	6.12668	96.41212	-16.88709	32.562977	32.11633	21.947708	4475.021900177002
152	1.2	0.2	3850.413	1616.1504	5027.275	1419.8517	3452.2468	1535.507	5254.8706	1749.8744	769.0	658.4	760000	400.4225	167.44592	557.8243	-34.54991	400.4232	167.44585	553.10254	-41.03205	401.9428	167.23438	555.91473	-35.384754	-2.0069356	6.195578	71.80561	-17.181612	32.47793	31.90621	21.690918	4509.288523435593
153	1.2	0.2	4128.027	1387.5729	5162.143	1919.2659	5115.298	5.07045	5127.031	5107.822	808.0	1000.0	765000	401.68246	167.84097	553.6081	-84.484955	401.68362	167.84294	562.76105	-69.72428	403.1796	167.65596	555.55316	-71.24382	-2.1528287	6.0182385	86.58583	-16.786953	32.73329	32.21157	22.367151	4548.78803563118
154	1.2	0.2	4755.1396	531.4261	5076.239	3693.904	5134.736	10.467688	5145.4326	5110.625	945.8	1000.0	770000	402.00848	167.7842	559.75916	-43.79438	402.00806	167.78635	560.70123	-77.34625	403.4669	167.57016	558.0268	-77.60319	-2.2678518	6.138746	78.331825	-16.77241	33.224262	32.532055	22.426641	4587.397023677826
155	1.2	0.2	3618.1096	1500.2715	5037.0825	1421.528	4276.7944	1465.8688	5172.5244	1167.9998	721.2857	825.5	775000	402.63467	167.33722	553.2363	-65.39266	402.63586	167.34001	557.1744	-33.697384	404.08524	167.11499	558.0778	-39.792976	-2.2127025	6.1374497	76.7804	-18.353426	32.86956	32.383057	22.255152	4625.018252849579
156	1.2	0.2	4892.1875	236.78896	5056.2915	4427.979	5033.708	102.326614	5114.129	4809.4116	981.0	1000.0	780000	402.98746	167.28685	552.37415	-86.73382	402.98795	167.28682	555.1773	-57.65486	404.43854	167.06938	553.6162	-66.795944	-2.1924067	6.2742405	72.107796	-17.494692	32.2907	31.84026	21.914669	4664.328848361969
157	1.2	0.2	4343.445	1492.409	5064.205	1006.8598	5138.328	11.203107	5148.026	5108.5396	865.3333	1000.0	785000	403.28793	167.19398	554.6279	-55.580654	403.2889	167.19588	554.1445	-59.409744	404.7362	166.99042	554.3175	-55.577583	-2.4319508	6.159171	85.50739	-18.531858	32.332787	31.767979	21.999954	4704.720726490021
158	1.2	0.2	4161.9194	944.3558	5091.424	2585.445	3212.3953	1713.4055	5173.106	1146.1088	820.1667	619.4	790000	403.56128	166.637	554.1875	-45.683456	403.56216	166.63742	557.8343	-39.77533	404.9822	166.41531	555.4198	-42.81881	-2.206703	6.0659637	83.189	-17.11268	32.843304	32.02608	21.903242	4740.384680986404
159	1.2	0.2	4457.0273	1203.2313	5096.2974	1769.5326	5190.236	5.1779327	5200.925	5184.9165	889.6667	1000.0	795000	404.31158	166.48712	553.60016	-43.773876	404.31274	166.48982	560.21985	-44.027176	405.78516	166.28477	553.94653	-79.18441	-2.268221	6.077412	87.810295	-17.58976	32.53018	32.073174	22.144669	4781.755597829819
160	1.2	0.2	3845.7737	1540.2834	5150.971	1309.1567	4555.234	611.26337	5112.4204	3636.9827	753.7143	892.6	800000	404.8576	166.58806	556.63544	-68.60163	404.85742	166.59026	554.68286	-68.1842	406.24573	166.36801	555.6472	-67.95816	-2.3466787	6.0251856	93.85256	-17.585361	32.33701	31.891106	21.860865	4821.740196228027
161	1.2	0.2	4775.831	290.9849	5063.492	4356.943	2359.0625	1350.715	5282.7373	716.07263	952.2	447.6	805000	405.90982	166.09077	554.5361	-72.06026	405.91122	166.09106	552.74927	-59.692055	407.35184	165.87444	556.15424	-80.018906	-2.0107307	6.139375	91.31111	-17.352747	32.24582	31.61115	21.647451	4855.0586314201355
162	1.2	0.2	4018.1912	1534.5038	5158.909	1519.1676	4421.7324	1226.2804	5121.882	1246.3762	790.8333	870.5	810000	407.9284	166.40527	556.335	-61.877655	407.9284	166.40703	564.1077	-52.711697	409.42023	166.18604	559.3642	-74.95791	-2.1299944	6.1081967	78.513084	-17.182524	32.11074	31.860563	21.884378	4892.843352794647
163	1.2	0.2	4085.3262	1528.2867	5071.8945	888.4472	5026.9346	300.98688	5183.003	4139.1777	815.8571	982.0	815000	410.1572	166.40118	563.46857	-83.989296	410.15747	166.40497	557.8692	-72.33199	411.6083	166.17006	557.67004	-74.66133	-2.330566	6.075509	88.17538	-17.192572	31.9096	31.303406	21.540445	4935.125086069107
164	1.2	0.2	4182.939	1052.8829	5081.0825	2179.5588	2008.7207	916.6884	4618.4526	1364.6819	828.8333	378.6	820000	410.85794	167.1134	558.07745	-89.08684	410.85776	167.11539	556.44556	-68.03568	412.3005	166.90276	557.0003	-66.16385	-2.3028185	5.9837227	78.84051	-17.187387	31.571888	31.161493	21.58905	4968.935125827789
165	1.2	0.2	4132.7964	1377.9634	5115.898	1790.4061	4710.8975	1003.9475	5200.9136	2095.827	811.0	907.3	825000	410.97318	167.82802	557.1079	-91.87392	410.9719	167.83409	562.8635	-121.426575	412.40686	167.62663	561.0977	-112.77192	-2.318854	5.970457	73.33958	-17.547218	32.322575	31.747246	21.954268	5007.942115783691
166	1.2	0.2	4060.905	1558.5	5208.974	722.31494	4850.959	364.2006	5066.867	3800.0999	797.8333	972.6	830000	411.36853	167.71817	557.7896	-93.01547	411.3687	167.7202	560.669	-99.82208	412.8038	167.52348	558.5497	-106.82923	-2.1594834	6.025162	75.0826	-16.462263	32.487823	32.076065	21.795507	5047.581023454666
167	1.2	0.2	4585.4937	845.5766	5030.881	2894.7815	4988.403	25.548286	5027.1167	4944.5176	915.8	1000.0	835000	411.8511	167.8738	558.3699	-94.113144	411.85135	167.87683	556.96014	-68.49084	413.25516	167.66623	559.77216	-79.33396	-2.0892966	6.1564336	87.7591	-18.92328	32.33818	31.787006	21.886858	5086.6802480220795
168	1.2	0.2	4215.719	1450.5004	5084.5537	990.23517	2934.9563	1911.9119	5170.92	721.667	832.5714	580.0	840000	413.229	167.02097	555.458	-70.85265	413.22873	167.02545	556.4335	-71.94271	414.6365	166.8117	559.9778	-82.72104	-2.170737	6.1144547	93.88164	-19.412062	32.213406	31.844688	21.46937	5125.48118519783
169	1.2	0.2	3966.663	1132.4503	5047.728	1967.2996	5129.889	9.478364	5141.7363	5108.203	782.0	1000.0	845000	413.4944	167.70229	559.0937	-52.208702	413.49155	167.71153	559.29333	-64.27144	414.89862	167.5202	559.9792	-91.025444	-2.3462012	6.1007743	101.88549	-17.534006	33.052544	32.458115	22.015665	5165.058463335037
170	1.2	0.2	4007.465	1477.1658	5069.163	1477.7561	4947.0547	549.46985	5183.6074	3345.6956	795.8333	959.1	850000	413.81723	167.86769	559.5943	-71.15995	413.81357	167.88062	560.90405	-64.45252	415.2203	167.68585	558.6377	-72.30199	-2.3109047	6.134567	77.92325	-17.744308	33.35638	32.8932	22.091106	5203.910362482071
171	1.2	0.2	5035.589	37.898876	5101.042	4990.683	5002.61	72.45737	5118.037	4898.159	1000.0	1000.0	855000	414.3757	167.89311	558.6097	-81.902336	414.36746	167.9149	565.42145	-94.31054	415.72995	167.75584	558.15717	-100.84773	-2.2368412	6.0581384	108.06381	-17.852041	32.716427	32.45113	21.861454	5244.598151683807
172	1.2	0.2	5048.1494	57.054718	5099.191	4958.924	3338.0332	2059.7712	5191.4478	545.0378	1000.0	652.0	860000	414.84073	168.51746	558.0965	-90.424934	414.83206	168.54018	558.14954	-102.00873	416.17786	168.39754	557.47925	-93.53006	-2.1964514	6.1223044	92.16861	-17.429945	33.836082	33.42581	22.569513	5281.298269033432
173	1.2	0.2	4930.051	168.88737	5080.7734	4613.9155	3586.6523	1402.9412	5258.189	1560.1742	983.2	683.7	865000	414.212	169.71828	557.1167	-138.37164	414.19968	169.75243	558.65936	-126.080444	415.57297	169.61899	558.32684	-146.78839	-2.3258438	6.1057215	81.49704	-17.835842	34.370926	33.71942	22.72138	5317.933937072754
174	1.2	0.2	5032.3877	62.155075	5102.2554	4954.0537	4494.6357	1327.2562	5206.558	1353.7252	1000.0	873.0	870000	414.84103	170.12302	560.6485	-161.98473	414.82303	170.16907	562.065	-127.55926	416.14618	170.06111	559.433	-136.12578	-2.3500843	6.1723475	106.951996	-17.260706	34.640038	33.936584	23.036242	5357.253112077713
175	1.2	0.2	4896.7114	353.01273	5176.232	4204.034	1391.1658	649.49817	2790.3416	788.09937	965.2	269.6	875000	414.72147	170.34425	557.8114	-140.70409	414.69766	170.4017	571.2632	-119.39937	416.0245	170.26643	558.50134	-143.1698	-2.1476014	6.1987133	84.442215	-16.87097	35.2261	34.75138	23.512083	5389.87163233757
176	1.2	0.2	3979.7656	1429.6185	5158.5264	1745.9237	3444.3262	1700.899	5183.918	1241.9089	783.1429	666.7	880000	414.4259	169.81827	556.4377	-115.19353	414.40613	169.8698	555.3512	-89.52809	415.70624	169.70578	556.2865	-119.00848	-2.263689	6.1441092	80.338455	-17.773636	34.912334	34.507843	23.315838	5428.552567720413
177	1.2	0.2	4618.847	775.0488	5067.2295	3073.1768	3835.4214	1761.9852	5202.844	947.16296	923.2	741.1	885000	413.91394	168.83615	555.0351	-89.96093	413.89514	168.87953	561.4502	-95.52246	415.18533	168.70757	556.0665	-74.81258	-2.2723272	6.055369	72.498764	-17.125542	35.497158	35.122715	23.622644	5465.16707277298
178	1.2	0.2	4416.8975	958.57043	5145.293	3046.745	4656.513	1016.0855	5153.667	1779.9557	866.8333	909.5	890000	415.0893	167.84697	553.9795	-95.62057	415.07898	167.87433	554.18115	-84.2255	416.43127	167.69264	556.39667	-73.01817	-2.1365948	6.25422	77.71507	-17.81402	35.395943	35.17305	23.540756	5505.8208746910095
179	1.2	0.2	4053.8606	1683.8806	5093.414	468.76547	5200.5283	9.908524	5211.656	5177.36	803.1667	1000.0	895000	415.52744	167.37503	556.3095	-80.05494	415.51837	167.39734	556.4074	-70.450966	416.83737	167.21675	558.4617	-71.15623	-2.0685332	6.2154365	108.95422	-17.090523	35.50255	35.40395	24.06736	5545.283997774124
180	1.2	0.2	5004.979	72.337906	5064.4727	4865.42	3472.664	1162.4266	4960.781	1682.1155	1000.0	707.8	900000	415.8652	166.84718	555.3128	-63.07175	415.85986	166.86339	554.77545	-57.20032	417.19238	166.63971	555.5129	-67.10855	-2.310225	6.21108	94.98368	-18.268621	35.366383	34.789806	23.70166	5582.953727245331
181	1.2	0.2	3066.6868	1890.8799	5059.807	785.46954	2150.3423	1714.0862	5187.348	525.5637	609.6667	413.3	905000	418.62637	165.25706	556.1998	-57.232094	418.62146	165.27133	555.16943	-56.30355	419.97687	165.02345	555.9768	-57.319427	-2.3979392	6.113434	92.74518	-16.717304	34.269917	33.858574	22.926132	5619.4022471904755
182	1.2	0.2	4794.6807	542.4407	5094.589	3711.7717	2770.8555	1913.8215	5155.4688	725.9729	948.6	551.1	910000	420.62402	164.49585	560.35846	-57.99831	420.6205	164.50586	556.78986	-51.91397	421.9583	164.24637	560.6792	-50.833122	-2.356533	6.109204	76.552444	-17.503117	34.163532	33.716824	23.108236	5654.683990955353
183	1.2	0.2	4051.5159	1482.1964	5090.03	1153.2463	3291.3208	1539.6897	5136.003	1541.7767	803.6667	645.2	915000	421.89612	164.0624	556.6022	-72.42993	421.89325	164.07187	555.90717	-65.50934	423.22815	163.78181	557.32855	-61.840504	-2.428473	6.1624947	107.93568	-17.505266	32.9779	32.768444	22.011875	5691.2628717422485
184	1.2	0.2	3483.5073	1530.4003	5143.102	1442.3795	4361.686	1708.6652	5236.8857	900.7611	684.25	838.2	920000	422.50986	163.58768	558.2733	-54.697887	422.5096	163.59225	561.11707	-51.88152	423.85425	163.29547	562.23944	-62.611225	-2.3740141	6.1337223	76.60308	-18.017332	33.205902	32.48493	21.994349	5732.168329715729
185	1.2	0.2	5108.6377	48.116165	5164.433	5034.349	2658.978	1933.3472	5195.7217	532.79614	1000.0	518.0	925000	423.95053	162.93544	556.88904	-57.147324	423.949	162.94055	560.1195	-77.721016	425.29883	162.62602	558.1376	-84.60949	-2.423717	6.114244	107.65633	-16.924355	32.235317	31.94282	21.521778	5768.074453830719
186	1.2	0.2	4716.7866	798.81476	5138.6387	3119.6956	4973.247	637.1197	5214.3135	3062.362	920.8	959.9	930000	424.1979	163.25461	556.98724	-56.832294	424.197	163.26057	557.34033	-55.26949	425.50296	162.99579	558.292	-60.243694	-2.6052737	6.119098	111.53549	-17.021696	32.143486	31.685755	21.59792	5807.572155714035
187	1.2	0.2	4594.316	824.4661	5051.9917	2946.6746	4424.116	1359.2499	5171.0073	1138.4623	912.4	863.4	935000	424.91876	163.21112	560.7898	-133.00287	424.91748	163.21613	573.14435	-64.1629	426.19946	162.93105	558.27814	-72.32578	-2.5701098	6.0698185	117.29358	-17.384819	31.847443	31.65164	21.22194	5845.418502569199
188	1.2	0.2	4525.8135	1143.6968	5058.619	1968.5585	4968.017	730.92413	5244.852	2776.7178	897.6667	952.3	940000	425.80228	162.43886	558.12463	-58.67015	425.80157	162.44287	563.081	-58.09642	427.12366	162.13336	557.94037	-99.89356	-2.4764037	6.117789	83.78288	-18.545492	31.703037	31.211004	21.927494	5887.447484970093
189	1.2	0.2	3522.9753	1495.3108	5098.418	873.43976	2424.6675	1351.5612	4896.392	1060.1769	692.0	497.0	945000	427.3918	162.34157	559.2302	-70.55513	427.39047	162.34586	570.5662	-68.17074	428.75848	162.03445	557.937	-55.93694	-2.4301229	6.2075863	77.06703	-17.246216	30.762423	30.340511	20.93663	5923.058934211731
190	1.2	0.2	4876.2324	208.34517	5042.574	4466.3833	2489.916	1395.181	4883.977	1089.6345	983.6	505.4	950000	429.80328	162.01274	566.71295	-64.64977	429.80304	162.017	569.3994	-89.922386	431.21643	161.68042	560.83276	-107.54102	-2.3929505	6.3093095	86.93685	-18.666576	29.922987	29.360357	19.988064	5958.776539325714
191	1.2	0.2	5012.587	52.71279	5072.9316	4918.717	4721.755	712.57806	5111.82	2688.5938	1000.0	941.2	955000	431.32828	162.7478	559.0458	-63.658512	431.32693	162.7544	563.77203	-44.05981	432.73367	162.41753	561.8983	-47.21408	-2.6372664	6.2704973	100.876465	-18.218561	29.686182	29.16764	19.87101	6000.036329030991
192	1.2	0.2	4373.363	1440.1674	5092.0986	1155.5636	4232.5107	1519.2891	5183.0425	865.6918	872.8333	821.2	960000	433.87808	162.28348	561.3094	-63.358353	433.877	162.28728	566.9204	-42.802883	435.2811	161.94461	563.9379	-54.468098	-2.8249967	6.198337	81.816025	-18.280497	29.572842	29.250208	19.843487	6040.301655054092
193	1.2	0.2	4147.0186	1349.7068	5085.718	1430.6273	5111.8955	31.496172	5148.0513	5029.922	824.8333	1000.0	965000	434.7342	162.51285	561.3368	-62.04716	434.73325	162.51973	566.439	-49.920753	436.09958	162.18987	562.8427	-68.562065	-2.571007	6.3794417	86.851524	-16.942587	30.248346	29.777014	20.496212	6081.37814950943
194	1.2	0.2	5060.539	51.530792	5142.1523	5010.522	5159.063	28.01294	5196.5347	5099.1665	1000.0	1000.0	970000	434.90164	162.87343	563.88605	-53.855328	434.90247	162.87465	562.07446	-49.932022	436.3002	162.52673	566.6549	-47.138817	-2.654161	6.386535	78.75802	-16.98037	30.177357	29.741688	20.219303	6122.825514793396
195	1.2	0.2	4828.6245	415.10956	5072.0415	4000.8745	2626.1833	1319.5891	4743.981	763.997	957.6	512.3	975000	435.921	163.04411	567.6381	-67.77255	435.92224	163.04532	564.4071	-52.38288	437.28928	162.7133	564.2586	-50.98703	-2.7060916	6.3747964	144.08148	-18.331814	30.759653	30.081251	20.51305	6158.854122638702
196	1.2	0.2	4727.4077	585.177	5060.58	3421.9583	1517.0282	997.4455	4052.039	790.6869	947.8333	298.9	980000	437.09143	162.64201	566.2269	-56.47846	437.0911	162.64458	568.31104	-42.919914	438.47342	162.28201	565.01587	-52.358204	-2.7868903	6.6101284	107.06278	-17.430946	30.362717	29.997435	20.637985	6195.534695625305
197	1.2	0.2	3113.0095	1805.0865	5006.268	991.71704	3759.6772	1756.0779	5155.6445	786.96735	623.5714	740.7	985000	437.85168	162.75287	564.89514	-79.88048	437.85208	162.75444	578.001	-56.48217	439.27692	162.39058	564.8838	-63.483185	-2.7804716	6.509004	97.74945	-16.675451	30.46943	29.856476	20.652388	6232.327895641327
198	1.2	0.2	3606.0837	1710.1644	5157.046	1203.9457	4720.7295	1254.5988	5164.698	957.40466	712.8571	918.3	990000	439.9287	162.45947	565.2442	-72.27445	439.92996	162.45906	566.84204	-71.9949	441.36115	162.08563	565.25824	-61.742508	-2.908448	6.4600706	77.79604	-16.972435	29.396656	28.862381	20.119888	6273.409771680832
199	1.2	0.2	4522.739	1149.3494	5129.6216	1955.8162	5033.887	555.4404	5261.3105	3369.2075	897.1667	965.5	995000	441.58392	162.11516	569.6845	-38.75992	441.58356	162.12111	589.1311	-54.2558	443.01004	161.73817	565.86945	-45.92665	-2.8780015	6.472352	101.871994	-17.579052	29.167786	28.582935	19.801203	6315.911671638489
