Epoch	EntIndex	EntCoeff	AverageEpRet	StdEpRet	MaxEpRet	MinEpRet	AverageTestEpRet	StdTestEpRet	MaxTestEpRet	MinTestEpRet	EpLen	TestEpLen	TotalEnvInteracts	AverageQ1Vals	StdQ1Vals	MaxQ1Vals	MinQ1Vals	AverageQ2Vals	StdQ2Vals	MaxQ2Vals	MinQ2Vals	AverageVVals	StdVVals	MaxVVals	MinVVals	AverageLogPi	StdLogPi	MaxLogPi	MinLogPi	LossQ1	LossQ2	LossV	Time
1	1.2	0.2	128.21497	41.409206	287.1718	78.41852	276.42682	11.678837	307.15686	263.85275	25.610256	50.2	5000	-0.45891458	52.64983	101.81115	-120.11639	-0.45919165	52.652283	103.19039	-117.71134	-3.1370502	58.95109	103.89624	-190.75854	28.739925	197.32864	18617.637	-18.47571	4.801939	4.6673665	712.9854	19.3887882232666
2	1.2	0.2	119.30094	31.37533	251.61761	78.58823	242.09225	6.575072	255.38037	232.48584	23.761906	44.7	10000	145.53409	72.36505	327.74088	-108.019646	145.53246	72.37211	326.9768	-135.47029	156.07982	71.612114	335.08026	-134.7	1.6078746	5.7588286	32.817192	-16.113646	10.3431425	10.274884	24.538395	38.193897008895874
3	1.2	0.2	246.38397	76.16711	475.27393	91.04518	285.07047	20.887854	313.03452	250.48709	49.475246	53.7	15000	267.7713	115.7442	425.75934	-139.96123	267.7687	115.768524	422.71558	-151.52084	279.98712	109.217064	417.24673	-147.55028	3.4361928	8.003264	64.50139	-17.711397	49.002995	47.76054	75.74738	58.91919422149658
4	1.2	0.2	307.1021	77.019485	582.873	153.91151	329.71942	31.200247	405.51526	280.85214	58.046513	75.0	20000	248.70259	127.41475	419.7436	-81.061134	248.70132	127.42953	423.14093	-61.36938	256.60037	124.05105	418.75824	-80.21892	1.2121046	7.704838	95.263145	-18.899414	39.04432	37.82461	58.96161	80.17768120765686
5	1.2	0.2	368.92633	71.190735	587.4617	195.43002	398.68216	23.46702	439.40884	366.73407	74.283585	74.3	25000	229.48985	126.17137	417.22305	-116.14652	229.48703	126.181915	425.53955	-134.46194	235.72481	124.37719	419.4363	-109.75297	0.78832823	6.3701296	67.96121	-17.113022	34.698826	33.616512	52.75194	101.28227400779724
6	1.2	0.2	432.97092	102.80259	728.8235	268.79214	506.44232	85.552086	681.5943	383.96085	85.28814	104.4	30000	209.50859	119.682816	389.72397	-92.15916	209.50674	119.686195	385.79382	-84.34939	214.4234	118.76791	386.62247	-99.659164	-1.0866499	5.92846	103.168205	-16.845064	25.957886	25.333723	40.365414	122.60554814338684
7	1.2	0.2	443.5364	97.19031	810.88654	294.12265	350.41595	32.657207	398.66925	304.05148	87.69643	64.3	35000	192.70435	111.74026	374.31976	-51.03385	192.7014	111.73884	372.77795	-64.78209	196.7291	111.505066	368.51764	-91.905754	-1.8849802	5.4783616	57.285732	-17.597681	22.007519	22.127104	33.259644	143.2980191707611
8	1.2	0.2	501.15613	123.08799	899.6119	242.98427	445.89056	105.69621	687.52356	337.7876	99.35294	90.5	40000	183.30275	102.410904	362.17972	-43.915474	183.30046	102.4129	360.953	-40.931793	186.69423	102.27412	357.31528	-58.25244	-2.1115384	5.1552353	34.13516	-17.20786	17.716906	17.57874	26.34972	164.84524583816528
9	1.2	0.2	434.88547	91.63301	806.5857	278.6599	568.782	126.14699	827.9296	360.96408	88.60714	117.3	45000	182.15778	97.99105	342.2892	-40.86115	182.15598	97.993675	344.12057	-33.967636	185.12782	97.79534	342.28842	-66.3295	-2.846577	4.9442377	33.4099	-18.294634	14.878815	14.714701	21.898481	186.0035843849182
10	1.2	0.2	483.42584	100.726036	838.4541	327.0954	502.94025	78.07074	666.7999	399.2245	95.169815	102.5	50000	184.24045	98.458725	338.75986	-31.898506	184.23784	98.45891	340.96918	-28.9499	186.98366	98.249954	336.89984	-37.504	-3.2957637	4.840274	34.42612	-18.806494	13.915455	13.954116	20.452627	207.76417803764343
11	1.2	0.2	514.9282	114.942955	787.3479	326.46832	510.40665	85.37008	706.40356	423.85733	102.28571	100.2	55000	186.05865	99.05082	341.2732	-37.7632	186.0567	99.05156	340.21564	-33.407875	188.5273	98.81942	339.3983	-70.932236	-3.725484	4.685715	40.077484	-18.24259	13.826735	13.962871	19.814323	229.41767144203186
12	1.2	0.2	520.8705	97.98707	798.0494	351.76248	514.2225	101.32436	790.7812	428.0833	104.78723	97.3	60000	186.9108	98.474655	344.4762	-30.641773	186.91006	98.47148	343.1823	-53.817787	189.25075	98.25995	342.4834	-38.449078	-3.9073565	4.73594	36.904846	-17.651548	13.761339	13.979524	19.605488	250.69853281974792
13	1.2	0.2	520.1666	101.985344	777.3097	326.99603	695.4067	235.37563	1269.9453	466.2993	102.081635	142.4	65000	188.59477	98.10645	343.8579	-54.150585	188.59344	98.10336	341.303	-44.95574	190.80005	97.8454	342.7963	-43.78577	-4.2399297	4.644027	35.191635	-17.126228	13.036335	13.330839	18.160177	272.55457043647766
14	1.2	0.2	525.6969	89.09217	758.33	363.2072	527.15985	65.02467	667.7206	447.18124	102.30612	100.4	70000	192.24506	98.97056	346.44586	-38.67489	192.24481	98.96677	345.75366	-34.69369	194.40576	98.7067	346.4903	-31.33084	-4.1623397	4.6449347	36.830906	-20.740633	12.694403	12.905208	17.785429	294.1629776954651
15	1.2	0.2	514.8188	107.14492	868.71704	316.97327	568.14056	69.01671	637.0105	385.00406	101.67347	110.0	75000	195.6601	100.83583	353.4089	-62.441822	195.65918	100.83433	355.08682	-21.412092	197.79637	100.60577	351.8923	-49.55763	-3.9118607	4.692507	37.277164	-17.25132	12.869943	13.051124	17.544771	316.0302882194519
16	1.2	0.2	544.886	122.61347	894.1065	249.12154	538.2302	42.852318	601.345	461.31985	107.46809	103.3	80000	198.7728	101.59946	355.76007	-40.671577	198.7721	101.59752	356.0635	-29.87983	200.7652	101.33982	355.8376	-34.59277	-4.1998897	4.5538435	34.501717	-16.436165	12.863477	13.109768	17.13953	337.790678024292
17	1.2	0.2	563.24133	124.64498	907.1137	355.3365	537.6373	130.23029	840.6849	411.93185	110.13333	111.4	85000	199.88574	101.73351	354.14615	-31.187464	199.88583	101.730354	356.1578	-53.623264	201.76494	101.44569	353.86813	-35.99582	-4.3611617	4.5047865	43.052948	-17.439419	12.865673	13.097239	16.782139	359.39368510246277
18	1.2	0.2	533.11505	124.05473	802.4996	348.64133	628.00635	74.125	811.45715	551.21356	107.61702	125.8	90000	200.7375	101.69213	357.23813	-33.135796	200.73741	101.68921	356.89502	-41.324097	202.53102	101.413376	355.8579	-38.833755	-4.4153066	4.4817414	39.283596	-16.741966	12.665715	12.890054	16.308525	381.57792568206787
19	1.2	0.2	602.89026	174.86252	1151.6609	345.59546	490.34033	147.39702	919.02203	370.9964	118.35714	106.6	95000	202.15579	101.46538	354.98834	-34.526947	202.1549	101.46394	358.25632	-36.00244	203.88087	101.17683	354.10196	-31.718462	-4.5029707	4.5762577	38.187298	-16.919537	12.570603	12.806475	15.872328	403.4013020992279
20	1.2	0.2	534.6823	119.579926	992.5357	353.60733	510.49887	70.09406	625.13275	405.13828	106.914894	100.4	100000	203.95734	101.94962	358.36536	-23.176035	203.95721	101.94731	356.25366	-44.20967	205.65642	101.643715	357.5873	-42.43004	-4.5461063	4.5422993	33.637558	-18.071365	12.334977	12.59371	15.514408	425.50633549690247
21	1.2	0.2	542.8696	82.75214	744.7707	421.81036	588.8761	111.57922	791.49457	432.55756	107.26087	119.7	105000	205.62428	102.72342	361.03058	-23.705833	205.62387	102.72151	358.84668	-29.167675	207.24321	102.43799	358.2431	-25.223526	-4.6281056	4.5026426	37.260376	-17.142996	12.36943	12.694602	15.41894	447.228919506073
22	1.2	0.2	595.3701	147.01396	935.86444	373.57965	548.7167	108.33519	798.47235	412.63474	116.51163	103.3	110000	207.10812	103.34797	361.0771	-32.131046	207.10793	103.343285	363.73038	-58.058964	208.72223	103.03515	360.1938	-63.5535	-4.687249	4.5344353	35.409832	-17.312038	12.340747	12.687237	15.271808	469.06902527809143
23	1.2	0.2	600.7711	142.53859	964.63055	300.35028	603.09924	84.19935	706.7871	469.06155	118.093025	116.1	115000	208.88004	103.40655	365.9154	-34.0532	208.88016	103.403076	361.9238	-27.789762	210.43066	103.094055	361.66837	-33.235207	-4.691519	4.4644666	43.474453	-17.577888	12.174359	12.47518	14.559777	491.21454405784607
24	1.2	0.2	582.5188	123.553696	970.6224	365.45532	668.37805	88.76891	864.72064	565.5853	112.90909	132.9	120000	210.41223	103.62402	363.29572	-32.104317	210.41238	103.61935	363.63013	-20.417898	211.92136	103.27794	362.99777	-23.238567	-4.801275	4.4379077	36.336914	-17.216904	12.021096	12.363135	14.2853985	513.1485543251038
25	1.2	0.2	576.9898	104.25461	830.99805	376.1177	660.73047	170.69235	941.2319	458.646	115.16279	133.9	125000	211.54083	104.04123	368.40512	-39.32993	211.54164	104.03741	365.62476	-53.67276	213.00467	103.703926	365.33176	-22.274334	-4.887564	4.4438715	39.28403	-17.706081	12.016362	12.268123	14.09832	535.0481162071228
26	1.2	0.2	585.78436	173.09398	1338.0787	379.82852	653.75195	136.49988	866.4267	470.9694	115.52273	128.6	130000	212.83447	104.3962	365.3681	-28.056368	212.834	104.39387	366.04727	-68.47862	214.27538	104.06987	364.8441	-64.94358	-4.8881607	4.433018	37.474354	-17.843897	11.990973	12.306106	13.802624	557.8564400672913
27	1.2	0.2	634.0596	182.88156	1172.3488	387.4978	593.21454	73.63357	757.05334	510.10803	124.65	121.9	135000	213.89575	104.68785	367.59326	-32.32948	213.89684	104.68364	367.67505	-54.490784	215.29231	104.38816	369.2788	-22.913826	-4.81888	4.395282	38.799473	-16.87868	12.089372	12.358051	13.711091	579.9151749610901
28	1.2	0.2	628.9215	157.9573	1227.9175	388.82913	663.70215	172.8539	1149.5343	506.09927	123.625	126.4	140000	214.62038	104.658356	368.57602	-54.4702	214.62073	104.65591	372.06522	-48.729527	215.99965	104.330734	368.12317	-19.842644	-4.866994	4.329096	33.921875	-16.96035	11.771636	11.944547	13.355848	602.1770629882812
29	1.2	0.2	579.2974	117.2033	830.3065	405.54013	551.32605	48.65504	609.46875	473.36884	112.95556	115.6	145000	216.1633	105.07242	368.17084	-21.055553	216.16376	105.06971	368.8403	-58.35472	217.49808	104.74855	369.59872	-34.625816	-4.98344	4.2403784	39.708157	-17.530651	11.758228	11.826354	12.977723	624.6174159049988
30	1.2	0.2	582.8505	126.87215	982.54346	402.63232	579.69403	139.97758	890.579	448.7408	113.36364	108.2	150000	217.63474	105.64798	369.5973	-35.647892	217.6347	105.64553	369.51318	-36.286343	218.98053	105.316376	369.45993	-31.9736	-4.9791083	4.274514	31.304722	-17.603424	11.657407	11.842992	12.796388	646.7370982170105
31	1.2	0.2	592.7765	99.173256	803.64886	416.41647	672.94574	44.320496	762.628	617.246	115.790695	136.0	155000	218.44661	106.19916	371.9746	-75.22975	218.44716	106.19717	373.3017	-48.137123	219.75911	105.87663	373.26556	-41.96417	-5.110631	4.2525787	34.989452	-17.499908	11.709936	11.751191	12.770646	669.1201519966125
32	1.2	0.2	592.62756	167.10408	1013.403	344.64127	585.1226	94.088715	834.0405	498.5172	118.414635	119.9	160000	219.39145	106.530655	373.0581	-31.661364	219.3924	106.52849	372.7965	-30.679611	220.67374	106.22025	372.08316	-25.360323	-5.132911	4.179789	33.994488	-17.233696	11.630109	11.817741	12.551311	691.0126194953918
33	1.2	0.2	627.5241	178.26389	1189.982	363.90576	561.62775	88.87202	716.96704	447.42874	124.87805	111.2	165000	219.48653	106.674416	372.13974	-94.52696	219.48651	106.673134	374.94922	-88.32352	220.75291	106.35422	374.62344	-60.276897	-5.1493287	4.162975	40.919342	-17.49659	11.976126	12.096374	12.83238	713.3921024799347
34	1.2	0.2	620.3079	166.15376	1062.63	400.83267	648.76935	97.72307	878.22437	550.5394	120.268295	130.5	170000	220.71935	107.0267	374.15524	-37.79565	220.72002	107.02406	375.4613	-49.337246	221.991	106.727	374.41544	-48.22185	-5.117939	4.2443314	40.25985	-17.114653	11.886114	12.002468	12.498917	736.2290699481964
35	1.2	0.2	622.82306	169.02324	1039.3928	342.55588	689.5364	220.26167	1255.8154	527.4347	122.07143	137.7	175000	221.77345	107.46206	375.5101	-39.19842	221.77342	107.46144	375.4679	-52.47013	223.01631	107.17233	375.32272	-25.934763	-5.208618	4.2095222	60.620964	-17.503857	11.99426	12.100576	12.532644	759.2195069789886
36	1.2	0.2	641.8253	167.33801	1092.3119	366.62262	681.6989	229.2178	1231.7761	455.89163	127.333336	133.0	180000	223.00816	108.099976	376.89252	-25.83573	223.00789	108.09871	380.12778	-30.218067	224.25334	107.82802	378.59555	-27.14689	-5.12724	4.218623	35.38343	-17.698488	12.223741	12.242652	12.409016	781.6419913768768
37	1.2	0.2	715.33466	204.45094	1233.9366	409.64163	674.3668	88.60847	841.35675	544.2166	142.82353	129.9	185000	224.1129	108.649895	379.53458	-36.30697	224.1135	108.649376	381.66547	-51.04892	225.36403	108.386055	380.89676	-16.979982	-4.9621544	4.276531	44.857834	-17.761831	12.389785	12.422465	12.499517	803.7072474956512
38	1.2	0.2	606.9375	138.2633	1027.645	401.33896	647.5912	117.46816	837.88885	505.068	121.333336	126.6	190000	225.33702	109.09592	380.658	-33.92183	225.33717	109.094925	382.1818	-49.55298	226.55621	108.82763	380.4067	-28.247908	-5.0808554	4.233196	40.330368	-17.4796	12.5632515	12.594826	12.602088	826.370035648346
39	1.2	0.2	611.65204	148.04276	989.8408	376.35098	619.33936	112.28282	900.74054	495.47287	120.54762	119.9	195000	226.06165	109.506	382.4221	-30.126915	226.06155	109.505295	382.209	-39.545425	227.26987	109.246254	381.8196	-34.00883	-4.988627	4.252525	38.267845	-17.701534	12.673008	12.730006	12.550841	849.2669486999512
40	1.2	0.2	687.7485	195.66464	1333.475	429.52197	565.0929	79.335915	688.14404	450.05884	135.75	104.6	200000	227.0687	110.14383	383.5326	-51.428352	227.06927	110.142944	383.00992	-37.375206	228.3017	109.9051	385.26294	-37.557907	-4.8797956	4.3367567	37.935837	-17.36573	12.846805	12.755503	12.555663	871.1712946891785
41	1.2	0.2	709.4828	231.60071	1347.8094	425.70367	650.5919	109.7383	834.56696	498.96634	142.05556	125.5	205000	228.51535	110.604294	385.92737	-26.625004	228.51541	110.604454	385.4524	-26.844364	229.74445	110.374374	387.512	-56.65532	-4.835499	4.3572116	38.45714	-17.214714	13.209328	13.190638	12.878417	894.3086538314819
42	1.2	0.2	633.34265	177.36868	1500.8762	371.92245	677.81305	115.47271	892.2403	543.97546	123.7	130.2	210000	229.26634	110.962204	389.33548	-22.879375	229.26668	110.96108	387.6752	-53.260223	230.45042	110.69791	388.3643	-33.37783	-4.893196	4.34463	34.873634	-16.80506	13.341304	13.3436775	12.796003	916.7867522239685
43	1.2	0.2	659.7102	121.35352	1040.7108	497.54697	492.87354	44.195465	588.1151	436.68185	127.35897	91.0	215000	229.76222	110.628334	390.89008	-45.888294	229.76251	110.627625	388.10825	-36.10204	230.93439	110.3689	386.6489	-24.592098	-4.8354144	4.3275685	44.63233	-17.504194	13.27751	13.32811	12.586031	939.0910296440125
44	1.2	0.2	756.16064	272.07452	1479.5256	400.23026	620.9819	64.27563	763.6673	532.1348	147.76471	123.7	220000	230.88521	110.715195	388.07816	-18.687466	230.88554	110.713394	388.7057	-34.445557	232.07042	110.4588	387.85925	-31.840845	-4.881899	4.254779	46.48923	-18.256937	13.005541	13.06306	12.073356	961.775449514389
45	1.2	0.2	709.5023	174.1562	1101.427	420.25574	703.6168	132.4385	1032.7123	581.03357	136.88889	135.5	225000	232.44955	111.55196	389.27786	-41.281452	232.44965	111.55206	390.72507	-33.658924	233.62486	111.29373	388.63635	-21.77911	-4.9746027	4.2565165	41.23339	-16.639622	12.946395	12.900073	12.148776	984.7132878303528
46	1.2	0.2	762.52405	283.78494	1692.2456	379.8799	687.3732	114.051384	884.5079	513.9017	148.44118	129.6	230000	233.73036	112.21567	393.17746	-45.62363	233.731	112.21371	391.59622	-71.27627	234.88522	111.95069	390.16385	-52.526752	-4.9688487	4.2126846	42.560425	-17.288715	13.152834	13.171497	12.21613	1008.2973263263702
47	1.2	0.2	852.0998	314.2487	1753.1077	389.84988	608.7881	74.36076	759.48193	490.24597	166.53334	114.8	235000	235.03644	112.48739	391.11407	-25.245716	235.03725	112.48721	392.34576	-58.70992	236.2009	112.22289	391.24692	-32.556206	-4.882348	4.222654	38.808296	-16.931053	13.378087	13.289138	12.223216	1031.027197599411
48	1.2	0.2	730.2518	253.62604	1990.7747	446.9473	575.22864	21.033672	606.66345	541.8459	141.36111	106.4	240000	236.30295	113.19407	394.27722	-19.890884	236.30362	113.19348	393.8396	-21.553085	237.44032	112.93974	393.56546	-22.020483	-4.8765755	4.167771	42.260887	-17.073557	13.686992	13.622493	12.425174	1054.1991851329803
49	1.2	0.2	943.9198	312.5279	1788.379	515.13214	619.6079	49.368034	706.267	564.6029	184.40741	117.0	245000	238.03253	113.86905	395.78094	-27.952868	238.03287	113.868034	397.62292	-30.60422	239.20926	113.62017	395.64258	-33.082493	-4.647735	4.257426	43.695347	-17.375143	13.791204	13.6758795	12.384863	1076.895483970642
50	1.2	0.2	908.1419	319.27927	1696.1005	403.74548	1140.0133	413.66763	1938.8662	655.27997	179.7037	229.1	250000	240.49788	114.86996	401.2691	-53.788555	240.49841	114.871346	398.74277	-49.239872	241.68845	114.64005	398.44678	-47.653225	-4.600101	4.2843966	34.48962	-17.943192	14.0767145	13.926918	12.54789	1100.4869055747986
51	1.2	0.2	984.5421	292.24182	1627.9268	513.9453	627.9382	54.257732	749.30444	554.3129	196.11539	117.9	255000	242.66577	116.34258	404.09164	-44.540012	242.6657	116.34267	403.69318	-27.188213	243.8552	116.117424	402.64447	-48.245155	-4.385559	4.3725266	40.26544	-19.11434	14.361158	14.26872	12.779301	1123.862530708313
52	1.2	0.2	1102.4219	460.25742	2392.1587	596.62445	591.6126	62.90401	757.0762	535.8123	220.47826	110.3	260000	244.49344	117.59328	406.31427	-36.00256	244.49411	117.593025	406.37244	-27.498745	245.69814	117.38126	404.441	-19.76892	-4.2520986	4.439406	40.792873	-17.72501	14.854622	14.8066225	12.881922	1147.3052899837494
53	1.2	0.2	1011.5731	378.35764	1806.2068	553.8862	858.7697	95.9074	1010.5968	678.63904	197.64	164.3	265000	246.67284	118.42226	407.52887	-22.332388	246.67273	118.42353	409.65848	-17.196367	247.8937	118.21769	408.98987	-19.929865	-4.2771554	4.370708	40.03822	-16.649736	15.278037	15.1304245	13.2170725	1170.9240820407867
54	1.2	0.2	1082.3234	380.93863	2060.6653	605.5023	795.4259	256.88156	1532.2018	613.5384	212.43478	149.6	270000	249.58394	120.05599	412.7741	-30.055826	249.58376	120.0564	412.50632	-31.034174	250.8472	119.85399	413.97217	-25.30342	-3.954113	4.5025396	44.21118	-18.493631	15.649883	15.501762	13.350726	1194.017442703247
55	1.2	0.2	1073.4044	614.96106	3693.1382	499.57938	584.92523	67.68172	731.3947	464.7889	215.70833	125.4	275000	252.0649	121.60259	414.89407	-33.70672	252.06529	121.60355	417.99933	-55.518826	253.31659	121.41951	414.93744	-27.687597	-3.7806118	4.5282726	45.168304	-18.833464	15.9130745	15.837804	13.766254	1218.194585800171
56	1.2	0.2	1105.4893	597.6336	3352.819	497.55035	1157.6676	338.20483	1712.277	814.45776	223.81818	227.8	280000	254.30731	122.85903	422.51385	-27.476643	254.30708	122.86109	419.4013	-21.422039	255.59328	122.68225	421.5356	-29.498842	-3.6270251	4.578974	41.030674	-17.120615	16.817316	16.63393	14.275847	1242.3290078639984
57	1.2	0.2	1185.6675	659.7849	3082.4553	613.83093	888.9255	216.09387	1362.8132	655.59656	240.4762	170.1	285000	256.49268	124.14224	421.23462	-23.677958	256.49234	124.144485	420.82043	-26.45666	257.7703	123.97223	421.42834	-23.91611	-3.4804707	4.6484175	50.99858	-16.740004	17.527866	17.275726	14.70546	1266.4548234939575
58	1.2	0.2	1404.7468	570.305	2687.9214	685.1923	1138.2714	287.93433	1760.9796	796.9752	278.52942	219.3	290000	259.58142	125.80026	425.27728	-37.069145	259.58105	125.80028	425.4478	-36.88467	260.905	125.64498	424.69257	-22.43238	-3.2953544	4.8014235	44.180992	-17.161652	17.753607	17.64616	14.910379	1290.2696743011475
59	1.2	0.2	1827.0764	1068.0851	3935.7402	616.17377	1338.6178	375.85184	1846.5388	824.24176	367.35715	262.9	295000	262.88602	127.3493	429.85205	-25.030186	262.8865	127.3516	432.0178	-38.623672	264.20752	127.18747	428.13333	-32.985275	-3.2745507	4.764566	48.922775	-20.560936	18.346142	18.158604	15.124707	1316.2244470119476
60	1.2	0.2	1140.6232	320.08615	1628.6031	684.2111	1545.4292	490.1282	2398.718	838.277	229.72728	308.7	300000	265.56366	129.4719	433.27786	-45.651527	265.5634	129.47398	436.6667	-26.818094	266.93027	129.34593	433.15363	-26.981491	-3.0062459	4.9289737	39.768734	-17.908152	19.372337	19.119278	16.000597	1343.4163508415222
61	1.2	0.2	1544.6226	888.4641	3748.987	717.19934	1071.8767	336.67938	1528.6985	505.86398	308.93332	212.5	305000	268.98553	131.16202	441.56137	-27.61462	268.9855	131.16309	440.97656	-56.637005	270.36035	131.0351	437.17328	-35.33417	-2.9555943	4.9479823	41.64672	-17.817533	19.814278	19.653906	16.306322	1368.3739821910858
62	1.2	0.2	1341.277	562.88794	2768.4678	501.39606	1180.2173	413.06973	2152.0845	691.2041	270.6842	237.1	310000	271.03195	132.7789	441.27856	-20.773504	271.03265	132.7789	441.90607	-31.69587	272.40274	132.64537	441.85056	-37.68918	-2.7843862	5.056776	38.958443	-17.813097	20.2383	20.032845	16.351711	1395.2901532649994
63	1.2	0.2	1577.8622	1014.0984	4318.1196	854.39764	1950.7483	1270.613	5045.27	841.6854	312.35294	383.5	315000	273.20547	133.68323	445.26285	-37.305992	273.20612	133.6842	442.4549	-36.47293	274.56552	133.55173	443.28384	-54.3545	-2.6322277	5.1217237	37.491394	-16.64484	21.02279	20.854486	16.970806	1423.9143674373627
64	1.2	0.2	1595.9642	975.46796	4795.0903	727.56335	1119.9312	362.64914	1880.7361	652.86206	319.73334	220.4	320000	274.534	134.1108	444.50833	-22.895065	274.53494	134.11136	446.44186	-51.909508	275.88904	133.95697	444.24487	-26.59277	-2.6162305	5.218206	44.74906	-16.774132	21.55847	21.250263	17.308779	1449.3083789348602
65	1.2	0.2	1348.7921	562.3739	2632.0957	639.7353	1827.0231	1242.5612	4276.7827	577.7594	267.10526	357.7	325000	276.18896	134.89278	447.61804	-24.893818	276.18826	134.89432	448.38394	-25.713762	277.5601	134.76297	446.22458	-28.561544	-2.5736294	5.262722	39.49516	-16.270124	21.911129	21.754002	17.23856	1477.0689318180084
66	1.2	0.2	1334.0593	701.39624	3882.0735	694.3241	1253.014	484.75226	2243.0676	727.32806	265.21054	242.5	330000	278.6459	136.04953	449.26605	-37.846424	278.64764	136.0492	448.85556	-38.61231	280.0422	135.92464	446.9926	-21.570156	-2.4658294	5.3482265	47.817837	-18.625982	22.393267	22.195463	17.778555	1503.715744972229
67	1.2	0.2	1326.8934	675.0949	3003.02	421.4504	964.18976	148.02922	1246.8636	768.3566	261.1111	189.9	335000	281.345	137.25789	453.6707	-35.367218	281.34494	137.25928	452.88776	-46.665764	282.73563	137.13211	451.64	-21.596117	-2.5036798	5.32067	40.015633	-17.649921	22.797178	22.65868	18.09766	1528.7809240818024
68	1.2	0.2	1326.1154	654.9942	3101.3975	504.04022	1151.4332	438.2017	1974.6063	647.73615	262.05	227.1	340000	283.66867	138.2912	457.62204	-23.12432	283.66925	138.29108	457.1402	-41.730362	285.04755	138.15195	454.3758	-26.204609	-2.3863611	5.3577867	38.28503	-17.650188	23.291754	23.06108	18.193626	1555.8794555664062
69	1.2	0.2	1341.2164	940.8202	3890.3965	551.3558	1467.65	700.15564	3280.549	727.5681	261.3158	286.7	345000	284.9554	139.36987	457.6985	-34.478924	284.95587	139.37198	464.5673	-25.348892	286.36502	139.27872	457.46747	-18.343168	-2.2089686	5.4300184	51.56947	-17.197935	23.930891	23.581377	18.317951	1582.7069730758667
70	1.2	0.2	1647.0037	811.219	3557.443	530.6798	1393.24	670.8475	3132.4048	750.1573	322.8	272.0	350000	288.09625	140.58205	460.81918	-53.00038	288.09723	140.58444	461.00146	-68.076614	289.53085	140.48344	459.91962	-24.576576	-2.13158	5.4869494	50.771503	-16.735949	24.361675	23.975084	18.622795	1608.5887472629547
71	1.2	0.2	1341.2847	627.1438	2855.5242	700.5086	1653.843	633.4109	2693.75	782.7669	265.4737	325.2	355000	289.46317	141.26915	463.18198	-32.520317	289.46332	141.27017	464.24432	-18.30294	290.832	141.13542	461.70044	-19.65482	-2.371184	5.427158	53.519115	-18.029867	24.641062	24.36009	19.171234	1635.7916972637177
72	1.2	0.2	2221.1504	1187.275	4213.98	846.6196	1688.6666	593.988	2867.6877	829.40656	438.83334	328.0	360000	290.36	141.56596	467.18137	-33.889877	290.36078	141.56772	462.37427	-30.78518	291.71494	141.43715	461.99915	-34.61314	-2.3140604	5.5622563	49.32561	-17.687048	25.280525	24.94064	19.115952	1663.9428203105927
73	1.2	0.2	1530.1355	698.08936	3093.891	523.3811	1078.6991	449.443	1996.2859	668.17523	299.5625	208.2	365000	292.14297	142.15677	467.60678	-27.02113	292.1441	142.1601	465.3516	-51.55989	293.54468	142.06374	465.81076	-38.193253	-2.3021665	5.6013527	42.43159	-17.204271	25.516287	24.900835	19.68105	1689.344663143158
74	1.2	0.2	1389.2152	679.1346	3490.6882	659.1589	1462.2996	819.3463	3680.6033	649.306	276.94446	289.4	370000	294.22012	143.002	465.9088	-31.794086	294.22015	143.00537	470.65	-39.78213	295.58832	142.88678	465.79898	-27.255863	-2.2039952	5.626673	45.63819	-17.875334	25.5097	24.962008	19.306416	1716.0663902759552
75	1.2	0.2	1518.7709	775.66974	3761.8308	614.0276	1068.1389	714.53455	2443.9436	502.87683	303.52942	212.7	375000	296.08435	144.07896	471.71594	-35.756237	296.0855	144.08032	470.68088	-37.827187	297.51413	143.98218	470.40424	-35.699894	-2.1197522	5.725438	36.998497	-17.79848	25.667877	25.178017	19.375896	1742.6407012939453
76	1.2	0.2	1942.1405	972.43677	4196.5547	531.5647	867.39746	379.13644	1981.5125	614.99023	389.46155	183.1	380000	298.397	144.86855	474.94797	-27.784695	298.39777	144.8704	472.35373	-36.44971	299.78983	144.75507	471.82358	-24.538363	-2.1262584	5.7029686	62.106388	-17.414562	25.959896	25.586548	19.641745	1769.0765206813812
77	1.2	0.2	1769.5271	1191.8708	5105.8237	674.1619	1210.7842	423.39584	1874.192	661.9013	352.42856	243.1	385000	299.54074	145.63882	475.06815	-40.330578	299.54065	145.64197	487.76108	-38.821247	300.92212	145.54909	473.90518	-24.38163	-2.1616228	5.6386395	42.071815	-17.37357	26.552217	26.06076	19.98245	1795.4670343399048
78	1.2	0.2	1815.1748	1070.0001	4490.8228	629.90674	2109.586	1665.146	5132.7715	544.97595	362.2857	415.5	390000	301.28143	145.28314	477.0771	-29.8704	301.28235	145.28569	476.8659	-29.741055	302.65692	145.16856	472.81302	-35.64227	-2.0939255	5.708708	53.85591	-18.48299	26.404774	25.8663	19.403515	1824.4208493232727
79	1.2	0.2	3019.9941	1389.2051	5037.051	1356.3619	658.5275	284.0792	1395.8153	454.0427	603.0	138.6	395000	302.3312	145.39737	474.8205	-25.697083	302.3317	145.39975	477.286	-27.86637	303.66608	145.2706	473.00253	-28.475695	-2.0938683	5.730312	42.44044	-17.196957	26.550257	26.188303	19.862328	1848.856998682022
80	1.2	0.2	1867.1406	1078.345	4408.27	689.9328	722.6553	220.56404	1325.5387	558.82404	370.0	154.0	400000	303.67856	145.5827	478.73077	-22.1503	303.67862	145.58607	481.95065	-33.717712	305.0497	145.44556	475.54947	-24.574856	-2.0673745	5.6781716	49.287197	-17.86769	26.527987	26.032904	19.746754	1874.546882390976
81	1.2	0.2	2307.4294	1464.1437	5048.6733	620.2315	1212.6858	337.23422	1884.4059	732.45795	457.36365	235.5	405000	305.26904	146.08565	480.4437	-37.11478	305.26913	146.09094	480.38364	-42.14969	306.63388	145.96483	479.7065	-35.399384	-2.09707	5.659556	49.066875	-17.270605	26.98399	26.34772	19.795273	1900.6544017791748
82	1.2	0.2	1788.0045	1242.1914	5039.7847	634.9104	2503.132	1090.8859	3966.8254	612.5595	355.2143	497.0	410000	307.42844	146.40858	480.67984	-23.849194	307.42783	146.41177	482.02835	-35.998566	308.77704	146.27634	476.0122	-33.828354	-2.0697577	5.7423315	71.31757	-18.36727	26.990065	26.421425	19.707573	1929.1903860569
83	1.2	0.2	1661.916	879.8342	4211.8496	485.3093	715.6572	107.872986	928.53	571.1484	334.26666	148.2	415000	309.0677	147.24294	484.13245	-41.675457	309.06903	147.2454	485.15842	-28.252869	310.4161	147.1388	479.88458	-35.199722	-2.0688257	5.762844	48.635994	-17.52077	27.04756	26.522184	19.854925	1954.4098665714264
84	1.2	0.2	1511.416	799.9263	3365.404	455.583	1042.373	989.938	3987.746	551.8549	301.75	212.3	420000	309.88345	147.57909	483.8917	-43.191982	309.884	147.58215	484.41895	-75.84795	311.2078	147.43001	480.18475	-43.574863	-2.050045	5.785658	96.33307	-17.704954	27.793457	27.04617	20.531504	1979.6432921886444
85	1.2	0.2	1748.9109	1129.8287	4265.6753	731.9819	540.3469	39.96925	601.33276	455.88812	345.86667	114.4	425000	310.07602	147.81683	487.3816	-28.30367	310.07745	147.82	482.42023	-33.343018	311.38187	147.66245	478.31934	-28.896233	-2.169963	5.7699294	58.61853	-17.279057	28.114176	27.514215	20.252464	2004.9766459465027
86	1.2	0.2	1525.1448	834.5874	3146.5833	536.82874	1387.0531	1246.8878	4815.4683	607.9283	309.46667	274.3	430000	311.18744	147.69534	482.71976	-23.002018	311.18793	147.69936	481.52466	-26.613327	312.4828	147.53923	479.93665	-24.417435	-2.1389236	5.926059	48.889404	-17.953028	27.44473	26.810131	19.981153	2029.7687993049622
87	1.2	0.2	2009.3766	1222.527	4696.0884	387.7459	961.6735	211.48811	1240.4764	662.18787	402.25	187.6	435000	312.70853	147.62936	486.30807	-29.82921	312.7088	147.63184	481.31015	-34.3945	313.9863	147.47589	481.1727	-31.885338	-2.2712836	5.8777604	77.41838	-16.715082	28.047403	27.4756	20.298748	2054.718735933304
88	1.2	0.2	2260.5496	1411.2881	5066.249	791.06683	1897.5061	787.95056	3731.1365	1079.5222	449.41666	372.2	440000	313.82452	148.2537	484.647	-38.397434	313.8241	148.25789	482.86633	-53.08521	315.10574	148.10037	481.21	-33.39257	-2.1924226	5.8741927	58.21683	-20.177088	27.769695	27.223959	20.051397	2083.27614569664
89	1.2	0.2	1666.5587	924.2245	4291.083	728.3152	1053.4026	281.10672	1775.1047	778.71466	328.57144	211.3	445000	314.72302	148.36928	483.7996	-23.040527	314.7242	148.37344	483.66757	-22.527103	315.972	148.20111	481.1583	-26.667582	-2.0829332	5.9130635	77.2757	-17.400557	28.374123	27.75414	20.48959	2107.839187860489
90	1.2	0.2	2158.0862	1056.1345	4486.576	595.1206	987.2949	363.52982	1814.0349	444.61563	428.08334	199.2	450000	315.7175	148.48074	486.53647	-30.294334	315.7178	148.48346	483.97983	-31.892477	316.96548	148.32677	483.7407	-26.768719	-2.1063564	5.825439	47.59659	-17.722185	28.335358	27.639263	20.159887	2133.8296909332275
91	1.2	0.2	2104.3818	1344.0011	4648.9873	644.24634	1689.002	444.8547	2773.0034	1206.261	420.0	333.6	455000	317.20596	148.74413	489.68488	-31.483795	317.20685	148.74765	484.18927	-37.902134	318.4401	148.56015	483.04962	-29.401546	-2.1919525	5.8423867	50.948383	-17.12774	28.209406	27.61911	20.132063	2161.232100725174
92	1.2	0.2	2067.5923	1304.5323	5123.337	631.0086	1601.0995	825.0108	3334.0662	604.95935	407.08334	322.3	460000	318.10025	148.63841	484.87552	-22.29011	318.101	148.64279	483.89175	-27.771912	319.31458	148.46237	484.22455	-32.22331	-2.1094818	5.9048123	54.85747	-18.607962	28.958912	28.167236	20.537563	2187.8490221500397
93	1.2	0.2	2499.7346	1413.6732	5011.598	941.1856	1546.9178	720.94415	3077.7947	614.7889	498.63635	302.1	465000	318.7429	148.88762	486.16278	-25.658655	318.74182	148.89369	490.86444	-30.649242	319.9592	148.71304	483.0837	-29.420277	-2.1576307	5.8495035	45.152897	-16.991789	28.650814	28.066732	20.408262	2216.056919813156
94	1.2	0.2	2070.194	1199.1093	4994.3354	576.07355	1105.0994	1183.8324	4617.907	501.90012	408.66666	210.8	470000	320.33286	148.84161	486.76074	-26.763056	320.3329	148.84729	485.80215	-37.1156	321.50534	148.6491	484.68903	-33.32981	-2.2659738	5.8266473	48.846592	-18.04309	28.425953	27.735426	20.273075	2242.2275598049164
95	1.2	0.2	1594.9348	826.2833	3345.692	482.66727	2002.5779	1152.9653	4253.9634	1024.0391	314.9375	390.9	475000	320.86124	148.77797	489.06583	-25.503017	320.8608	148.78368	486.40594	-43.91294	322.07477	148.59856	485.1678	-27.60363	-2.1039743	5.9027777	60.52639	-16.652021	29.187073	28.566713	20.877531	2270.2389783859253
96	1.2	0.2	2036.8427	1324.733	4658.5664	630.065	984.6992	266.968	1517.9076	593.59155	405.66666	194.1	480000	321.9356	148.77826	486.91385	-36.65556	321.93585	148.78198	486.43747	-37.704605	323.11447	148.58641	486.17725	-27.839588	-2.2221277	5.8841047	61.43006	-16.401821	28.86363	28.185959	20.322016	2295.848884820938
97	1.2	0.2	2055.4612	1359.7412	5047.694	652.03906	1113.5588	396.34378	1974.992	590.6368	410.08334	219.8	485000	322.04294	148.41231	492.4371	-30.15149	322.04382	148.41656	487.62048	-45.17538	323.17322	148.18816	485.35162	-26.774654	-2.2525907	5.7190404	61.039894	-17.273394	28.917604	28.165865	19.959848	2321.940859079361
98	1.2	0.2	1732.6171	1183.8646	5016.1123	661.19763	1388.4669	730.0724	3289.5564	747.4954	345.14285	274.4	490000	322.00406	148.957	485.9045	-34.742302	322.00186	148.9664	486.53616	-26.702047	323.16364	148.80298	484.21637	-33.903065	-1.9689549	5.8459105	68.08195	-17.410114	29.638388	28.730812	20.263657	2348.031131029129
99	1.2	0.2	1364.3171	774.2037	3839.155	493.78082	1890.6178	1124.262	3975.2957	637.19275	269.8	375.2	495000	322.6901	150.34343	493.5566	-57.372646	322.6885	150.34993	487.88467	-40.061504	323.81247	150.20097	487.89438	-36.11036	-2.0606055	5.7357817	53.67212	-17.623049	30.63454	30.099768	20.583725	2377.4683368206024
100	1.2	0.2	1894.354	1247.0825	5175.8735	759.4632	952.18866	142.81677	1159.8718	766.6254	375.07693	190.7	500000	322.2997	151.46173	493.97253	-53.287983	322.30103	151.46635	486.85315	-68.28503	323.38614	151.36092	488.32715	-54.97216	-1.9885446	5.647998	54.586605	-18.613092	32.439632	31.766903	21.95321	2403.641779899597
101	1.2	0.2	2127.6765	1453.5527	5044.3687	859.3028	2660.0764	1046.7474	5173.8984	1392.5957	422.4	519.0	505000	322.75775	151.74742	492.04065	-89.82176	322.75693	151.75478	491.1812	-91.70457	323.91443	151.66158	488.2642	-91.224106	-1.435607	5.686634	63.10939	-16.371826	32.85257	32.222824	22.243738	2431.3461508750916
102	1.2	0.2	2769.2227	1647.6835	5052.4116	647.1526	989.792	248.63863	1417.6559	612.5586	554.1111	193.1	510000	324.56076	150.82036	492.5977	-63.38553	324.5585	150.83163	498.38095	-58.032093	325.69473	150.63788	490.88724	-75.44272	-1.3502258	5.736367	53.584675	-17.876297	33.167027	32.385532	22.664427	2458.630845308304
103	1.2	0.2	1930.8308	1192.9186	5009.8325	571.6177	1382.3671	887.8528	3967.1465	746.9366	378.07144	261.2	515000	326.2792	149.355	492.383	-69.7551	326.27817	149.36426	498.17746	-68.44646	327.44022	149.13605	489.83316	-71.95034	-1.330523	5.603281	47.846474	-20.146755	32.92311	32.06846	22.64945	2488.5958018302917
104	1.2	0.2	2794.848	1480.6134	5060.9653	668.1428	2644.5393	1213.5414	4577.66	911.6043	551.2222	516.7	520000	328.25906	148.61691	498.30475	-63.63726	328.2569	148.62505	495.53598	-61.53225	329.43478	148.41403	490.3736	-73.94722	-1.33268	5.6568823	57.61179	-18.28914	32.418106	31.888506	22.028072	2522.0560681819916
105	1.2	0.2	2870.3333	1661.7573	5033.9097	853.79706	3536.9075	1369.3821	5231.6025	1199.3995	567.8	680.4	525000	329.54324	149.5078	492.72186	-60.36434	329.54297	149.51521	494.5876	-67.273125	330.6772	149.329	491.658	-76.59827	-1.3050846	5.7723827	59.60824	-21.619463	32.706093	32.104366	22.511074	2560.035977125168
106	1.2	0.2	3630.1042	1507.292	5116.7783	1712.8378	3254.5005	1417.5519	5143.251	961.61957	722.3333	647.0	530000	329.77527	150.55438	496.36063	-56.068714	329.77332	150.56378	501.16498	-67.6199	330.8818	150.41673	492.93237	-81.146454	-1.4992644	5.811413	61.115974	-17.462833	32.679523	31.998316	22.44098	2592.954866886139
107	1.2	0.2	2797.4595	1317.3414	5022.4976	1088.8224	1588.5731	747.8754	3425.9426	808.3541	556.8	319.1	535000	330.8334	151.41333	495.5196	-64.483444	330.8323	151.4224	498.82126	-67.60301	331.9315	151.31485	493.54642	-80.67821	-1.4369954	5.869054	52.308117	-16.83248	33.14791	32.603966	23.129467	2627.255921602249
108	1.2	0.2	2179.8298	1191.9976	4110.981	572.0718	787.6277	102.02481	1022.31354	693.4618	433.72726	155.6	540000	331.81393	152.33282	494.48697	-55.27921	331.81155	152.34401	494.30972	-57.96369	332.93536	152.20651	492.84338	-55.444553	-1.5189867	5.95399	69.77408	-17.645996	33.67801	32.989456	23.101534	2656.879460811615
109	1.2	0.2	2805.9666	1457.0724	5083.783	957.84015	2394.5815	1072.4059	5238.0425	1522.4822	553.875	457.2	545000	333.1459	152.2307	496.08087	-61.24513	333.1432	152.24083	498.78476	-56.766502	334.2358	152.08759	496.71808	-60.512573	-1.6644667	6.02222	98.537384	-17.89115	33.708466	33.108696	23.529686	2687.0040435791016
110	1.2	0.2	3486.189	1613.7009	5157.9644	1530.913	1409.4138	836.3427	3545.462	545.8313	684.375	281.1	550000	334.15787	152.01639	499.2206	-64.79027	334.1564	152.02402	500.92825	-66.55473	335.2611	151.86465	495.37933	-58.25002	-1.58609	5.9928956	64.75201	-17.209543	33.693565	33.019802	23.441832	2719.031672477722
111	1.2	0.2	4015.2449	765.70184	5097.1006	3090.3806	2125.2517	1028.6821	3714.0264	674.9716	796.5	419.3	555000	336.28143	152.20403	499.72345	-52.923172	336.28146	152.21039	496.84805	-62.59103	337.39923	152.06532	495.74774	-61.040894	-1.6421075	6.015612	64.43553	-17.95679	33.135723	32.58596	23.017654	2749.88525557518
112	1.2	0.2	2554.7422	1516.9718	5101.9385	1297.7347	1430.0918	437.27762	2051.9976	797.7567	503.7	275.5	560000	337.844	152.30394	495.993	-48.041008	337.84244	152.31139	502.96298	-76.3644	338.95132	152.13298	498.0209	-57.307697	-1.7012409	6.0108066	73.753815	-17.250332	32.37585	31.89703	22.811367	2779.2710511684418
113	1.2	0.2	3237.1436	1610.5317	5091.605	920.64905	2653.7603	865.08875	4050.2068	1395.6575	639.5	521.4	565000	339.7032	152.38147	499.93045	-65.61021	339.70233	152.38666	501.5344	-44.345493	340.8277	152.21194	497.44257	-48.141167	-1.6883714	6.1548533	61.240204	-19.002459	32.053658	31.724113	22.297062	2811.852395057678
114	1.2	0.2	2941.086	1435.7599	5005.781	851.93646	1748.6957	609.2584	2873.6777	617.76624	592.875	347.3	570000	341.92636	152.48645	506.86746	-36.33017	341.92548	152.49057	499.99734	-44.28365	343.1069	152.31618	498.74036	-45.62763	-1.7810978	6.16404	99.785805	-17.12559	31.53522	31.018284	22.265694	2842.383352994919
115	1.2	0.2	3466.8176	1686.268	5160.991	1113.6053	1628.0317	918.0589	4064.2917	832.16327	690.4286	317.4	575000	343.80634	153.33113	502.29095	-37.224037	343.8053	153.33865	507.21054	-53.297565	344.9832	153.15906	503.01865	-48.93278	-1.7976075	6.2474027	105.56672	-16.751806	31.62995	31.114883	22.068756	2871.435050725937
116	1.2	0.2	2559.696	1743.9447	5110.5215	857.1192	2050.4124	674.3572	3285.978	946.4272	504.0	401.7	580000	345.9078	153.99135	512.0185	-36.999493	345.90594	153.99777	504.06534	-44.85974	347.06006	153.81085	503.25323	-52.444157	-1.8635252	6.168012	53.471165	-17.629868	31.456491	31.071169	22.12137	2900.5601539611816
117	1.2	0.2	3519.6104	1687.7437	5116.8203	871.76355	4045.8716	1248.4895	5195.446	2002.4908	692.0	782.1	585000	347.6193	154.13013	508.37982	-39.957592	347.62057	154.13412	503.71725	-50.597588	348.7356	153.93176	504.40683	-52.29645	-1.981318	6.15085	61.05899	-16.529732	31.59482	31.105322	22.130493	2935.2324147224426
118	1.2	0.2	3331.0498	1441.7329	5058.341	937.0979	2385.2366	1165.5786	4248.691	879.45264	657.125	464.7	590000	349.19882	154.1505	517.72955	-44.15867	349.20013	154.15036	510.2739	-39.343906	350.37976	153.94426	505.30325	-50.46038	-1.8970357	6.280391	53.572414	-18.902674	31.366482	30.95979	22.291151	2965.3648936748505
119	1.2	0.2	4285.985	1413.7985	5200.8916	1231.9838	2968.509	1715.9835	5172.0703	689.1565	841.1667	573.8	595000	350.78113	154.60374	507.06396	-35.954964	350.7818	154.6081	509.23654	-40.54155	351.93295	154.3991	506.8733	-44.412132	-1.9103476	6.2557645	78.3838	-18.271387	31.540077	31.02042	22.243917	2996.2837822437286
120	1.2	0.2	2919.0256	1451.1948	4979.659	690.069	1255.2548	644.1054	2899.125	671.4462	576.625	247.9	600000	352.36807	154.78473	509.1858	-32.94374	352.3685	154.78699	506.75235	-32.80514	353.52835	154.55612	505.4612	-48.313416	-1.7909698	6.282311	79.972046	-17.350931	31.376335	30.969116	21.746605	3022.4933626651764
121	1.2	0.2	3746.1304	1072.0424	5174.631	2056.8616	1937.5625	1109.6809	4550.967	769.5896	739.0	384.2	605000	354.97504	154.8204	511.4184	-40.357906	354.9747	154.82446	508.96463	-32.305927	356.1607	154.5914	507.0138	-38.04985	-1.7948321	6.2945	51.89747	-16.974867	31.193504	30.828209	21.92198	3052.4955081939697
122	1.2	0.2	4193.239	1299.7687	5082.288	1619.5365	2905.4155	1343.5287	5046.4976	1107.4169	833.8333	574.2	610000	357.33813	155.17429	510.18723	-35.940548	357.33926	155.17604	512.9349	-47.031715	358.5133	154.93556	509.87775	-39.634666	-1.942388	6.2573123	68.40757	-16.681273	31.017006	30.5525	21.804781	3083.4651041030884
123	1.2	0.2	3174.9424	1594.8363	5118.7188	857.90265	1609.1754	435.826	2507.888	1086.3187	631.75	316.3	615000	358.85062	155.61243	516.04083	-38.16341	358.85037	155.61859	515.6982	-36.660038	360.06848	155.38489	511.6158	-42.847538	-1.8349544	6.311654	55.498974	-16.910378	31.47249	30.817225	22.087328	3112.0266156196594
124	1.2	0.2	3838.6562	1573.6707	5085.828	659.8903	833.6898	339.7927	1688.4747	427.1985	761.5	173.7	620000	360.09946	156.03246	513.6825	-48.20506	360.1002	156.03471	518.3011	-40.599815	361.26553	155.79718	511.97952	-51.641438	-1.8428065	6.270477	78.11135	-16.895237	31.766035	31.009586	22.346773	3138.028652906418
125	1.2	0.2	4633.166	856.6414	5085.0625	2727.2998	2676.8132	1199.2465	4737.103	1202.1167	923.8333	534.4	625000	362.07904	156.16841	515.4339	-46.280724	362.08078	156.17104	518.1302	-28.89468	363.2791	155.93138	514.2307	-41.08764	-1.9300135	6.3354445	67.7829	-18.923344	31.091455	30.383575	21.893137	3170.9077377319336
126	1.2	0.2	3766.7793	1459.1995	5084.754	1302.5817	1236.8184	222.21461	1764.4197	992.40497	745.8333	239.1	630000	364.0954	156.49103	519.6519	-38.778976	364.09515	156.49472	515.20215	-30.734016	365.3032	156.25601	514.44135	-43.777996	-1.9014128	6.3007717	52.35529	-17.441208	30.877876	30.399239	21.74177	3196.791176557541
127	1.2	0.2	4031.843	1616.5923	5156.209	1002.7897	3426.8145	1474.3159	5198.785	913.8533	785.8333	669.2	635000	365.0893	156.89355	525.6251	-46.869576	365.09018	156.89873	526.0951	-32.07075	366.286	156.6493	515.70416	-48.6536	-1.9562957	6.344978	75.46998	-17.07475	31.291231	30.667265	21.920752	3228.182436943054
128	1.2	0.2	4170.0728	1178.4836	5012.2993	2080.8215	2789.026	1314.1172	5142.8877	1346.6215	842.2857	541.7	640000	366.841	156.86589	517.91144	-38.929695	366.84116	156.8698	520.22546	-31.599651	368.0238	156.58714	515.6517	-41.642006	-2.0162961	6.4089336	51.06353	-17.211721	31.023687	30.150763	21.82614	3261.677936553955
129	1.2	0.2	4179.4326	978.05554	5098.1396	2418.0703	2228.7456	1115.1344	4800.3325	978.74133	825.2	441.8	645000	368.33438	156.93657	522.6338	-38.763252	368.3356	156.9398	518.73004	-34.230255	369.53082	156.67667	517.84576	-39.50415	-2.045867	6.291295	55.829937	-16.434433	31.191055	30.474026	21.884792	3289.2154862880707
130	1.2	0.2	3940.8308	1710.0139	5099.763	967.47095	1143.0773	318.2877	1700.3098	484.04178	785.1429	227.4	650000	369.2405	157.01973	520.3574	-36.47303	369.24106	157.02238	521.2661	-28.006012	370.4138	156.74461	520.57513	-39.62417	-1.9849068	6.3721313	64.69274	-17.808538	31.054901	30.425781	21.897774	3318.78049826622
131	1.2	0.2	3682.0444	964.5112	5041.2593	2360.9758	1923.373	1581.2869	5053.0054	770.6578	733.8571	374.5	655000	370.68173	157.36029	521.36786	-67.01838	370.68115	157.36612	526.38245	-27.764149	371.90137	157.1032	520.0542	-40.67183	-1.8699254	6.40657	61.155415	-17.56913	30.681736	29.976131	21.45333	3348.540970802307
132	1.2	0.2	3474.8494	1413.245	5045.9326	1636.2924	2463.731	1765.1987	5268.9844	666.03815	696.1429	473.5	660000	373.13187	157.75784	520.31995	-46.8352	373.13248	157.76292	520.9358	-27.323372	374.35162	157.50298	520.3259	-43.589775	-2.1789339	6.4020753	65.52244	-18.648823	30.919771	30.2253	21.398869	3378.716389656067
133	1.2	0.2	4225.7563	1204.0591	5141.517	1657.6981	4845.103	1019.1567	5227.006	1788.1675	830.3333	934.6	665000	374.84985	158.33769	527.89154	-31.146488	374.85	158.34023	526.1378	-25.860353	376.0589	158.08423	521.6589	-32.611202	-2.0305858	6.3202667	77.86967	-17.398096	31.275648	30.716787	21.75504	3413.5947637557983
134	1.2	0.2	3153.167	1633.8076	5159.554	788.7042	3933.6245	1604.8284	5203.4844	1327.4116	625.625	762.5	670000	376.37506	158.95688	525.6684	-34.11923	376.37686	158.95789	530.20825	-31.207249	377.5927	158.72087	522.78265	-40.629322	-1.9689147	6.4292088	78.02847	-17.328014	31.87239	31.501467	22.099709	3446.5344140529633
135	1.2	0.2	4456.231	663.86273	5094.707	3434.3564	1562.2991	564.44403	2450.59	697.6946	878.0	302.0	675000	377.54062	159.0613	529.7625	-34.960205	377.54138	159.06561	526.44244	-33.597076	378.75452	158.78192	525.02496	-44.636383	-1.8858094	6.5086126	59.99366	-17.561548	31.95346	31.286171	22.115665	3476.218053817749
136	1.2	0.2	4739.912	475.0805	5027.666	3793.7332	2083.757	1580.7285	5154.825	892.6559	948.4	411.7	680000	378.244	158.86594	529.1025	-34.553165	378.243	158.87004	531.4412	-31.832397	379.47266	158.5878	525.07874	-39.449608	-1.9180458	6.5091686	56.694214	-17.6603	31.333937	30.783419	21.405275	3505.272345304489
137	1.2	0.2	4157.564	1130.9308	5140.1655	1937.1866	2989.8884	1626.4058	5202.707	950.1325	815.6667	578.4	685000	379.758	158.85535	526.12695	-31.75837	379.7589	158.86006	526.2468	-30.357306	380.94397	158.57217	525.8642	-36.292732	-2.147176	6.35974	60.573776	-16.95009	31.222721	30.55065	21.673912	3536.907052755356
138	1.2	0.2	4392.9688	1489.3514	5116.1514	1064.9233	3673.9128	1208.5173	5223.4136	2325.3042	868.5	705.9	690000	380.2154	158.86995	536.1884	-44.67811	380.215	158.87335	525.6174	-25.332863	381.3932	158.58434	526.6976	-43.060814	-2.0357757	6.404	67.63027	-17.008987	31.021282	30.481052	21.765993	3570.473510503769
139	1.2	0.2	4396.7295	848.5844	5121.8765	3074.64	3640.272	1525.9182	5275.8247	961.4785	871.8	694.7	695000	381.16702	158.44807	527.0718	-29.33006	381.16647	158.45105	529.299	-28.844921	382.3365	158.1833	525.7091	-37.80992	-2.0274553	6.5367527	65.114716	-18.016459	31.197968	30.765736	21.842402	3601.509254217148
140	1.2	0.2	3710.3877	1603.3246	5166.706	1143.6357	4025.905	1377.5193	5174.336	1293.226	729.5	782.8	700000	382.44333	158.46031	528.21497	-31.173153	382.44363	158.46454	526.0966	-31.200752	383.60474	158.17505	525.3263	-46.549374	-2.063948	6.5192394	73.06592	-16.477425	30.808125	30.31274	21.69191	3638.2175631523132
141	1.2	0.2	4228.3906	1681.7208	5123.962	865.5279	2262.0598	1973.5251	5142.367	604.99506	834.2	439.6	705000	383.37524	158.64906	526.16064	-28.861073	383.3749	158.65413	540.51166	-32.683598	384.5587	158.3475	526.9464	-35.83071	-2.215336	6.487947	68.645676	-18.009323	30.733591	29.994722	21.554293	3665.912959575653
142	1.2	0.2	4389.313	1344.1313	5220.5703	1425.3278	2861.888	1915.1575	5095.8833	663.5103	859.3333	568.4	710000	385.02725	158.45049	533.7917	-36.55899	385.02795	158.45341	535.54376	-34.66961	386.20282	158.1387	528.973	-62.090233	-2.1303496	6.476122	83.95085	-17.2597	30.809969	30.292377	21.685978	3699.8029062747955
143	1.2	0.2	3747.0508	1538.9321	5148.3286	1707.919	1315.063	1331.9916	5156.514	559.1581	739.7143	258.4	715000	385.76266	158.18353	526.7918	-47.61583	385.76147	158.18738	528.8821	-38.815002	386.9436	157.86995	527.5923	-36.356987	-2.0573432	6.4826317	78.33148	-18.106632	30.802338	30.132786	21.32601	3728.998815536499
144	1.2	0.2	4322.584	1430.5048	5187.1226	1191.3098	3836.5964	1305.6613	5153.553	1700.5576	846.5	755.2	720000	388.12985	158.1498	531.55005	-38.30169	388.13052	158.1543	528.71564	-34.094147	389.37198	157.85193	528.51086	-37.32078	-2.0061176	6.478911	76.31613	-16.73704	30.488274	29.993439	21.47737	3762.6871156692505
145	1.2	0.2	4293.68	1187.0676	5120.1353	1935.1107	5271.896	9.356139	5286.886	5256.7124	846.0	1000.0	725000	390.2871	158.54456	531.1196	-34.84022	390.28683	158.54886	534.57935	-33.487625	391.50085	158.2222	529.3338	-36.91751	-2.0669734	6.37547	105.12468	-17.062105	30.229477	29.689552	21.305029	3798.519495487213
146	1.2	0.2	3631.609	1490.2972	5118.508	575.96783	4140.7095	1408.2852	5232.247	762.3407	714.0	799.0	730000	391.78012	158.54866	533.3373	-47.96622	391.77997	158.55142	532.6741	-47.076347	393.00864	158.20096	530.2967	-38.321396	-2.072093	6.4419255	61.568077	-17.543926	30.293955	29.90123	21.236776	3832.85493183136
147	1.2	0.2	3827.9731	1270.2695	5170.2275	1891.281	5162.8853	8.906268	5173.5474	5143.222	755.7143	1000.0	735000	392.7023	159.01288	532.2203	-35.13306	392.70224	159.01598	539.5755	-36.295532	393.91144	158.67285	530.2861	-41.64481	-2.24305	6.4684944	79.9936	-17.553848	30.279081	29.75694	21.348742	3869.987296104431
148	1.2	0.2	4846.208	502.32877	5218.9185	3853.3342	1469.4996	885.8844	3489.421	643.3326	948.8	283.4	740000	394.4388	158.80818	533.0731	-33.35299	394.43973	158.81183	532.5349	-31.04369	395.66174	158.46419	533.2422	-44.75584	-2.2472544	6.532167	67.61065	-17.37901	30.044596	29.481583	21.114666	3897.6959812641144
149	1.2	0.2	3683.3108	1620.7058	5174.26	1448.0393	4917.302	493.12784	5107.128	3440.9302	726.5714	967.3	745000	395.92834	158.68016	535.26514	-48.064434	395.92795	158.68347	534.1301	-38.226105	397.159	158.32039	534.18054	-49.84436	-2.1353962	6.409465	67.01387	-17.247158	29.942862	29.528492	21.257072	3934.066614151001
150	1.2	0.2	4245.2666	1474.3547	5177.2837	1130.4094	5157.695	14.819296	5183.6484	5138.4673	828.1667	1000.0	750000	396.57498	158.75168	536.3078	-34.52837	396.57608	158.75362	536.0102	-28.96408	397.75336	158.41031	534.94904	-44.88557	-2.0801318	6.498491	96.58314	-17.427916	30.49502	29.99758	21.585901	3970.056518793106
151	1.2	0.2	5048.686	31.78059	5085.9224	4996.804	5196.09	113.22108	5256.018	4859.2266	1000.0	1000.0	755000	397.7357	158.6493	536.55865	-37.80298	397.73462	158.65347	538.35486	-39.968353	398.9235	158.30222	536.4404	-43.66458	-2.131335	6.5018983	69.08978	-19.141996	30.339325	30.049507	21.312078	4006.274960041046
152	1.2	0.2	4380.0693	898.53156	5063.701	2557.6812	4631.5146	1401.9653	5257.3486	600.481	864.1667	886.6	760000	398.79852	158.47697	536.36426	-34.55904	398.79913	158.47835	535.8288	-49.656742	399.99808	158.10683	535.9667	-51.370426	-2.221354	6.4964	64.06673	-18.065334	30.222311	29.74615	21.499353	4041.376295566559
153	1.2	0.2	4203.4717	1058.3085	5163.0806	2870.1738	3816.4272	1597.4404	5095.031	1087.2557	836.0	755.6	765000	399.97687	158.10231	538.75287	-61.548805	399.97604	158.10579	535.02704	-31.641407	401.1724	157.71596	535.34924	-36.66783	-2.2256448	6.560467	65.024155	-16.417149	29.487822	29.04015	21.134203	4072.6135976314545
154	1.2	0.2	3642.4736	1816.224	5221.6807	925.934	1236.3564	489.27798	2132.0588	769.9403	721.625	242.6	770000	401.3289	157.97649	541.8495	-37.821682	401.32883	157.97934	542.95526	-34.503326	402.52155	157.60892	535.2349	-39.75417	-2.23735	6.5316625	83.183235	-17.31925	29.059658	28.879301	20.647305	4103.785717725754
155	1.2	0.2	4038.9402	1465.3447	5180.254	1742.128	4252.491	1602.9541	5066.3936	1029.1757	796.1667	840.4	775000	401.5684	158.76836	540.57416	-46.73777	401.56757	158.77252	537.9185	-40.91123	402.7713	158.42404	536.5271	-69.844925	-2.0279648	6.5155225	74.834435	-16.623571	30.38292	30.035011	21.618963	4138.091749429703
156	1.2	0.2	5089.447	56.559155	5153.9067	4984.2065	4572.433	1265.2336	5273.9976	1144.1805	1000.0	873.8	780000	402.8108	158.77931	539.765	-55.630768	402.80902	158.78494	546.8272	-42.23887	404.0011	158.41277	537.5933	-44.46212	-2.0978303	6.5254717	68.837265	-16.691423	30.592909	30.210674	21.812952	4173.376620531082
157	1.2	0.2	4300.726	1331.8125	5108.318	1425.4229	5158.036	10.162969	5185.2603	5147.3438	849.8333	1000.0	785000	402.7187	158.48767	540.66705	-37.916603	402.71964	158.48878	539.4067	-36.470898	403.88086	158.0837	539.11346	-46.815514	-2.2115006	6.546502	78.6682	-17.726984	30.587585	30.257814	21.58208	4210.583076477051
158	1.2	0.2	4213.3535	1362.6941	5205.9497	1671.3352	4600.815	1195.7329	5265.2607	1944.4055	822.5	878.1	790000	404.0574	158.13031	544.0871	-35.14544	404.0572	158.13402	538.02216	-36.549515	405.26025	157.76898	537.31616	-44.3539	-2.1752534	6.5205956	76.96902	-17.285372	29.903507	29.452507	21.317879	4245.5882563591
159	1.2	0.2	4715.292	674.52374	5111.5366	3369.0596	1286.4019	1073.1361	3895.7769	618.10205	931.2	249.7	795000	405.24594	158.17976	548.4501	-53.21324	405.24585	158.18286	537.2958	-42.4011	406.4151	157.8075	539.6026	-53.099316	-2.2712834	6.4257593	70.626236	-18.015385	29.73822	29.169233	21.145414	4273.7177221775055
160	1.2	0.2	4738.0723	541.9153	5155.905	3909.798	1201.2058	371.82108	1868.8888	659.9317	927.5	235.7	800000	405.8152	158.30135	539.8816	-27.762506	405.81467	158.30684	540.69073	-36.09459	406.986	157.95813	537.49084	-33.211876	-2.133901	6.4610376	73.32542	-17.013538	30.09597	29.376768	21.168377	4304.664556264877
161	1.2	0.2	3955.7979	1650.0564	5184.2246	1017.73987	3367.8333	2110.4333	5103.109	624.8277	778.5	663.6	805000	406.75366	157.84746	547.3817	-30.351738	406.75415	157.84982	540.4693	-43.223297	407.94925	157.47563	538.336	-47.13634	-2.1806703	6.517906	62.643402	-16.2504	29.55339	29.200827	20.874844	4337.129202365875
162	1.2	0.2	3694.6833	1755.6925	5251.6143	964.3881	5168.0234	266.18158	5273.789	4369.9756	726.4286	983.2	810000	407.98343	157.79272	547.6075	-40.04685	407.98364	157.79549	541.8574	-28.297487	409.16058	157.41663	539.0719	-45.742393	-2.1944711	6.482592	94.6425	-18.836851	29.243824	28.918022	20.90917	4373.554789543152
163	1.2	0.2	4727.995	679.22266	5112.0605	3370.408	4243.7856	1640.9694	5338.1123	886.45056	932.6	809.6	815000	408.95807	157.96095	543.84	-38.96236	408.9567	157.96603	562.3209	-25.96899	410.1224	157.58627	539.9724	-37.79528	-2.188667	6.410217	70.324936	-18.513466	29.324968	28.896315	20.733131	4407.1025767326355
164	1.2	0.2	4171.9844	1224.1083	5052.1846	2335.4407	5160.465	11.9764805	5178.401	5144.2363	828.3333	1000.0	820000	410.11444	158.08421	545.23755	-30.154749	410.11322	158.09189	543.58417	-31.415916	411.2824	157.71236	539.92444	-38.95441	-2.1888855	6.4959307	64.05407	-17.216206	29.915543	29.289568	20.917349	4444.493364334106
165	1.2	0.2	4510.481	1147.9989	5076.349	1945.1172	5036.3296	161.63068	5137.098	4557.758	897.6667	988.2	825000	411.04315	157.91364	543.3886	-31.950392	411.04315	157.91628	548.83356	-36.795715	412.21777	157.55327	540.4181	-39.63842	-2.2589302	6.5238748	84.20306	-16.444324	28.923378	28.46581	20.730406	4482.551555156708
166	1.2	0.2	4995.402	48.366535	5083.276	4944.612	4655.2856	1148.8243	5257.121	1414.3429	1000.0	890.1	830000	412.66257	157.85266	544.72034	-37.61507	412.6612	157.85915	545.4173	-33.42422	413.83768	157.45866	540.62854	-36.53455	-2.3593793	6.4748797	70.184074	-17.182377	28.885431	28.409456	20.482983	4518.289931774139
167	1.2	0.2	4513.816	1056.8491	5081.224	2162.009	2218.5452	723.9883	3369.9023	908.2859	894.5	441.3	835000	412.95358	157.84573	544.8604	-49.03121	412.95306	157.85031	543.35913	-45.791473	414.12177	157.45999	543.0508	-46.345264	-2.2125742	6.5516233	72.20059	-17.054193	29.365055	28.72972	20.82326	4551.356917381287
168	1.2	0.2	4761.986	647.60815	5165.715	3473.8904	5212.662	20.516308	5243.656	5168.4478	939.8	1000.0	840000	413.55328	157.51643	544.7722	-31.889194	413.55246	157.52106	547.45856	-46.229877	414.74094	157.11371	540.94403	-57.864918	-2.2035174	6.6022415	70.07987	-17.45746	29.287884	28.876745	21.16415	4587.733604669571
169	1.2	0.2	4100.805	1644.4064	5146.863	618.27655	4479.677	1544.6232	5264.91	931.25653	806.8333	854.3	845000	415.0746	157.48204	542.3788	-32.808002	415.0735	157.4863	543.5788	-38.585827	416.27768	157.08942	543.9144	-34.98533	-2.214252	6.536057	81.87217	-17.940447	28.608074	28.219332	20.269867	4623.445319652557
170	1.2	0.2	4245.098	1311.4452	5118.47	1504.3053	4928.225	796.79755	5219.6196	2538.0334	844.3333	950.8	850000	416.7335	157.48233	547.3879	-32.920517	416.73288	157.48705	544.19727	-45.99702	417.92123	157.0902	544.5274	-68.90705	-2.276658	6.580009	78.78278	-18.518423	28.540836	28.0786	20.410408	4660.584116458893
171	1.2	0.2	4577.3213	879.188	5172.1875	2849.643	5161.169	39.763927	5215.1636	5074.0996	897.0	1000.0	855000	416.5464	158.0467	544.16644	-28.911674	416.54602	158.05304	549.01044	-34.743523	417.72214	157.67049	543.6543	-33.74757	-2.4077277	6.5942497	76.00157	-16.867434	29.239326	28.819061	20.623926	4696.321165323257
172	1.2	0.2	4068.9934	1548.4979	5103.6685	1204.406	5276.203	8.524983	5287.6255	5260.982	804.0	1000.0	860000	417.60864	157.99973	547.1399	-40.92634	417.60745	158.00339	546.9537	-34.553993	418.78656	157.6013	546.1428	-41.348984	-2.1890626	6.606772	68.96758	-17.11713	29.406458	29.047136	20.745392	4737.134813308716
173	1.2	0.2	3784.8262	1612.42	5152.462	1042.8462	2347.4155	1740.866	5158.3496	722.1675	744.1429	462.1	865000	417.87952	157.388	545.8737	-39.03608	417.8791	157.39525	551.7881	-30.036469	419.02563	156.98547	544.69147	-47.317318	-2.276933	6.5406346	113.53945	-17.300653	29.252441	28.654243	20.718063	4769.4032990932465
174	1.2	0.2	4824.6807	444.06055	5123.3228	3942.7227	1813.889	1759.8594	5290.9175	500.6689	955.6	345.7	870000	418.82806	156.89786	549.3004	-33.95036	418.82724	156.9031	546.4586	-35.377846	420.0158	156.48454	546.35535	-33.22981	-2.2623093	6.4804096	73.07612	-17.705656	28.626827	28.100977	20.152187	4799.451776504517
175	1.2	0.2	4782.354	588.2064	5108.254	3606.8696	4765.2876	1281.8163	5222.8374	920.1378	941.0	918.1	875000	420.2854	156.93564	547.62366	-48.043938	420.284	156.94182	544.91425	-32.238174	421.46613	156.54318	544.2932	-56.204548	-2.1633663	6.6580243	66.81142	-17.531738	28.516	27.837227	20.596502	4834.945621013641
176	1.2	0.2	5061.237	70.44886	5168.3623	4957.633	4153.7466	1727.5105	5284.58	893.4535	1000.0	791.8	880000	420.96646	157.02487	547.4521	-37.39479	420.9666	157.02824	551.96185	-34.42125	422.10147	156.63388	545.9741	-31.027275	-2.4180179	6.589906	88.99872	-16.55592	28.35397	28.018106	20.407644	4870.882558822632
177	1.2	0.2	4917.125	211.85393	5108.4927	4503.75	4837.71	1426.9778	5337.5156	557.51184	977.0	910.7	885000	422.23492	156.64412	550.9763	-47.286697	422.23367	156.64787	551.2238	-40.706703	423.42	156.23386	545.9369	-37.188835	-2.2864964	6.659981	73.02586	-17.392822	28.08466	27.737814	20.119425	4907.658071041107
178	1.2	0.2	4410.0547	1520.3334	5213.11	1013.6117	5193.4966	24.44409	5229.225	5145.0874	867.5	1000.0	890000	423.19632	156.57545	548.37897	-43.320915	423.19638	156.57846	551.15967	-33.667126	424.36444	156.15675	544.8975	-33.54744	-2.5786238	6.656379	70.13689	-17.194967	28.16588	27.741127	19.938995	4945.259783506393
179	1.2	0.2	4993.295	164.45612	5129.9287	4670.4883	5280.219	12.520004	5304.613	5257.9565	988.6	1000.0	895000	424.5524	156.77068	546.97534	-40.753155	424.5522	156.77446	549.1849	-43.77052	425.7677	156.35042	547.8036	-33.46652	-2.302461	6.6171575	80.529594	-17.79217	28.278284	27.893953	19.97354	4982.015645742416
180	1.2	0.2	4096.808	1377.9011	5197.455	1319.5419	4727.3027	1077.9514	5230.449	1726.7622	796.5	908.0	900000	425.6849	156.96869	548.1366	-61.67897	425.68472	156.97293	554.90186	-29.90787	426.87985	156.54585	547.9018	-41.17698	-2.469952	6.583372	101.21396	-17.45274	28.141558	27.596739	20.036428	5017.101324558258
181	1.2	0.2	5063.1553	84.40933	5194.089	4948.998	5295.0654	20.543652	5334.269	5266.0093	1000.0	1000.0	905000	426.36685	157.07622	550.51337	-31.981318	426.3646	157.08344	552.96124	-39.098396	427.5316	156.66113	548.95233	-47.08615	-2.3646753	6.581029	66.85994	-17.37755	28.259687	27.829138	20.126972	5054.40602183342
182	1.2	0.2	4589.609	1115.6942	5125.798	2095.3984	4915.8735	1158.3945	5348.477	1441.9513	901.5	928.0	910000	426.80496	156.68202	549.6281	-28.470097	426.80447	156.68681	557.15704	-25.504227	427.97183	156.26173	547.7211	-39.163757	-2.3852904	6.6709595	78.29429	-17.6275	28.317656	28.049866	20.210815	5092.138342380524
183	1.2	0.2	4822.674	542.1171	5124.817	3739.0078	5120.9316	63.58415	5180.2627	4967.9326	950.4	1000.0	915000	428.23837	156.45044	551.22095	-54.525574	428.23737	156.4543	554.11285	-31.549103	429.40442	156.04185	548.0352	-39.058384	-2.5362468	6.620258	88.144554	-17.29755	28.156336	27.512976	19.824339	5127.68536400795
184	1.2	0.2	4605.4087	1011.49915	5117.3633	2345.9346	4592.723	1079.8297	5265.148	1768.745	909.0	884.7	920000	428.9855	156.35954	558.9398	-46.850243	428.98514	156.36467	553.4514	-29.184908	430.16226	155.93529	550.25024	-53.01379	-2.3809016	6.5648804	87.222374	-18.37191	28.382874	27.920242	19.92433	5165.959274291992
