Epoch	EntIndex	EntCoeff	AverageEpRet	StdEpRet	MaxEpRet	MinEpRet	AverageTestEpRet	StdTestEpRet	MaxTestEpRet	MinTestEpRet	EpLen	TestEpLen	TotalEnvInteracts	AverageQ1Vals	StdQ1Vals	MaxQ1Vals	MinQ1Vals	AverageQ2Vals	StdQ2Vals	MaxQ2Vals	MinQ2Vals	AverageVVals	StdVVals	MaxVVals	MinVVals	AverageLogPi	StdLogPi	MaxLogPi	MinLogPi	LossQ1	LossQ2	LossV	Time
1	1.2	0.2	123.07443	40.183712	297.4567	82.99646	268.3001	5.3301506	275.07245	257.92102	24.509804	48.8	5000	-3.7338357	54.83799	100.460045	-133.17506	-3.7322338	54.840626	102.351974	-130.97902	-6.5581546	61.56339	102.920006	-167.08363	26.759512	128.90273	16247.96	-19.048317	5.521382	5.3647914	252.9637	20.872488021850586
2	1.2	0.2	122.73137	31.979307	236.47725	78.49804	232.34319	4.49284	239.9578	223.49371	24.421568	42.6	10000	140.90053	67.56211	300.07947	-85.46917	140.90218	67.56611	301.08194	-82.27101	150.82271	65.8632	310.84555	-60.769257	2.260588	5.5649924	34.17429	-17.050932	9.981313	9.860954	23.338356	41.167595624923706
3	1.2	0.2	251.96507	47.19226	421.96024	143.3979	251.90034	5.438268	259.17255	242.21956	49.65	52.3	15000	261.0177	95.4408	383.44656	-84.26142	261.0174	95.45929	388.45264	-83.458565	272.53683	85.2327	384.85547	-84.024345	2.3804915	8.62306	48.436264	-18.05358	40.6623	38.900864	59.89173	64.87184548377991
4	1.2	0.2	262.15726	53.84386	410.39374	152.73933	223.51651	28.369333	263.83878	176.60602	52.28125	46.4	20000	252.89624	108.12795	400.5452	-115.01008	252.8977	108.13735	403.8473	-105.75979	260.22604	102.74689	395.12668	-124.45213	0.4539339	7.4692736	39.930252	-17.723608	37.233368	35.870193	51.61509	88.44607901573181
5	1.2	0.2	361.17007	72.972206	554.7443	225.30898	367.57208	97.45155	559.87537	273.64676	71.4	72.3	25000	216.35474	115.93024	385.85794	-98.1686	216.35574	115.9328	381.80487	-96.1482	221.65834	114.128365	379.16556	-110.6459	-0.673289	6.4064693	44.27301	-17.042341	27.033861	26.482824	39.783127	112.29273295402527
6	1.2	0.2	453.57236	96.66179	671.01483	274.64612	529.69446	57.20956	667.1574	445.19012	89.21429	101.2	30000	191.48262	110.97382	366.04538	-45.765884	191.48466	110.975006	360.5767	-53.85	195.9159	110.27861	361.03638	-57.561867	-1.5425729	5.4123626	74.584724	-16.674736	21.257	20.713593	31.538074	136.37302041053772
7	1.2	0.2	466.8222	87.67558	710.50494	326.80862	575.2623	76.90691	749.97144	503.6789	93.79245	115.4	35000	181.27054	104.782684	346.01297	-33.70586	181.273	104.78257	349.80832	-38.194355	185.0193	104.54121	345.08597	-55.39769	-1.8962644	4.953248	155.93146	-18.45077	18.094625	17.955221	27.038265	160.82227516174316
8	1.2	0.2	523.90204	149.70454	1057.6542	329.30798	537.14636	89.56968	771.06134	450.40512	106.34042	104.8	40000	179.75868	102.13948	345.6423	-30.918497	179.75818	102.14393	345.9643	-29.523674	183.19804	102.10278	341.01675	-29.844803	-2.0516555	4.848741	36.654655	-16.642765	16.444048	16.262615	23.717737	185.0861358642578
9	1.2	0.2	521.57465	110.493095	786.3789	326.95856	574.54285	31.576984	654.7154	534.4133	103.958336	112.9	45000	183.11826	102.39482	348.52216	-30.073387	183.11716	102.40263	349.27072	-25.928753	186.28601	102.34108	347.27985	-25.908249	-2.4172528	4.8985353	31.107973	-18.394442	15.08237	14.754769	21.770489	209.33122158050537
10	1.2	0.2	457.576	90.74901	690.61365	307.81342	397.84595	48.027287	523.19836	343.24582	93.666664	82.5	50000	185.80014	102.01703	348.47693	-23.812098	185.80046	102.01862	351.82324	-19.479128	188.6964	101.95183	346.49216	-32.421436	-2.8396695	4.8188534	36.846664	-17.691029	13.796381	13.489012	19.746046	233.63964104652405
11	1.2	0.2	498.2452	116.28139	805.13104	297.94196	477.53506	33.428726	531.29205	409.92715	99.42	91.7	55000	186.28012	101.60376	351.86133	-31.24487	186.28021	101.607	350.9401	-23.569342	188.97266	101.53844	347.21875	-29.276808	-3.1935327	4.868229	36.160065	-17.352251	12.96996	12.671271	18.525822	257.8941307067871
12	1.2	0.2	530.1457	133.14761	915.2694	317.83392	488.73285	67.0996	603.38525	385.5875	104.541664	101.3	60000	188.7267	101.07696	354.08414	-23.920006	188.72629	101.07861	354.44775	-21.888287	191.22658	100.98182	350.30453	-47.233017	-3.4682057	4.8590746	31.192059	-18.053717	12.682553	12.477534	17.657423	282.31960582733154
13	1.2	0.2	549.1426	121.49135	1045.2885	334.02914	460.55917	82.54029	650.3526	388.0489	108.41304	89.0	65000	190.52252	100.144066	351.03323	-38.936497	190.5225	100.145615	350.326	-34.067738	192.77151	99.91349	348.75323	-44.123608	-3.947961	4.7645793	31.399635	-17.640709	12.268679	12.022642	16.78142	306.6766188144684
14	1.2	0.2	496.98978	80.425095	734.09406	374.98712	519.5186	40.974358	574.98193	433.7406	96.92308	98.5	70000	191.7937	99.608284	344.08865	-25.935602	191.79527	99.60897	346.06528	-30.75406	193.87054	99.33591	341.8779	-24.232237	-4.2395716	4.681912	28.775215	-18.115404	11.649714	11.379769	15.72339	331.34859108924866
15	1.2	0.2	553.67505	144.43117	1152.8691	348.35812	508.72803	59.731026	600.408	412.06476	108.36957	94.3	75000	192.98428	99.47874	347.78525	-43.516476	192.98465	99.480354	345.60852	-30.336687	194.97379	99.17986	345.02698	-27.653273	-4.3713207	4.618537	32.570023	-18.283499	11.279445	11.040982	14.969261	355.73645281791687
16	1.2	0.2	546.93335	141.72557	995.7399	379.3854	549.1681	114.30233	838.5183	450.1877	107.434784	102.1	80000	194.7777	99.434845	346.1282	-16.711857	194.77792	99.43643	346.59006	-31.776287	196.68198	99.14897	346.47336	-55.614365	-4.4323726	4.5446095	41.66773	-18.858528	11.306625	11.041937	14.645674	380.230238199234
17	1.2	0.2	559.6369	114.648506	932.8128	397.44904	613.84094	176.17357	1054.9193	434.76114	109.17391	116.1	85000	198.10063	100.12545	349.20508	-23.810001	198.10176	100.126724	350.43454	-42.331207	199.95386	99.81466	348.83194	-34.71246	-4.5699325	4.6076937	59.94237	-17.228638	11.043586	10.691263	14.1180525	405.0885474681854
18	1.2	0.2	529.79266	115.25313	971.70557	385.43805	536.8057	66.93748	715.84973	472.39542	104.625	101.2	90000	200.06506	100.90533	354.174	-35.783905	200.06482	100.906425	353.37274	-28.79933	201.85068	100.610916	352.58594	-53.759506	-4.623246	4.5498567	27.862982	-17.032127	11.087832	10.798177	14.126111	429.927649974823
19	1.2	0.2	509.25204	87.55947	734.729	330.6736	647.52277	135.34843	942.57227	470.38257	99.06	133.8	95000	201.64749	101.97169	354.60797	-24.07269	201.64847	101.973305	361.0832	-37.831863	203.38608	101.684746	354.08337	-24.869434	-4.63954	4.537016	65.53812	-17.157547	11.246115	10.907664	13.95186	454.9105386734009
20	1.2	0.2	586.0786	139.866	1014.882	343.42163	667.19336	232.72588	1294.6385	489.6415	117.441864	130.8	100000	203.57191	102.16102	355.95706	-26.102886	203.57268	102.16263	358.21228	-36.61392	205.25476	101.84955	355.2396	-38.64978	-4.6560974	4.5246196	30.778685	-17.316647	11.015035	10.7498455	13.6036	480.3078079223633
21	1.2	0.2	586.41644	150.05246	1143.0171	390.9312	624.3133	125.058975	936.11554	459.7237	117.92857	122.0	105000	204.84589	102.614555	357.70285	-18.894005	204.84549	102.616486	357.3887	-20.82725	206.47658	102.26917	356.76004	-22.708324	-4.8276086	4.4864416	49.48908	-18.81481	10.976228	10.637206	13.344621	505.1104431152344
22	1.2	0.2	590.56696	131.01633	894.26495	420.65854	608.78656	143.91293	937.62134	465.29147	115.93023	115.2	110000	205.87318	102.672165	357.29532	-25.549839	205.8734	102.67497	359.45325	-31.827003	207.42934	102.33472	357.64044	-24.467987	-4.934944	4.44026	31.834717	-18.592934	11.142053	10.739946	13.163816	529.9866874217987
23	1.2	0.2	555.7545	145.34352	1011.7987	279.35983	537.86536	197.10039	1090.5432	401.02097	110.08696	112.5	115000	206.63281	102.46493	358.59818	-35.55539	206.63356	102.466125	358.95825	-37.823486	208.13245	102.1322	357.6018	-42.48234	-4.956901	4.365183	43.575993	-18.266577	10.867408	10.494011	12.718947	555.1823954582214
24	1.2	0.2	595.94086	123.76237	880.40735	347.59702	531.6748	78.05265	637.09863	376.47897	117.71429	104.8	120000	208.57185	103.329666	361.59897	-37.836884	208.57193	103.331955	359.12878	-21.068853	210.06879	102.999695	359.52954	-19.658697	-4.942238	4.383511	32.536934	-18.522272	10.8548765	10.535758	12.643412	580.0976758003235
25	1.2	0.2	608.16534	153.27562	1212.4105	394.04404	680.0131	118.63342	876.57043	472.9412	119.54762	129.7	125000	209.2654	103.73122	363.66248	-19.726797	209.26566	103.734245	359.55222	-29.859795	210.70749	103.39175	360.06458	-32.199005	-5.1089277	4.344224	29.668514	-17.082258	11.017949	10.625581	12.566302	605.517233133316
26	1.2	0.2	586.1096	151.32906	1121.5929	430.26996	666.71875	253.84372	1197.8472	410.71027	115.60465	138.3	130000	210.9909	104.01475	363.40277	-28.991133	210.99113	104.016785	362.2426	-24.389593	212.41953	103.678535	360.60825	-33.346336	-5.0109777	4.382989	32.399536	-17.617975	10.954974	10.620554	12.209529	630.8554317951202
27	1.2	0.2	602.64874	133.03458	906.98016	374.83862	707.12573	114.13585	943.0067	490.3177	121.097565	137.3	135000	212.8147	104.784424	367.3335	-19.820934	212.81483	104.78828	364.31976	-14.115868	214.22833	104.467415	365.24612	-28.905643	-5.0662484	4.382743	34.821735	-17.43783	11.1806755	10.736106	12.377968	656.3344774246216
28	1.2	0.2	590.64325	127.07606	953.4112	440.4375	561.6575	56.674328	675.42084	468.5754	116.02273	105.7	140000	214.38162	105.56864	367.54593	-45.7134	214.38113	105.572075	367.61337	-42.78179	215.77054	105.26029	366.03952	-24.030134	-5.024027	4.417567	31.54739	-16.395336	11.409925	11.083875	12.386505	681.7523958683014
29	1.2	0.2	573.0959	128.13315	1032.437	369.70377	675.53064	137.95474	984.3452	535.90607	114.790695	129.3	145000	214.96097	105.83019	369.65735	-32.933445	214.96117	105.8338	367.1892	-16.771923	216.30676	105.53376	368.91803	-18.163252	-5.108021	4.3793616	85.3482	-18.089653	11.658408	11.225747	12.433736	706.8583006858826
30	1.2	0.2	573.14056	118.53012	982.6783	373.7684	494.1455	24.106	554.24066	471.3603	110.608696	92.3	150000	216.1068	105.8734	369.11398	-25.442148	216.10663	105.87693	367.51398	-45.324883	217.4308	105.55385	368.92737	-17.606478	-5.020137	4.3207755	34.29719	-18.32688	11.674868	11.250461	12.337944	732.0906572341919
31	1.2	0.2	553.7451	105.09143	976.2985	422.3662	663.0448	110.32348	857.7331	482.34277	108.065216	130.8	155000	217.29123	106.19469	371.26434	-18.373018	217.29187	106.19755	371.24426	-24.904009	218.61494	105.87635	369.63864	-27.500834	-5.0422072	4.3509874	32.444202	-16.52955	11.482762	11.009154	11.851652	757.4185402393341
32	1.2	0.2	601.5531	108.06735	816.228	374.31265	650.5563	155.49371	985.994	367.6104	116.71429	127.0	160000	218.42487	106.70389	373.42926	-25.942522	218.42456	106.70835	374.06973	-28.25392	219.73596	106.38487	372.83957	-28.702805	-4.909158	4.3909388	40.039627	-17.753017	11.390337	10.987545	11.824162	782.4693732261658
33	1.2	0.2	571.0388	147.68124	1197.9097	380.81235	523.31195	28.988655	573.72455	474.9065	110.304344	96.3	165000	219.24644	106.90047	373.56592	-21.37538	219.2456	106.90353	372.0828	-16.741396	220.53702	106.58816	372.40448	-13.344086	-4.901024	4.3385763	32.010963	-17.97379	11.388745	11.041687	11.766718	807.8456258773804
34	1.2	0.2	646.86426	164.05031	1113.2113	403.22342	643.2706	71.17419	796.70544	505.84775	125.675	122.8	170000	220.23221	107.33067	373.42517	-17.176912	220.23257	107.33467	372.9168	-22.540396	221.51721	107.02451	372.3353	-23.670902	-4.9880958	4.351338	34.30667	-18.269821	11.436147	10.996832	11.584045	833.3921990394592
35	1.2	0.2	602.72003	146.13081	1182.0459	418.3841	679.61835	242.8885	1274.7539	435.75977	117.59524	135.8	175000	222.00485	107.641846	374.3772	-17.057617	222.00471	107.645355	374.1013	-23.692797	223.28372	107.34027	374.8876	-20.256378	-4.8934317	4.4307632	33.259296	-17.190928	11.3914385	10.973214	11.619799	858.7829794883728
36	1.2	0.2	604.821	86.40039	799.6437	447.91782	819.4979	163.47171	1006.6605	539.8961	116.69768	164.5	180000	222.42137	108.10398	375.95258	-17.584627	222.42114	108.10799	376.27545	-22.109615	223.69199	107.81314	374.81778	-24.652145	-4.940595	4.410642	34.56084	-17.020449	11.511356	10.971209	11.360672	884.9237504005432
37	1.2	0.2	643.54834	125.677185	960.7957	484.85458	557.505	29.214481	620.59247	511.4212	126.15	102.5	185000	223.35965	108.275444	377.77875	-29.434969	223.36002	108.28047	376.80225	-34.025932	224.60219	107.964874	375.9846	-46.36044	-5.008453	4.3956203	34.34709	-17.79772	11.475356	11.0035095	11.338286	910.4434628486633
38	1.2	0.2	629.33594	139.24986	1190.5737	464.60147	585.6185	63.9104	750.5465	524.88916	122.575	109.8	190000	224.54704	108.5822	377.72357	-22.575161	224.54703	108.58605	376.41135	-19.62751	225.7759	108.28311	377.5964	-16.3875	-5.0460534	4.3466506	35.596188	-17.624092	11.516355	10.999426	11.214601	935.4679973125458
39	1.2	0.2	641.3901	131.8402	1090.1321	464.18143	509.6875	44.97912	587.953	450.24835	123.39024	95.9	195000	225.57536	109.087494	378.15768	-47.01992	225.57498	109.09186	379.48944	-48.14396	226.81142	108.78497	377.8735	-16.498817	-4.9830027	4.39157	33.75813	-18.368214	11.592397	11.092161	11.329016	961.1774954795837
40	1.2	0.2	700.6577	200.7932	1448.6443	419.2118	652.0511	145.644	997.7457	476.132	136.2973	129.5	200000	227.2275	109.74482	380.48862	-24.786343	227.22794	109.74841	380.3352	-17.302948	228.44498	109.44317	381.57925	-16.47149	-4.9456244	4.434249	30.640617	-16.763147	11.712522	11.204823	11.2658825	987.2959017753601
41	1.2	0.2	658.0819	138.54608	1050.1937	387.00565	602.5793	88.01974	814.44214	473.31207	127.48718	115.6	205000	228.3107	110.39844	383.20038	-23.763395	228.3107	110.40316	384.09348	-29.060223	229.53288	110.11258	383.2701	-26.597145	-4.8200626	4.484918	32.000587	-18.2103	11.707974	11.199069	11.248695	1012.982344865799
42	1.2	0.2	597.16644	92.44976	815.96326	450.3945	556.1205	65.30915	646.8956	439.95554	113.704544	105.5	210000	230.03775	111.05244	384.88446	-19.789612	230.03775	111.05754	385.2847	-21.544094	231.27759	110.79415	385.71475	-29.756453	-4.892112	4.487196	37.712418	-17.820507	11.884305	11.356258	11.288026	1038.5560076236725
43	1.2	0.2	649.10925	161.1607	1359.5105	456.5186	587.2096	104.27032	777.42487	461.20413	125.1	110.2	215000	230.49919	111.525276	387.63538	-16.452513	230.49927	111.52824	386.22815	-29.06417	231.71414	111.26611	385.87512	-24.321684	-4.842919	4.4873652	35.83453	-17.7983	11.868231	11.358345	11.159785	1064.14905834198
44	1.2	0.2	621.2085	160.57913	1183.4249	401.81772	490.25116	41.384064	556.3741	443.04547	120.51219	90.4	220000	231.43626	111.744965	387.7955	-30.772675	231.43672	111.74965	387.46198	-18.424507	232.6579	111.484856	386.75882	-19.681301	-4.831936	4.4782405	39.22653	-17.703814	11.862492	11.347435	11.108231	1089.4996411800385
45	1.2	0.2	653.086	162.05685	1109.3765	389.34628	753.8524	198.56912	1238.8937	503.96985	128.51282	147.7	225000	232.41522	112.23758	388.6465	-40.237923	232.41432	112.24191	389.26395	-45.798862	233.61067	111.96575	389.46426	-51.818027	-4.8471003	4.4570155	46.125954	-18.235138	12.040972	11.4989605	11.184358	1115.7757503986359
46	1.2	0.2	677.21765	160.46617	1003.5748	394.04776	491.7392	42.883255	552.54724	424.05386	131.76315	90.9	230000	233.23328	112.69255	390.5198	-20.243559	233.23328	112.69756	389.90875	-29.270426	234.43535	112.43664	388.6743	-39.069527	-4.808534	4.4915495	29.088955	-18.437525	12.218453	11.669202	11.380423	1141.4495685100555
47	1.2	0.2	681.7957	168.86832	1061.1372	378.8748	529.7203	40.25578	584.63025	452.73715	133.21053	99.2	235000	233.95824	112.85773	391.04984	-30.116796	233.9577	112.86287	390.33374	-21.139694	235.14499	112.60709	390.24677	-20.147999	-4.8234925	4.4397206	32.66447	-16.585129	12.251948	11.713115	11.255891	1167.398294210434
48	1.2	0.2	771.8228	259.8169	1688.9014	464.97614	562.4983	102.38273	857.4172	488.18958	148.54546	105.2	240000	234.96452	113.33658	391.80893	-24.678413	234.96451	113.340485	392.10794	-16.656982	236.15837	113.08238	392.48508	-20.232203	-4.7931414	4.4568343	39.10757	-16.92189	12.183418	11.721142	11.286468	1192.991760969162
49	1.2	0.2	737.0258	187.51964	1145.4661	363.0066	585.4299	141.22276	810.8151	389.93317	143.74286	115.6	245000	236.66335	114.18298	393.53745	-27.284422	236.66298	114.1869	392.27158	-33.37062	237.89925	113.95177	392.76175	-14.674662	-4.590404	4.5287027	39.810303	-17.701017	12.357749	11.890628	11.233475	1219.0564126968384
50	1.2	0.2	706.0745	142.90018	1047.1682	430.4082	649.2919	63.481438	742.1845	539.53534	136.41667	121.4	250000	238.08244	114.7202	396.31296	-29.876905	238.08263	114.725624	395.742	-36.873016	239.29372	114.47813	393.46194	-17.631704	-4.5467467	4.4927335	37.161766	-17.471596	12.473393	11.843736	11.23179	1244.8585269451141
51	1.2	0.2	722.0948	204.2095	1288.716	441.56824	592.961	41.20817	652.675	526.7254	137.64865	108.6	255000	239.75905	115.75612	399.46744	-19.321165	239.7596	115.75947	397.4758	-21.423977	240.99583	115.529915	397.8086	-16.031174	-4.379188	4.5653377	48.311623	-20.213379	12.505013	12.022519	11.300667	1271.1904137134552
52	1.2	0.2	782.79425	225.0398	1591.2017	511.2351	549.61774	41.495872	619.10333	495.47922	150.78787	102.6	260000	240.91391	116.70453	400.47272	-42.75983	240.91328	116.709656	400.6516	-21.718544	242.1409	116.48173	400.2639	-14.698022	-4.3675942	4.584347	41.594563	-17.403954	12.985329	12.417878	11.787765	1297.405475139618
53	1.2	0.2	778.9607	180.67056	1257.2329	429.12506	594.0005	72.27991	781.97186	509.28653	150.87878	110.4	265000	242.43843	117.105995	403.9596	-19.759062	242.43835	117.10998	404.3243	-16.021688	243.69086	116.89599	403.08456	-21.693634	-4.236458	4.685045	36.119877	-16.877964	13.072116	12.55941	11.726839	1323.244942188263
54	1.2	0.2	790.22015	268.91068	1665.0988	428.99686	563.4286	71.838486	656.2585	448.28598	154.84848	105.6	270000	243.9837	117.84884	404.56342	-31.15834	243.98367	117.85252	404.00253	-35.33089	245.24469	117.644196	402.83105	-17.927431	-4.2378063	4.6125903	39.497807	-16.735182	13.051798	12.574909	11.604561	1349.809363603592
55	1.2	0.2	903.9767	318.8338	2093.9468	477.07385	561.00854	55.063408	646.6421	473.60275	177.67857	107.6	275000	245.23892	118.81456	407.35004	-24.289904	245.23853	118.81891	409.78198	-23.60337	246.48615	118.61197	408.7883	-35.437714	-4.238567	4.6097374	50.79495	-18.537586	13.348449	12.801798	11.921684	1376.0196979045868
56	1.2	0.2	838.1374	237.10593	1408.1318	456.48682	812.29456	184.8794	1160.7516	619.67377	164.83333	161.7	280000	247.41437	119.76331	411.5661	-21.071112	247.41542	119.767845	412.68146	-21.042486	248.67256	119.584854	412.1861	-21.874044	-4.0867386	4.682544	59.862083	-19.288372	13.911382	13.264693	12.202594	1402.4591977596283
57	1.2	0.2	895.35486	327.19385	1649.7374	404.4208	688.8449	77.97291	802.9319	532.33777	177.14285	129.3	285000	249.00763	120.26503	411.5366	-23.561285	249.00702	120.26981	411.14066	-34.511982	250.25829	120.07139	409.9892	-19.3437	-4.0893745	4.709362	40.26662	-17.249876	14.161321	13.664915	12.534907	1428.7780404090881
58	1.2	0.2	1010.1588	314.93402	1685.1146	524.5757	611.1255	131.33768	918.153	451.36026	200.12	114.0	290000	249.78497	120.937546	413.50638	-23.201202	249.78415	120.94315	414.38947	-19.204872	251.0374	120.74801	415.06528	-23.08138	-4.0858755	4.7529197	45.751984	-17.057083	14.5614195	13.947228	12.523146	1455.2398669719696
59	1.2	0.2	908.4827	296.3746	1721.9318	388.40494	518.2875	28.32338	589.288	482.86697	177.75	94.8	295000	251.58545	121.70699	415.74753	-35.566364	251.58572	121.71148	417.51047	-25.685974	252.86847	121.53589	415.33466	-37.586525	-3.946173	4.777644	37.609844	-17.522118	14.406675	13.82787	12.374071	1481.4693999290466
60	1.2	0.2	930.5165	309.7139	1813.5404	438.34232	826.76794	145.40938	1146.3853	675.49963	182.35715	155.8	300000	253.54816	122.72593	417.2035	-50.091393	253.54816	122.73071	417.87997	-33.71178	254.83566	122.5671	416.531	-72.05608	-3.9420004	4.8224697	36.154724	-17.387217	14.771843	14.19377	12.724243	1508.7639005184174
61	1.2	0.2	1104.7966	412.0423	2170.4246	537.1955	825.2297	169.72287	1164.1742	646.2606	217.0	157.5	305000	255.92645	124.16191	422.9788	-29.838324	255.92651	124.16543	422.1865	-20.814419	257.26355	124.04195	423.8927	-18.908745	-3.7958846	4.851009	38.73327	-16.625929	14.983091	14.440261	12.831976	1535.7159631252289
62	1.2	0.2	926.5771	304.8093	1679.2246	452.80054	689.9336	178.13199	1113.477	540.28204	186.11539	129.8	310000	257.89597	125.435875	427.13965	-31.132826	257.89603	125.4409	424.12845	-27.38651	259.25677	125.326454	424.4061	-57.04092	-3.5928798	4.960968	79.874664	-17.186836	15.727368	15.092297	13.278608	1561.8244976997375
63	1.2	0.2	1221.1979	534.86194	2863.1487	636.90875	1696.0358	791.7515	3261.702	996.547	243.55	335.9	315000	259.80856	127.05938	428.87283	-23.369038	259.8087	127.06428	432.5534	-23.697353	261.17203	126.94808	427.0165	-21.08455	-3.465075	5.076089	76.90236	-16.76583	16.223467	15.55775	13.664855	1590.2260057926178
64	1.2	0.2	992.07184	471.79092	2994.1377	504.68842	883.30194	374.89575	1913.956	620.49756	194.25926	172.8	320000	262.19473	128.07217	429.84302	-34.468765	262.19473	128.07625	430.9492	-24.23201	263.53662	127.92839	431.04733	-51.414337	-3.4641762	5.0838375	42.278706	-16.576914	16.796577	16.086533	14.030547	1618.3064064979553
65	1.2	0.2	1178.965	734.362	3722.8723	526.72925	765.713	202.53505	1242.0973	546.0068	230.71428	145.6	325000	263.92212	128.78369	432.44534	-17.76023	263.92294	128.78865	431.5768	-30.045393	265.29553	128.65218	431.19794	-26.438347	-3.3554487	5.129413	42.44484	-16.880745	16.97519	16.325457	14.140899	1644.851854801178
66	1.2	0.2	998.8115	266.33023	1647.8735	594.1837	971.45703	223.4036	1582.3658	747.06964	196.84616	187.1	330000	265.86987	129.90938	435.87683	-29.473223	265.87003	129.91386	435.27274	-22.497963	267.24417	129.80815	434.95032	-25.61973	-3.269234	5.1513014	35.510567	-17.70105	17.392504	16.622705	14.301326	1672.8405485153198
67	1.2	0.2	1016.8567	275.51077	1504.0288	504.936	1024.747	324.29727	1815.8943	704.3832	202.04	199.7	335000	268.1902	131.37163	439.06122	-21.899818	268.1907	131.37561	438.84332	-24.415686	269.59555	131.29585	437.64627	-26.851862	-3.1286132	5.300901	44.735016	-17.693136	18.119074	17.456701	14.804763	1700.5660862922668
68	1.2	0.2	1019.9888	410.17136	1980.1188	478.14505	1142.4719	225.10675	1470.2311	855.1828	200.41667	218.4	340000	270.69882	133.16527	444.9366	-37.67308	270.6999	133.16907	441.31827	-28.754025	272.13968	133.11028	441.17633	-37.18482	-3.0167837	5.3995085	42.033997	-17.550716	18.49478	17.85044	15.137916	1727.9374752044678
69	1.2	0.2	1028.6561	441.917	2666.6858	537.5985	1039.286	308.4361	1525.9741	586.81323	201.56	203.2	345000	273.18518	134.97002	448.79294	-20.113106	273.18564	134.97363	449.81097	-32.583977	274.6437	134.91649	446.6346	-31.451563	-2.859494	5.4852734	44.254917	-17.064589	19.26795	18.585062	15.837375	1755.800686597824
70	1.2	0.2	1201.0807	584.1269	3211.5166	492.0907	892.1691	275.8256	1580.9155	587.984	235.04546	171.8	350000	273.86594	135.80913	450.8734	-35.703094	273.86588	135.8126	449.4612	-45.076283	275.30048	135.76129	449.21906	-33.709965	-2.8403254	5.566726	53.38889	-16.43262	19.780216	19.143728	16.11394	1784.0440635681152
71	1.2	0.2	1130.0785	417.98642	2043.9766	586.77545	1152.692	657.68774	2700.604	413.7914	223.72728	221.7	355000	275.7555	136.86827	455.28253	-34.588676	275.75577	136.87314	452.24463	-35.70332	277.17056	136.80893	450.0657	-19.807663	-2.8375297	5.6122684	44.60316	-16.303959	20.559488	19.903107	16.627644	1811.9237537384033
72	1.2	0.2	1470.6133	644.95447	2845.2332	650.6249	1577.8114	576.6329	2452.3374	555.3801	291.58823	307.2	360000	278.01855	137.5153	456.15857	-32.09619	278.0193	137.5184	458.4144	-29.649681	279.46793	137.45375	450.97122	-41.93095	-2.8297029	5.631912	76.653015	-18.428423	20.686657	19.835693	16.600405	1840.7148644924164
73	1.2	0.2	1129.2106	364.67224	1919.8993	619.3709	1722.2112	869.35754	3530.0276	830.6466	225.73914	344.5	365000	279.60257	138.5122	461.456	-26.296806	279.60422	138.51588	457.09772	-25.760895	281.04672	138.47224	452.96704	-33.22471	-2.6994941	5.671587	65.49086	-19.178715	20.9716	20.338228	16.801302	1870.868836402893
74	1.2	0.2	1142.544	557.9893	3157.5823	532.0124	1106.1758	209.24449	1541.557	851.75116	223.95454	214.4	370000	281.22617	139.43991	456.66522	-63.405304	281.22623	139.44235	458.20557	-65.735565	282.6269	139.38719	457.9352	-81.13743	-2.7193825	5.7213187	52.606308	-17.060602	21.401226	20.988344	17.256556	1898.6645164489746
75	1.2	0.2	1280.976	562.2198	2718.7502	519.46265	3489.4805	1628.3705	5040.449	1306.8179	252.4	692.0	375000	282.05032	140.0717	461.55734	-76.02818	282.0512	140.07338	474.04883	-66.488335	283.52792	140.04382	461.1843	-92.992874	-2.5529091	5.7838373	52.105198	-16.971346	21.796978	21.17411	17.160282	1932.0300464630127
76	1.2	0.2	1287.5026	529.42804	2242.631	654.5075	1290.4495	676.55273	2698.728	599.67194	253.05882	253.6	380000	284.33633	140.79886	462.3587	-48.97523	284.33658	140.80411	465.9322	-44.15734	285.7796	140.74568	459.70267	-44.546917	-2.6148915	5.7574677	54.934944	-16.934319	22.004358	21.35363	17.347374	1958.196124792099
77	1.2	0.2	1750.8584	1216.9001	4974.591	773.06696	2063.4944	1187.5375	4599.443	685.2094	348.5625	402.1	385000	286.3508	141.37268	464.81866	-37.9439	286.3516	141.37552	470.4859	-40.542133	287.7948	141.31494	460.30273	-58.01281	-2.6261225	5.7281413	70.10878	-17.315428	21.713902	21.028006	17.112062	1990.4719619750977
78	1.2	0.2	1770.4608	1279.0286	4959.6064	609.8292	4865.7515	564.0812	5059.85	3173.5425	351.14285	962.2	390000	288.1836	142.12396	463.87567	-44.140137	288.18372	142.12817	466.55472	-39.373352	289.64847	142.0619	463.12106	-47.789684	-2.4672775	5.827464	86.55215	-17.33983	22.187084	21.434198	17.662819	2026.081312417984
79	1.2	0.2	1507.0563	1054.4637	4947.204	495.93515	1592.1937	811.2064	3018.5642	633.07306	301.875	318.9	395000	290.15878	142.49268	466.3457	-33.457497	290.15918	142.49738	468.86795	-31.011602	291.60275	142.43027	463.5475	-39.723045	-2.6183918	5.7724624	59.713936	-16.620275	22.12209	21.295017	17.378717	2055.1854445934296
80	1.2	0.2	1799.9557	1183.2343	4974.2417	736.0799	1453.4792	517.0902	2435.4836	778.0104	359.53333	277.6	400000	292.0009	143.3404	469.5754	-46.379745	292.0018	143.34369	468.02658	-39.283226	293.4517	143.27898	466.24716	-47.40437	-2.619286	5.793124	51.092377	-17.022621	22.238556	21.527498	17.2393	2085.498557329178
81	1.2	0.2	1524.9417	850.80786	3400.9739	657.3627	3271.2153	1520.2059	5028.9585	1528.0472	302.5	648.1	405000	293.0452	144.1478	468.52118	-40.0095	293.04578	144.15071	476.6635	-39.456245	294.49054	144.08908	469.09903	-59.633324	-2.4222896	5.8312497	92.58322	-16.834549	22.90369	22.276579	17.829327	2117.866934776306
82	1.2	0.2	1442.4753	655.073	2798.497	620.0628	1370.0847	254.58162	1754.4148	1031.1992	289.82352	266.9	410000	294.2198	145.10059	470.359	-45.51164	294.22018	145.10542	476.93774	-37.95912	295.67676	145.06711	469.6085	-43.646523	-2.2879083	5.955237	55.309994	-16.937887	23.194324	22.419394	17.707026	2146.796237230301
83	1.2	0.2	1823.804	1126.0183	5016.766	713.50964	1068.6667	185.08556	1499.4446	865.6032	361.7857	211.2	415000	295.89163	145.24557	471.34247	-38.813995	295.89096	145.25046	476.1471	-31.190493	297.31418	145.19594	471.6816	-50.654556	-2.2946835	5.949851	97.78244	-18.39469	23.47422	22.898275	17.91032	2175.5699293613434
84	1.2	0.2	1340.3779	543.8213	2577.135	469.62762	1183.2684	413.7323	2153.692	738.1693	264.05554	234.2	420000	297.50745	145.7401	478.032	-43.912354	297.50726	145.74315	475.29727	-28.709806	298.96225	145.67482	476.21115	-54.140575	-2.3149374	5.8838873	62.828957	-16.929743	24.08176	23.421568	18.136885	2203.359534263611
85	1.2	0.2	2187.0369	1122.1898	4214.674	600.46857	3236.7817	1758.1803	5020.241	745.8642	433.83334	646.9	425000	299.1485	146.11635	479.7351	-32.144283	299.14996	146.11957	478.33615	-44.428223	300.6029	146.03125	473.28925	-32.861042	-2.2647796	5.9355054	63.660965	-18.406807	24.049696	23.324986	17.96145	2237.1830236911774
86	1.2	0.2	2577.5742	1484.3074	4997.719	793.6432	1676.831	899.7351	4255.665	1017.7035	511.1	333.0	430000	300.88586	146.68149	477.82678	-25.421932	300.88614	146.68593	483.76245	-30.625364	302.3493	146.62697	473.64633	-39.69665	-2.214168	5.9037814	69.25311	-16.715086	23.622602	22.963728	17.742424	2267.6173644065857
87	1.2	0.2	2717.1748	1545.6638	4962.978	641.44434	4595.8057	1334.7837	5052.5264	591.5105	544.55554	911.7	435000	303.7689	147.62862	478.58643	-85.024055	303.76883	147.6329	478.05246	-60.45537	305.23956	147.55786	477.43954	-82.34908	-2.1342149	5.921268	89.47058	-17.495966	24.07546	23.400553	18.071201	2303.2595562934875
88	1.2	0.2	2109.2048	722.0573	3348.4443	881.085	2454.3801	1352.8467	4978.766	795.038	419.08334	494.7	440000	306.3664	148.61113	480.06778	-48.20899	306.36728	148.61446	480.024	-31.741703	307.82556	148.5367	478.1298	-40.39135	-2.1333585	5.895698	69.47949	-16.602169	24.368164	23.615458	18.121754	2335.063086748123
89	1.2	0.2	2164.3147	927.0626	4257.189	1130.0127	1092.0764	325.55142	1725.3462	596.514	430.58334	212.7	445000	307.479	149.3327	480.5333	-86.83107	307.47864	149.33624	484.46832	-62.84945	308.93564	149.22139	478.42572	-61.795376	-2.1593673	5.907367	56.50571	-16.60176	24.785353	24.21275	18.63901	2364.599187850952
90	1.2	0.2	1771.4407	1131.6145	4932.514	623.0077	1416.9548	840.87885	3764.8345	754.5936	351.64285	273.6	450000	309.44025	149.86758	485.00534	-36.836956	309.44064	149.87161	482.1838	-33.526966	310.8989	149.77023	481.92163	-62.7059	-2.1262846	5.9802203	65.47504	-17.496181	24.916721	24.222986	18.54613	2393.8092975616455
91	1.2	0.2	1708.9576	853.57166	3798.7607	752.447	1952.9036	1093.5314	5044.007	942.3236	336.42856	386.5	455000	310.60263	150.26537	483.04105	-37.43072	310.60297	150.26703	484.95444	-24.226412	312.03207	150.13144	482.69388	-49.40896	-2.0636957	5.9578023	67.96067	-17.088913	24.73973	24.248524	18.603262	2423.3836846351624
92	1.2	0.2	2063.6396	1169.1499	4862.4214	664.2441	3889.3555	1509.4391	5107.5356	1238.045	412.23077	763.8	460000	312.60684	150.37796	487.2957	-51.508614	312.60733	150.38196	486.1012	-55.688133	314.04968	150.25417	483.75034	-48.782646	-2.023734	5.973839	65.151764	-17.308731	25.094406	24.44678	18.46364	2459.309851169586
93	1.2	0.2	1839.5859	925.0128	4188.6562	517.6529	1718.8756	412.7538	2358.516	980.5509	362.3846	337.1	465000	313.31326	151.16972	487.3383	-40.835686	313.3137	151.17229	491.95276	-45.96143	314.7525	151.0727	483.90216	-64.4914	-1.9028752	6.1201763	67.47623	-16.58094	25.535929	25.06526	18.902178	2488.3322851657867
94	1.2	0.2	2515.8555	1567.0508	5060.194	873.8779	2290.418	1085.2029	4732.261	1269.867	504.2	450.9	470000	315.2658	151.7445	489.8398	-34.34882	315.26605	151.74718	487.88242	-31.92239	316.70926	151.65102	486.04285	-33.270393	-1.9482594	6.081679	64.73993	-18.189754	25.891315	25.193283	19.174488	2519.989485025406
95	1.2	0.2	2138.8613	1464.041	4978.0806	865.27014	3410.782	1479.5703	5046.9194	1256.7014	429.33334	679.0	475000	317.6405	152.12195	488.24802	-57.605904	317.64114	152.1247	493.14355	-44.11557	319.11685	151.98688	486.75327	-47.12966	-1.8887646	6.138062	58.405968	-16.422283	25.968294	25.501886	19.07249	2554.231788635254
96	1.2	0.2	1904.7404	646.05133	3200.9075	938.227	1602.0205	448.71243	2425.05	1004.35474	381.84616	315.6	480000	318.9718	152.62128	489.4558	-36.600124	318.97083	152.62364	490.73355	-27.32448	320.38037	152.48067	489.24048	-39.94753	-2.0465279	6.0777726	66.52285	-17.440762	25.483831	25.058956	19.094868	2584.3574402332306
97	1.2	0.2	2331.5964	1181.4907	5136.468	1127.2174	2139.4949	1494.6858	5057.84	888.49817	461.9	423.8	485000	319.25467	152.62692	492.55197	-30.8253	319.2563	152.62616	493.832	-30.418158	320.6294	152.4836	487.27863	-41.83873	-2.0660195	5.9748106	70.03438	-18.140713	25.031548	24.722734	18.547169	2614.4454913139343
98	1.2	0.2	2187.9058	1363.8096	4980.1504	778.2024	1991.2268	670.5756	3388.6973	1031.6934	437.25	392.7	490000	320.5895	152.63997	496.16702	-42.693253	320.58936	152.64409	491.20865	-45.947483	322.02057	152.51521	490.05725	-40.107864	-1.9009731	6.082031	63.954647	-19.152708	25.20973	24.746346	18.7993	2646.5252430438995
99	1.2	0.2	1991.7971	1183.6821	4966.4717	456.9327	1148.6833	372.24442	2009.7705	763.04596	398.53845	224.0	495000	322.569	152.99783	494.58405	-35.369656	322.56848	153.00145	504.3473	-30.299345	323.99722	152.85437	494.18628	-43.545364	-2.0488422	6.057325	63.323017	-17.103302	25.005154	24.6371	18.352604	2676.4691388607025
100	1.2	0.2	2089.676	1348.7819	4987.8423	637.13275	2468.6523	1697.8306	5066.3013	780.7584	416.08334	489.2	500000	323.63333	153.49544	492.74576	-31.607292	323.6321	153.49893	495.07986	-28.048906	325.04892	153.33018	492.6409	-31.299814	-1.9703369	6.0976515	74.20652	-16.29875	25.595987	25.109379	18.644571	2708.7156705856323
101	1.2	0.2	2239.3037	1578.1459	5016.218	615.665	1410.4518	480.22397	2215.8442	740.76447	444.54544	275.1	505000	326.2888	153.51706	494.6654	-32.73808	326.28833	153.52191	496.1745	-25.609173	327.7059	153.35854	494.09918	-36.907284	-1.9949961	6.1044116	60.381588	-17.131886	25.597326	25.097326	18.617792	2738.57129240036
102	1.2	0.2	1860.238	1023.7596	4751.867	929.40186	3728.4941	1580.3889	5111.199	934.8459	368.92307	731.7	510000	326.76694	153.99635	494.82288	-27.081278	326.7654	154.00269	496.86395	-37.392944	328.15106	153.82971	494.0529	-28.416288	-2.0014198	6.118125	72.52236	-16.955576	26.086695	25.636187	19.028994	2772.399519920349
103	1.2	0.2	2761.9363	1796.9192	5061.383	989.3433	2013.5261	907.4218	4394.2373	1139.6931	549.2222	391.4	515000	327.62347	154.18231	498.20654	-32.61957	327.6225	154.18686	502.97208	-36.233986	329.01068	154.02518	497.31042	-38.65943	-1.7271386	6.148067	53.97756	-17.077227	25.997755	25.739935	18.662909	2803.5549874305725
104	1.2	0.2	2990.4001	1577.974	5086.76	750.85315	1690.7766	1261.8947	5069.9585	719.02954	592.3333	336.1	520000	329.3891	154.35338	500.03235	-26.268538	329.38745	154.35857	496.3088	-29.029598	330.79047	154.17114	493.98044	-37.04342	-1.9574907	6.123592	58.71473	-18.299782	25.737772	25.438057	19.228926	2835.472566843033
105	1.2	0.2	2632.5925	1392.7755	5055.191	835.0744	1683.8734	722.0653	3006.9097	914.5511	522.1111	331.2	525000	330.6606	154.41618	500.12234	-33.43387	330.65836	154.42314	497.33633	-25.364046	332.04797	154.24057	496.213	-29.46013	-1.8603821	6.1652374	59.626476	-17.85071	25.690674	25.472582	18.856234	2865.1493434906006
106	1.2	0.2	2403.227	1155.4924	4577.8706	957.62195	1387.8293	348.52002	2063.8628	844.7501	482.63635	277.4	530000	332.48407	154.51422	498.16287	-37.237633	332.4816	154.52019	499.87415	-22.239273	333.90222	154.33864	496.39185	-38.39989	-2.0871632	6.087288	95.85299	-16.365353	25.784023	25.648819	18.920706	2896.417495727539
107	1.2	0.2	2662.1226	1555.3738	4962.876	519.8875	1084.6852	319.70367	1553.6772	638.5723	530.3333	213.3	535000	333.91977	155.52708	498.96826	-45.160225	333.9155	155.53676	499.07217	-46.879627	335.31924	155.35474	498.1464	-38.647266	-1.9092	6.116374	65.393486	-17.56831	26.093521	25.999702	19.306147	2925.4147622585297
108	1.2	0.2	2707.559	1465.5997	5055.1597	1078.9075	1618.2776	434.1331	2286.492	941.94617	535.6	317.3	540000	335.14227	156.06905	499.37228	-43.807484	335.13977	156.07712	506.7183	-31.969162	336.5308	155.8789	500.4034	-44.137367	-1.925022	6.130941	65.77053	-17.043297	26.452045	26.135134	19.210663	2957.429703235626
109	1.2	0.2	1794.9739	1341.8312	4940.32	728.67145	2170.067	1298.1168	5078.092	832.44696	356.42856	431.3	545000	336.76498	155.67181	502.85718	-39.112194	336.76123	155.68146	502.67834	-24.84349	338.17007	155.47601	500.7673	-57.07473	-1.8899405	6.1645246	63.89516	-17.271101	26.464811	26.164898	19.274172	2989.2882611751556
110	1.2	0.2	2252.9033	1569.969	4977.7676	566.7506	964.5614	268.06235	1474.1531	608.23724	447.27274	183.0	550000	338.10086	156.20058	501.7686	-66.32902	338.09573	156.21216	502.29504	-61.289333	339.48355	156.02823	502.49924	-51.345966	-1.9254863	6.1447573	61.13834	-17.467169	26.40215	26.1876	18.90672	3018.6417005062103
111	1.2	0.2	2389.9788	1329.5212	5004.8975	616.9673	1911.7305	671.0696	3265.1833	1077.9524	473.0	375.4	555000	338.9998	156.49881	508.0293	-39.709938	338.9956	156.51051	504.86755	-37.066883	340.34253	156.30199	502.83075	-53.639973	-1.973445	6.1615734	52.430042	-18.082403	27.255295	27.053696	19.553574	3049.28058052063
112	1.2	0.2	2325.0593	1252.528	4852.578	588.5435	4991.9834	241.95282	5103.535	4267.8613	456.45456	984.2	560000	340.10498	156.41261	512.72797	-70.89819	340.10043	156.42143	510.28333	-53.88701	341.5045	156.24777	504.14127	-80.73496	-1.5927049	6.241601	66.37332	-16.563751	27.520987	27.435963	19.680212	3087.1025581359863
113	1.2	0.2	3794.5007	1552.1005	5031.1904	854.3628	2855.9175	1517.7327	4981.3267	898.05273	756.6667	570.5	565000	341.36935	156.94897	506.58292	-49.388153	341.3656	156.95758	521.10016	-94.1428	342.70688	156.74081	505.7351	-59.098843	-1.9274039	6.2124796	125.1742	-18.201529	27.665169	27.420408	19.47167	3118.971203804016
114	1.2	0.2	3017.3994	1820.4404	5027.795	517.56635	1819.4424	752.2674	3033.4546	920.61096	606.6667	358.8	570000	342.93646	157.00987	511.33524	-32.923447	342.93256	157.0193	504.58505	-54.789204	344.32248	156.82591	505.30515	-53.582333	-1.8017318	6.242288	74.90738	-16.21511	27.70697	27.406425	19.520662	3152.087280511856
115	1.2	0.2	2070.4026	1099.737	5058.41	861.8325	3403.191	1454.1229	5022.7466	742.43915	408.45456	674.8	575000	344.1884	157.67767	510.89883	-52.26224	344.18414	157.68927	508.65378	-36.195015	345.5829	157.4883	506.48	-41.616848	-1.7892685	6.2389536	85.00563	-16.540506	27.505144	27.270073	19.668571	3184.8011243343353
116	1.2	0.2	2208.571	1287.212	4987.764	868.4233	2248.3313	1252.4811	5105.7246	1013.00885	438.69232	436.9	580000	345.96542	157.91554	508.55817	-42.094193	345.9615	157.92696	512.9183	-56.504395	347.35855	157.7266	507.21106	-54.538048	-1.7215842	6.282068	86.34422	-18.28698	27.436459	27.188913	19.6014	3219.486196756363
117	1.2	0.2	2154.1934	1333.9421	5076.5586	993.77747	1066.8035	298.8606	1676.9438	745.04114	426.25	202.5	585000	347.6249	158.30019	512.1152	-42.652332	347.62033	158.3117	508.76398	-51.88304	349.0289	158.10237	508.00488	-51.79345	-1.7104372	6.3931856	67.88353	-16.59227	27.448097	27.187042	19.682182	3249.7232875823975
118	1.2	0.2	2813.9438	1766.049	5087.0127	669.534	1835.3912	445.49228	2659.5898	1059.5671	559.375	364.2	590000	349.09433	158.86102	519.3001	-49.691998	349.09122	158.87029	513.5474	-46.952347	350.51514	158.6824	511.52084	-47.57979	-1.7211207	6.3324986	59.939674	-16.693201	27.304438	26.934965	19.365152	3279.5216765403748
119	1.2	0.2	2636.9438	1651.3896	4992.9766	793.3632	3856.6616	1310.1155	5028.2563	1548.752	527.6	769.7	595000	350.76056	159.13522	513.19336	-52.940636	350.75754	159.14447	514.28705	-95.8902	352.18954	158.94182	511.9815	-55.82693	-1.5739194	6.401875	67.25178	-17.119959	27.473215	27.055002	19.55411	3316.6432662010193
120	1.2	0.2	2489.3853	1437.8383	4977.1807	532.1901	3340.7368	1878.3741	4968.6226	610.40106	496.6	670.7	600000	353.4068	159.83325	515.22064	-43.564606	353.40237	159.84335	518.395	-41.91917	354.8447	159.65051	516.11707	-30.881842	-1.556328	6.4570446	69.74289	-19.70613	27.279682	26.999239	19.462387	3351.3753769397736
121	1.2	0.2	2890.3186	1510.1226	4962.9775	1134.4958	2410.5386	1330.8883	5023.6235	1127.8091	576.44446	477.6	605000	355.25653	160.84308	516.691	-54.480045	355.25375	160.85167	527.5015	-59.584442	356.71103	160.65154	515.861	-51.73912	-1.4963746	6.5122094	63.258358	-17.170137	27.945978	27.508728	19.878973	3385.1179049015045
122	1.2	0.2	3010.7793	1553.4993	5001.2944	699.0742	3441.2903	1255.2328	5125.982	1393.4441	602.5	673.7	610000	357.67252	161.08957	521.7967	-47.779613	357.6697	161.09787	516.7125	-47.41841	359.1039	160.88391	517.27386	-42.31321	-1.571479	6.452078	68.16073	-16.874966	28.269444	27.933134	20.180355	3419.5474512577057
123	1.2	0.2	3753.5798	1371.9985	5025.2925	1869.0432	2715.8394	1691.1891	5096.7515	805.29175	755.5	534.4	615000	358.09085	160.77872	516.72876	-31.468758	358.08713	160.78873	519.90814	-33.781876	359.4884	160.54283	524.8916	-49.792683	-1.5411667	6.4546995	62.94648	-16.503834	27.551514	27.220728	19.469128	3451.684212207794
124	1.2	0.2	3651.7422	1519.1648	5085.2075	1380.0967	2070.0015	1146.7986	5116.05	1030.302	731.0	409.7	620000	359.42557	161.06458	517.4325	-96.555	359.4232	161.07153	516.8344	-87.07412	360.85287	160.8421	519.5457	-95.96669	-1.7450751	6.480719	62.17841	-16.9871	27.44718	27.231266	19.378223	3484.468225479126
125	1.2	0.2	4875.117	362.2491	5094.314	4153.0684	1713.4352	1002.4562	3809.5623	710.4509	966.4	338.3	625000	360.7526	161.08336	525.1683	-61.96084	360.7488	161.09538	519.19257	-89.76888	362.16653	160.83426	522.5408	-74.84054	-1.6537142	6.676615	95.73875	-17.576216	28.206217	27.608877	19.808817	3515.6761717796326
126	1.2	0.2	2648.3655	1530.0781	5058.3716	627.7404	2234.7861	1119.5625	4378.8286	795.0173	529.5455	444.8	630000	361.30402	161.08063	522.4946	-76.856766	361.30182	161.0866	518.07043	-63.00067	362.722	160.84448	518.0572	-53.5128	-1.6948895	6.580961	69.09446	-18.51202	27.507889	27.317608	19.526073	3551.6092603206635
127	1.2	0.2	2982.709	1802.1926	5072.645	560.69305	3405.237	1659.9386	5087.688	888.47675	596.875	671.1	635000	363.70285	161.04256	520.3934	-55.3015	363.70044	161.05103	519.4908	-35.550674	365.10657	160.81146	518.78204	-63.3695	-1.7167144	6.614899	67.129	-17.311666	27.915783	27.493868	19.907196	3586.2404170036316
128	1.2	0.2	2686.7344	1446.9475	5017.3037	890.4173	2794.3774	1551.5255	5097.957	1013.1601	531.875	548.0	640000	365.07297	161.54396	520.2741	-54.810707	365.07068	161.55078	522.2762	-55.047497	366.45142	161.29457	518.6276	-65.4841	-1.9147108	6.6774664	79.09166	-17.039042	27.631632	27.335001	19.66423	3617.422116994858
129	1.2	0.2	4108.975	1143.8519	5048.879	2397.8447	3954.1597	1388.278	5085.7803	1043.3733	820.1429	781.3	645000	365.34488	161.74867	520.6247	-56.017593	365.34164	161.75694	526.47723	-56.870853	366.74487	161.48802	517.6438	-82.94918	-1.8035069	6.6223893	68.914986	-17.333721	27.48755	27.197798	19.140587	3656.882903575897
130	1.2	0.2	3974.246	1529.5934	5032.9136	1190.4833	2218.1443	1167.1119	5191.9224	1302.5421	790.8333	434.5	650000	366.41266	161.27441	520.3684	-86.46865	366.41092	161.28079	522.2491	-89.53418	367.78174	161.00166	518.8021	-80.10035	-1.877697	6.5403666	66.828964	-18.106028	27.575636	27.18002	19.185005	3688.912998199463
131	1.2	0.2	2842.296	1297.2423	5040.4043	1200.9971	1868.9802	812.6433	4182.2397	1235.5847	568.1111	379.0	655000	366.75415	161.53275	524.17725	-105.1913	366.75266	161.54063	520.68524	-103.98906	368.12866	161.28351	520.696	-78.72222	-1.7628596	6.564292	76.40794	-16.576359	27.431229	26.966026	19.27504	3722.1244530677795
132	1.2	0.2	4194.86	956.3149	5002.2495	2602.6018	3810.6902	1742.2529	5077.48	683.35175	843.0	754.3	660000	368.3813	161.55493	523.48706	-51.378246	368.3784	161.563	524.77423	-49.58052	369.7912	161.2962	520.95465	-73.09089	-1.6723319	6.5975456	63.967854	-16.895498	27.534988	27.242416	19.064547	3758.984097957611
133	1.2	0.2	3273.6724	1014.4054	5012.0654	1870.5829	3415.2844	1088.5361	5003.2886	1959.524	652.5	684.2	665000	369.95618	161.75827	523.91156	-68.499245	369.9539	161.7649	523.16016	-45.5239	371.35718	161.49246	521.9138	-70.28824	-1.6621891	6.6603727	69.58578	-17.113722	27.624405	27.184093	19.457653	3795.585207939148
134	1.2	0.2	3366.3528	1259.4167	5053.0176	1194.1096	1557.297	761.47156	3129.5686	698.54236	673.8571	301.6	670000	370.468	162.03539	526.27844	-44.697937	370.46518	162.04398	523.13367	-43.95274	371.86673	161.7621	525.2218	-41.628887	-1.7051251	6.65816	107.576546	-18.05596	27.87156	27.520658	19.3517	3826.163379430771
135	1.2	0.2	4414.718	670.81586	5003.067	3174.0623	3690.1296	1438.6123	5133.9023	1224.9069	877.8	722.2	675000	372.5218	161.58864	523.66504	-30.25244	372.51974	161.59464	523.4868	-25.676651	373.90378	161.29907	523.70105	-31.159328	-1.7111609	6.666601	80.75958	-17.030174	27.898071	27.737665	19.440153	3860.217762708664
136	1.2	0.2	4312.5264	1576.5895	5051.807	787.8321	3441.5613	1164.8026	5095.401	2064.912	860.5	671.1	680000	373.85388	161.5002	525.87085	-58.648872	373.8517	161.50703	525.8767	-67.202866	375.23828	161.21112	524.181	-70.995346	-1.5678514	6.627757	68.2588	-17.1624	27.640217	27.221888	19.100533	3896.6017916202545
137	1.2	0.2	4278.9834	1582.6953	5021.7876	740.8103	2662.6382	1026.513	4170.8096	1262.336	859.1667	515.1	685000	374.9883	161.71558	524.28265	-48.995853	374.98544	161.72418	524.3904	-39.714233	376.3837	161.42416	523.7004	-54.81014	-1.7354964	6.76872	78.36954	-19.821196	27.288027	26.981619	19.061573	3931.1880242824554
138	1.2	0.2	4057.6306	1486.268	5110.02	703.0964	3985.3777	1409.2783	5204.081	1636.684	801.8571	766.1	690000	376.80823	161.93854	524.1631	-42.39699	376.8051	161.94794	524.65936	-39.08512	378.211	161.6306	524.5376	-39.920044	-1.8767005	6.7701106	74.95156	-18.452482	26.930664	26.528189	19.109419	3970.2017951011658
139	1.2	0.2	3400.0305	1539.189	5095.8267	1249.3638	3582.377	1032.5804	5115.5293	2301.718	662.7143	701.2	695000	378.8019	161.5808	528.79034	-47.83243	378.79828	161.59016	523.9399	-35.47616	380.18674	161.26219	526.0094	-35.651875	-2.008397	6.695745	63.527885	-17.475506	26.24293	25.949291	18.350256	4005.041165113449
140	1.2	0.2	3240.5437	1529.3453	5014.0483	941.0598	3583.2212	1333.3945	5076.4243	1629.325	646.25	724.8	700000	379.3037	161.85086	526.8995	-27.426506	379.30118	161.85896	525.134	-46.543427	380.6596	161.53043	525.89856	-45.76478	-1.9128723	6.7941756	66.11255	-16.791044	26.853092	26.537874	18.838846	4042.463446378708
141	1.2	0.2	3423.0437	1704.5911	5085.4473	1089.1757	4024.3313	1124.2538	5116.782	1980.438	681.0	793.6	705000	380.3883	161.63155	526.41266	-36.556904	380.3864	161.63817	530.7704	-35.29949	381.76828	161.3204	525.22266	-36.29057	-1.865504	6.7136335	67.95139	-17.379848	26.991684	26.768332	19.059282	4078.844846010208
142	1.2	0.2	3855.352	1235.9486	4987.721	1356.773	4972.789	94.47853	5089.06	4863.8457	776.4286	1000.0	710000	381.8394	162.04477	530.2328	-57.670322	381.8366	162.05168	533.57117	-33.604	383.21567	161.73898	527.3205	-35.083294	-1.8745921	6.7806063	84.11316	-17.81454	27.169647	26.85509	18.869278	4120.502617359161
143	1.2	0.2	4453.5713	1121.6023	5053.1216	2210.7686	2982.049	1508.7775	5167.7373	918.70654	889.8	576.8	715000	383.49637	162.35466	528.3398	-32.079365	383.49347	162.36275	532.9659	-31.589756	384.91885	162.01213	528.0759	-36.518288	-1.8625876	6.7714953	78.67188	-17.057106	26.908308	26.720812	19.073141	4153.299809932709
144	1.2	0.2	4287.886	1331.7644	5105.8403	1409.3308	3692.1907	1443.6426	5105.372	1558.2267	846.0	729.6	720000	385.58072	162.0534	530.18195	-44.174408	385.57825	162.06226	532.705	-26.032486	387.0254	161.72754	528.32043	-38.358654	-1.9462967	6.805579	66.83181	-18.990484	26.596828	26.266283	18.591389	4190.752293586731
145	1.2	0.2	3504.4084	1702.5668	5024.5195	1252.7345	2728.634	1474.8137	5156.2563	1202.3679	704.1429	529.4	725000	387.25366	162.60045	530.54846	-41.906017	387.24936	162.61116	529.9649	-45.989388	388.67374	162.26195	531.23706	-43.566612	-1.8296583	6.7556043	71.207985	-17.033775	26.785973	26.622622	18.730852	4225.193936824799
146	1.2	0.2	3990.1584	1629.1658	5136.685	1255.4799	5007.573	8.592369	5022.513	4996.1655	794.0	1000.0	730000	388.50983	162.79443	534.7537	-59.037186	388.5066	162.803	530.6612	-49.072876	389.94296	162.45457	532.9703	-43.86751	-1.7689956	6.8703446	70.231895	-16.499184	26.942928	26.618956	18.670689	4266.704830169678
147	1.2	0.2	4235.369	1083.5928	5034.223	2250.0254	2964.2656	1076.614	5058.894	1374.1421	844.4	583.6	735000	390.20636	163.26228	533.0368	-27.41075	390.2029	163.27077	535.8666	-29.301512	391.60123	162.91829	532.02405	-46.678776	-1.7763853	6.884939	65.22516	-17.565794	26.720434	26.601103	18.731396	4299.080739021301
148	1.2	0.2	4356.854	681.4214	5078.4014	3562.1733	4448.8174	1024.4769	5047.5874	1668.0913	868.0	888.9	740000	390.65796	162.86104	538.34973	-25.090899	390.6542	162.86911	533.2367	-28.162792	392.0402	162.51181	535.26105	-38.193653	-1.9296417	6.795307	62.863647	-17.273909	26.702957	26.762331	18.491938	4338.783832550049
149	1.2	0.2	4500.614	1002.47064	5023.0615	2261.0203	2698.5952	1412.3539	5239.0044	936.93524	909.6667	523.7	745000	392.15897	162.73781	536.5718	-30.458826	392.15652	162.74762	540.00964	-38.741047	393.5489	162.39905	533.15704	-40.961132	-1.8123769	6.8100286	146.43748	-20.319048	27.008064	26.704803	18.902002	4375.135644674301
150	1.2	0.2	4666.87	807.9951	5171.9	3054.6714	4703.1265	952.21014	5072.632	1855.192	923.6	935.5	750000	393.60373	162.8914	537.413	-24.858614	393.59973	162.90092	536.00806	-27.988358	394.9804	162.54716	533.9334	-32.908615	-1.9292307	6.830476	83.488205	-17.677439	27.00625	26.615908	18.552431	4413.079382896423
151	1.2	0.2	4147.8677	1010.25323	5053.966	2748.9902	4316.801	962.12067	5108.767	2602.3508	826.8333	845.6	755000	395.26566	162.77168	535.67365	-35.18128	395.26266	162.77809	544.22516	-23.874163	396.69247	162.4128	534.93604	-35.02123	-1.9508641	6.8638067	75.82248	-18.705545	26.459213	26.551521	18.58414	4450.86156129837
152	1.2	0.2	4859.2383	286.7239	5039.844	4287.447	3289.0933	1587.4972	5099.698	1126.6796	971.8	647.0	760000	396.39706	162.76566	537.4873	-50.55485	396.39478	162.77223	550.07336	-24.945274	397.8065	162.39099	536.43835	-35.06492	-1.8931642	6.912755	69.905	-17.000042	26.489233	26.365656	18.605633	4486.4751052856445
153	1.2	0.2	4236.131	1019.0037	4962.9927	2445.184	3366.1538	1398.5015	5172.6367	1142.1028	855.8333	661.1	765000	397.49417	162.89252	536.5171	-31.674295	397.49112	162.9005	536.1134	-28.58083	398.92896	162.52354	536.1468	-29.05111	-1.8920041	6.9213243	91.21273	-16.66015	26.606007	26.460197	18.882515	4523.558739423752
154	1.2	0.2	4568.022	939.9246	5070.7666	2469.3237	4754.6064	652.0245	5074.9546	2819.8052	914.5	949.3	770000	398.9082	162.87378	542.3441	-23.703796	398.90558	162.88016	537.6233	-35.443233	400.289	162.4829	538.6769	-32.152565	-1.9522889	6.898957	72.497116	-16.883839	25.908073	25.884768	18.162134	4565.038357973099
155	1.2	0.2	4787.185	380.43842	5060.297	4032.8435	3076.0664	1346.7495	5006.012	1054.027	960.4	629.9	775000	399.99863	162.70087	541.3834	-31.53096	399.99622	162.70795	537.33905	-42.118504	401.40732	162.32849	540.2826	-49.34351	-1.8843427	6.9204917	62.749966	-17.214113	26.3724	26.36091	18.43713	4600.425408840179
156	1.2	0.2	4200.4175	1063.3788	5008.0503	2380.2158	2840.0706	1139.3489	5005.03	1053.4895	849.6667	572.7	780000	401.282	162.82301	540.2079	-21.857353	401.27875	162.8321	540.2587	-31.749947	402.67722	162.44429	538.0396	-31.401777	-1.9184797	7.000393	68.022	-17.5287	26.530745	26.349598	18.56524	4636.527552843094
157	1.2	0.2	3862.8938	1527.2437	5028.6914	1687.5918	4354.7783	1158.0182	5110.084	1948.0459	777.8333	870.4	785000	402.00592	163.1971	539.2608	-28.925377	402.00336	163.20381	538.5218	-43.848553	403.39096	162.80602	539.63885	-35.81907	-2.0819914	7.001774	71.693504	-17.107775	26.148125	26.00756	18.370173	4674.076609373093
158	1.2	0.2	4968.049	57.077347	5016.6377	4863.075	2729.8872	1416.1172	5002.836	1415.673	997.6	549.6	790000	402.93536	163.16164	540.0965	-25.114422	402.9326	163.17064	539.96936	-31.746332	404.35333	162.7808	539.94135	-26.03773	-1.9599967	6.980966	70.29546	-16.885504	26.622456	26.515362	18.443758	4709.743056297302
159	1.2	0.2	4574.935	340.50714	4970.372	4056.0237	4599.203	1025.4208	5145.8423	1908.8025	921.6	902.3	795000	403.89526	163.21582	539.58514	-32.106678	403.89117	163.22575	541.076	-25.457863	405.3016	162.82635	539.4978	-29.117723	-2.0718813	6.9519515	73.30885	-18.125841	26.724768	26.508543	18.778572	4747.602235078812
160	1.2	0.2	3089.8032	1671.7175	4992.446	1287.6566	5070.871	25.259903	5095.4375	5014.332	623.1111	1000.0	800000	404.57245	163.07742	547.23456	-31.34446	404.56915	163.08545	539.93304	-22.540028	405.9284	162.68935	540.43494	-38.76658	-2.2296329	6.919757	73.20773	-17.357868	26.633503	26.555279	18.629328	4790.231362581253
161	1.2	0.2	4007.8245	1529.8921	5049.217	987.2549	2671.8032	1738.5153	5069.959	506.80545	802.5	524.4	805000	405.3833	162.86551	544.8514	-28.340065	405.37946	162.87517	539.96027	-29.708336	406.78467	162.48158	542.22156	-48.325478	-2.1432219	6.940647	78.63888	-16.643074	26.446053	26.504606	18.603851	4825.012244224548
162	1.2	0.2	4634.383	669.42975	4986.4805	3295.905	2503.3386	1463.6521	5064.3223	917.9723	935.2	492.8	810000	407.37183	162.52145	541.2406	-23.60481	407.3688	162.52937	540.6843	-31.24123	408.7751	162.14503	540.55853	-30.896711	-2.1782846	6.8803797	101.61289	-17.881895	26.241299	26.221357	18.499733	4858.8972017765045
163	1.2	0.2	4661.685	705.473	5053.6465	3088.97	2294.2705	1378.7395	5136.546	413.4102	938.3333	439.9	815000	408.00735	162.9719	549.18445	-45.14595	408.00418	162.97974	542.42865	-50.18026	409.3882	162.59142	541.0262	-41.288296	-2.196542	6.9905686	101.03901	-17.380966	26.219578	26.12817	18.325829	4895.762166500092
164	1.2	0.2	3250.0552	1832.0002	4996.6826	645.58673	4781.275	1272.627	5244.93	964.4918	653.4286	919.3	820000	409.6893	162.72206	542.4427	-97.8856	409.68753	162.73016	543.64703	-42.853607	411.096	162.35292	544.2869	-49.298653	-1.9804397	7.060925	76.38937	-17.160646	26.364134	26.393759	18.5621	4933.884006500244
165	1.2	0.2	3795.9954	1404.2354	5044.3726	1840.3134	4682.316	853.742	5135.2407	2494.278	753.7143	913.8	825000	409.54788	163.7667	545.7244	-37.54863	409.5438	163.77588	544.2254	-28.320244	410.95154	163.3956	544.27686	-41.417202	-2.0107157	6.9500804	143.67656	-17.403082	26.48713	26.234428	18.494814	4974.436411380768
166	1.2	0.2	4504.759	984.53577	5007.315	2535.7166	4317.531	1476.4342	5067.7407	1185.0371	901.0	853.7	830000	410.867	163.51347	542.6845	-38.482468	410.86444	163.52122	551.7577	-23.156214	412.23904	163.13135	544.6146	-31.614508	-2.0460186	7.001586	95.43677	-18.33822	26.597311	26.614607	19.053291	5011.587292909622
167	1.2	0.2	4870.2344	204.65236	5029.38	4465.9883	3870.44	1142.3573	5024.4346	1655.9259	977.4	782.0	835000	410.92548	163.59659	542.95703	-33.56372	410.92203	163.60619	542.96075	-20.49141	412.28174	163.21056	544.99194	-30.264389	-2.3651695	6.978535	63.311947	-17.810997	26.621807	26.5658	18.431946	5049.265432596207
168	1.2	0.2	4526.74	968.46655	5025.959	2364.488	4182.8315	999.9286	5149.4805	2663.7954	914.8333	819.4	840000	411.96136	162.90247	543.5215	-22.080393	411.95883	162.90788	544.57275	-21.519531	413.33276	162.51138	543.1553	-35.685844	-2.1185188	6.977199	73.86242	-17.08317	26.448004	26.41429	18.69469	5089.530468463898
169	1.2	0.2	2469.08	1696.5017	4997.136	577.7617	4029.757	1587.8932	5096.435	1119.9231	497.44446	801.1	845000	412.3392	162.80884	547.55475	-43.928455	412.33438	162.82143	552.7206	-31.593035	413.6869	162.42783	543.1624	-33.547276	-2.2737217	7.0785565	75.66286	-17.535122	26.279955	26.131145	18.485802	5126.54409122467
170	1.2	0.2	3626.7244	1736.7528	5000.75	813.06665	4084.3047	1524.5327	5134.536	1262.9071	733.7143	805.1	850000	412.7352	162.8372	546.4143	-26.619366	412.73257	162.84477	543.9846	-30.192806	414.1239	162.46045	543.65283	-32.407482	-2.1572328	7.0689073	77.58793	-16.798922	26.433455	26.4606	18.427677	5165.394779205322
171	1.2	0.2	3970.9749	1333.6722	5012.9556	1385.2977	1919.419	1313.7721	5061.517	752.38617	798.4286	380.8	855000	414.13898	162.71053	546.0334	-42.80825	414.13657	162.71674	548.38837	-20.551409	415.5117	162.32214	545.2937	-39.047455	-2.0399296	7.0048175	80.024315	-16.586124	26.780567	26.825153	18.796186	5201.7803637981415
172	1.2	0.2	4191.2114	1139.9574	4997.385	1912.6764	2299.07	1245.2875	5163.7026	520.9983	842.6667	446.9	860000	414.45035	162.27994	548.6376	-39.524216	414.44696	162.28813	558.0171	-45.284058	415.75827	161.87938	547.10785	-31.446928	-2.2646558	6.9963627	72.19956	-16.8792	26.62635	26.772863	19.19781	5237.140912055969
173	1.2	0.2	4979.711	35.840668	5009.3506	4914.5337	4217.5767	1403.0784	5200.0405	1446.7781	1000.0	817.2	865000	414.83524	161.95181	547.77386	-37.8069	414.83206	161.96133	546.76624	-31.41326	416.15283	161.56976	543.7522	-33.37432	-2.0785327	6.9908223	76.99494	-17.125061	26.203743	26.145813	18.515375	5275.729775905609
174	1.2	0.2	3008.7007	1634.4395	5056.8203	775.45435	3880.2227	1554.1713	5138.137	1054.2211	603.0	762.0	870000	414.83875	162.17247	549.1929	-33.88939	414.8353	162.18173	546.13	-31.86129	416.1404	161.78062	544.5154	-26.35363	-2.1977952	6.9955864	79.18077	-18.871958	26.53382	26.390194	18.46136	5310.987027168274
175	1.2	0.2	4621.541	895.3946	5090.7983	2621.6887	2625.982	1470.3851	5120.6416	746.8491	920.8333	510.5	875000	415.41266	161.73972	552.96906	-21.945082	415.40915	161.74811	546.20667	-25.144547	416.7339	161.36441	545.3941	-32.374195	-2.1406262	7.067351	86.177734	-16.762352	27.301989	27.175957	19.008015	5348.380669116974
176	1.2	0.2	4434.795	690.49023	4984.1045	3145.0874	4511.2715	1070.4089	5106.791	2303.1655	893.6	891.3	880000	415.98538	162.02538	544.90393	-27.49155	415.98282	162.03426	544.237	-26.622786	417.32034	161.668	547.16846	-30.974571	-1.9292202	7.113814	77.01231	-18.678448	27.644808	27.259558	19.306541	5386.263390302658
177	1.2	0.2	3793.1719	1493.5441	5132.754	1272.4132	3730.2866	1288.7905	5181.5957	1325.882	761.5714	730.6	885000	416.67838	162.13739	544.70325	-39.820225	416.67502	162.14722	545.4624	-27.659143	417.9938	161.77449	546.17474	-27.362486	-2.2090333	7.0162907	80.75089	-16.981205	27.16495	26.940378	19.056057	5425.628305673599
178	1.2	0.2	3973.6213	1531.196	5055.3755	747.3409	3833.4285	1577.4106	5127.13	772.33844	794.5	762.0	890000	417.2295	162.01447	544.64264	-50.907536	417.227	162.0207	545.0199	-40.538776	418.53067	161.64645	546.989	-23.021755	-2.1098783	7.0389323	78.52899	-17.901836	27.35286	27.192175	18.888979	5463.140049695969
179	1.2	0.2	4965.335	65.02408	5063.8633	4861.882	4507.1665	992.77875	4985.785	1841.1649	1000.0	908.5	895000	418.80716	161.35873	545.5145	-50.58835	418.80484	161.36786	546.3213	-28.549915	420.1312	160.98326	546.55835	-42.83281	-2.1486502	7.0212517	87.81308	-17.63242	26.540281	26.401491	18.58144	5503.012815952301
180	1.2	0.2	4085.4658	1177.0278	4973.5938	2020.7037	3288.278	1337.1505	5185.977	1415.2064	827.6667	638.3	900000	418.94183	161.4467	543.9525	-26.466839	418.94116	161.44987	556.629	-35.295315	420.21387	161.0657	545.9794	-21.02726	-2.2179947	7.0903893	96.10618	-17.495852	27.02767	26.848633	18.816608	5540.205935716629
181	1.2	0.2	4106.4287	1458.9125	5065.442	1265.0068	2794.647	1585.136	5203.0273	718.4605	822.8571	537.7	905000	419.2927	161.08063	544.7737	-26.899548	419.28882	161.08945	544.99786	-21.79483	420.56903	160.70421	546.55585	-28.318176	-2.3639855	7.086972	97.43679	-17.346987	26.525076	26.334055	18.370462	5579.065757989883
182	1.2	0.2	4272.9756	1179.6173	4957.7173	1923.729	4674.9976	1106.3386	5092.207	1356.4847	859.0	927.5	910000	419.36914	160.90254	549.4114	-29.175873	419.36667	160.912	544.4014	-24.205921	420.66943	160.5176	543.94867	-30.403364	-2.3142986	7.0730605	76.2379	-16.216593	26.936234	26.647326	18.739439	5617.395568370819
183	1.2	0.2	4681.332	475.50018	5066.9927	3885.9968	2787.2969	1645.554	5127.956	897.5305	933.6667	540.9	915000	420.16907	160.65077	549.0512	-48.85518	420.165	160.6607	543.7022	-42.76566	421.4494	160.2655	543.8799	-43.671986	-2.4337268	7.077133	98.35179	-17.61102	26.911612	26.835371	18.817654	5655.9199759960175
184	1.2	0.2	4967.0093	24.484127	4986.3154	4918.8643	1796.6254	1116.4967	4430.1997	882.0669	1000.0	362.4	920000	420.45624	160.36472	544.1368	-34.995415	420.4526	160.37398	547.0009	-22.870205	421.7249	159.97382	545.6673	-30.599195	-2.3166234	7.1542172	85.2802	-18.110806	26.491879	26.48788	18.61545	5690.669945001602
185	1.2	0.2	4584.2607	728.139	4991.2495	3128.6782	4855.2515	914.1978	5177.121	2112.9236	930.0	942.6	925000	421.4609	159.56825	542.7562	-24.478775	421.45795	159.57753	542.3818	-26.598118	422.71707	159.16336	544.3141	-29.251318	-2.531315	7.074816	86.048096	-16.920694	26.129063	25.961424	18.14455	5729.8762011528015
186	1.2	0.2	4931.353	35.238716	4990.2812	4884.1074	3004.8936	1212.3563	5022.8633	966.1018	1000.0	600.4	930000	421.76846	159.77034	548.83514	-24.961962	421.76575	159.77933	544.9307	-49.748173	423.05222	159.37842	544.94055	-31.54065	-2.4613461	7.0464935	76.828674	-16.658192	26.037806	25.857117	18.154272	5767.260158538818
187	1.2	0.2	4576.463	616.10913	4904.43	3344.4434	4158.4736	1240.2617	5179.2163	1528.4913	935.8	811.3	935000	422.3406	159.85919	544.7945	-33.670013	422.33755	159.86742	546.66315	-36.960445	423.59134	159.49501	545.88605	-25.440655	-2.4983	7.0396767	98.33592	-16.965538	26.262909	26.400242	18.45684	5805.648812532425
188	1.2	0.2	3600.542	1746.818	5030.9414	953.8263	5076.382	4.0485682	5082.7246	5069.2783	725.5	1000.0	940000	423.03625	159.32903	548.78284	-26.992323	423.03397	159.3329	543.3621	-24.558186	424.2876	158.92432	545.37616	-21.716904	-2.4413776	7.009876	83.04429	-18.293205	26.326345	26.513891	18.540272	5850.034426450729
189	1.2	0.2	3895.6946	1577.3173	4986.65	981.6807	5028.42	417.48248	5226.0645	3800.5088	784.8333	972.7	945000	423.30148	159.5872	546.72217	-40.72826	423.29913	159.5924	546.5005	-16.357435	424.55795	159.19966	544.7991	-27.076975	-2.6182597	7.069388	84.161705	-16.698622	26.355196	26.529392	18.363592	5889.581843614578
190	1.2	0.2	4422.3647	1310.561	5052.129	1492.8032	2717.8188	1291.0505	4958.7637	853.2559	883.3333	551.9	950000	423.828	159.34491	545.54285	-28.545969	423.82455	159.35367	552.99115	-32.511337	425.0529	158.94324	545.63293	-28.721752	-2.6188788	7.0487466	95.94183	-16.776333	26.439003	26.364103	18.461239	5927.541596889496
191	1.2	0.2	4965.4272	70.84489	5068.026	4881.055	4262.198	1007.4198	5052.5	2371.2588	1000.0	850.1	955000	423.99692	158.92184	547.34375	-30.424646	423.99463	158.93018	543.79736	-28.563313	425.22696	158.54141	545.7722	-21.198738	-2.5355835	6.9742694	76.5155	-18.324837	25.87376	25.650877	18.26383	5967.328137874603
192	1.2	0.2	4309.1006	1351.9551	5048.5815	1606.3193	3881.841	1324.6296	5121.5474	1701.1274	866.6	758.8	960000	424.30914	158.75328	544.87103	-34.20759	424.30585	158.76065	549.9988	-23.014206	425.54724	158.3672	544.24036	-39.87272	-2.4750671	7.068118	103.83606	-17.095785	26.306894	26.379236	18.273396	6003.924877882004
193	1.2	0.2	4988.236	45.10485	5015.686	4898.396	2204.294	933.8674	4027.4373	1215.4889	1000.0	434.0	965000	425.6119	158.41592	545.6412	-29.92828	425.60925	158.42485	548.77563	-25.66935	426.85452	158.02701	545.8888	-27.036398	-2.6049132	6.9324045	80.70428	-18.150145	25.495222	25.429497	17.618767	6039.72151517868
194	1.2	0.2	4998.8525	36.320606	5047.2095	4949.725	3560.0398	1748.8612	5000.163	854.4527	1000.0	719.3	970000	426.25833	158.45059	553.34454	-34.382225	426.25577	158.45639	546.53217	-32.19282	427.47122	158.068	546.63934	-19.586178	-2.6995432	6.9793034	75.36015	-18.325287	25.492243	25.516424	17.97374	6078.674898862839
195	1.2	0.2	3473.0063	1552.2617	5015.5005	986.98956	4499.2437	1165.4944	5120.2695	1924.3014	695.875	886.5	975000	426.09653	158.52856	547.6601	-56.05416	426.09378	158.53532	552.9407	-20.329605	427.3152	158.1606	546.6781	-53.310818	-2.4421942	7.084276	81.9877	-17.168995	25.799768	26.061905	18.184338	6121.3382778167725
196	1.2	0.2	3999.4568	1509.5677	4998.184	1010.52094	4157.6035	1486.0166	5095.973	1137.0801	800.8333	820.2	980000	427.04303	158.25655	551.4781	-38.33521	427.04053	158.26418	546.65405	-44.7634	428.28275	157.8719	545.5176	-29.108868	-2.4978411	7.045195	84.05663	-17.971004	25.986345	25.832952	18.34362	6160.402471780777
197	1.2	0.2	4348.8657	952.8012	5050.7925	2615.6194	5032.048	11.512619	5050.03	5013.145	870.8333	1000.0	985000	427.25055	158.5796	547.317	-29.873169	427.24768	158.58722	549.1764	-30.672112	428.4978	158.18852	546.5054	-21.713463	-2.364867	7.155749	81.521286	-16.849907	25.836292	25.787764	18.013266	6203.014305591583
198	1.2	0.2	4463.9697	916.1113	4966.1865	2632.4558	4702.8784	657.80585	5147.2407	2979.213	907.2	932.8	990000	428.80606	158.13266	546.5619	-33.03448	428.8042	158.13873	547.3693	-23.640072	430.0668	157.75266	546.63043	-25.460392	-2.5758297	7.0911293	115.692345	-19.030575	25.714426	25.56794	17.909746	6242.460819005966
199	1.2	0.2	3396.7837	1741.4753	5020.8906	638.7464	4017.8887	1147.0017	4996.2705	1782.5752	685.75	815.6	995000	429.99557	157.95853	548.36615	-38.939503	429.9944	157.96361	548.9639	-18.83067	431.24457	157.574	547.80286	-23.922428	-2.7220914	7.0572352	78.36622	-16.915197	25.360964	25.193668	17.808743	6284.1673674583435
