Epoch	EntIndex	EntCoeff	AverageEpRet	StdEpRet	MaxEpRet	MinEpRet	AverageTestEpRet	StdTestEpRet	MaxTestEpRet	MinTestEpRet	EpLen	TestEpLen	TotalEnvInteracts	AverageQ1Vals	StdQ1Vals	MaxQ1Vals	MinQ1Vals	AverageQ2Vals	StdQ2Vals	MaxQ2Vals	MinQ2Vals	AverageVVals	StdVVals	MaxVVals	MinVVals	AverageLogPi	StdLogPi	MaxLogPi	MinLogPi	LossQ1	LossQ2	LossV	Time
1	1.2	0.2	120.83501	34.413742	285.14737	78.41657	289.8035	16.284569	309.73734	265.7007	24.096619	52.5	5000	-5.157445	50.45914	96.664116	-123.53526	-5.1561255	50.45973	95.188255	-116.75327	-8.759771	56.874866	100.00303	-144.28705	27.07122	169.01347	21477.18	-16.713417	4.6969295	4.7130485	500.44778	20.691195487976074
2	1.2	0.2	121.677574	35.957798	231.74045	78.40351	226.60608	10.716514	240.92613	206.39944	24.20773	42.8	10000	131.64633	67.95271	296.01337	-47.68775	131.64557	67.95965	300.91806	-34.17576	141.11908	67.413925	308.40756	-24.019474	0.6445389	4.9948864	29.412533	-16.793852	7.9837155	7.9489045	20.433876	40.78291654586792
3	1.2	0.2	292.04147	94.273415	671.92303	127.280014	363.2484	23.938055	393.0075	314.74796	56.95402	69.4	15000	246.39519	94.74124	372.153	-104.40215	246.39343	94.75267	371.2831	-90.200836	257.13828	86.18234	367.60788	-97.96818	2.1885042	8.96424	47.96632	-17.332184	36.325806	35.70957	55.780834	64.29379177093506
4	1.2	0.2	371.46048	87.325005	656.6063	225.2325	473.66974	91.9621	611.8949	371.4665	72.13043	90.0	20000	240.532	107.55556	371.52408	-97.38371	240.52982	107.57748	377.85147	-91.50903	247.10458	102.95227	374.0609	-93.15376	0.15003031	7.9394855	41.14955	-17.75566	30.957903	29.553825	47.647873	87.91905617713928
5	1.2	0.2	381.72754	85.11714	633.6366	233.99475	310.71506	23.78621	371.26547	278.22742	75.208954	67.1	25000	221.16203	110.42622	367.43088	-145.68954	221.16241	110.423584	363.76727	-116.26993	226.4278	107.806274	362.6626	-120.92325	-0.9631886	6.943664	36.615208	-18.089663	25.956882	25.90534	40.812145	111.63862633705139
6	1.2	0.2	408.7526	97.53037	720.4615	257.41443	377.6647	53.76339	445.19757	312.97717	83.35	81.5	30000	204.63477	107.33268	362.3257	-99.98727	204.63307	107.33137	356.5473	-64.36077	208.69177	105.8054	353.54367	-69.46076	-1.8611921	6.1508627	35.428883	-17.15017	22.802477	22.812931	34.68646	135.25879669189453
7	1.2	0.2	458.2416	124.80853	872.51	295.41406	586.6263	193.58844	1095.801	375.24414	92.166664	118.7	35000	192.19312	103.71699	352.1136	-26.91978	192.19104	103.7202	349.0631	-29.7242	195.68451	102.885605	350.8699	-46.40393	-2.098269	5.2681165	35.358578	-17.198978	20.549185	20.446623	30.799107	159.40853595733643
8	1.2	0.2	429.89023	117.0112	913.142	253.68758	489.95966	198.95395	1053.7172	336.38174	90.67273	102.4	40000	186.9835	99.81901	345.79517	-32.44929	186.98189	99.82407	345.14584	-33.63676	190.09712	99.21949	344.7537	-32.091824	-2.4650407	4.8171186	26.376663	-17.525223	17.81849	17.593607	26.3604	183.48574924468994
9	1.2	0.2	477.22623	96.79712	736.7948	314.95654	593.61536	61.90145	666.1544	496.85254	96.05769	113.8	45000	186.12677	98.62054	343.58975	-36.830917	186.12631	98.625854	342.7747	-29.580332	189.08339	98.16863	336.83206	-42.78494	-2.4466689	4.744917	29.552921	-17.281874	15.667762	15.313354	23.355448	207.57651138305664
10	1.2	0.2	524.3168	140.6274	1080.5852	345.66696	445.15103	26.596098	477.53983	402.14838	102.55102	84.5	50000	186.3195	98.06863	341.44122	-24.992079	186.31778	98.07312	339.93326	-20.358372	188.8771	97.62247	339.07376	-28.249403	-3.3872995	4.803677	30.238392	-18.056923	14.70666	14.447046	21.7048	231.51718378067017
11	1.2	0.2	506.5632	111.35543	881.3588	335.00555	569.1349	54.043392	684.3232	485.1468	98.84314	109.5	55000	187.74239	97.77953	343.4874	-24.645147	187.74118	97.781715	340.3048	-25.541706	190.09424	97.368645	337.04657	-31.9817	-3.513865	4.7865906	40.59125	-18.584314	14.327359	14.288912	20.905878	255.61249089241028
12	1.2	0.2	554.49817	146.34708	1062.6937	347.10873	477.7915	24.60414	521.5781	443.24063	106.25532	88.1	60000	190.01953	97.44727	341.88086	-31.623901	190.01921	97.447914	340.64056	-25.447674	192.25212	97.013954	340.51904	-33.037945	-3.5696247	4.754616	35.85221	-17.626444	13.520709	13.484497	19.521494	279.4226453304291
13	1.2	0.2	517.5	138.1082	1280.2156	363.81308	609.75854	110.11468	862.0155	471.43564	101.42857	118.9	65000	191.99933	97.816605	341.8338	-17.113836	191.9991	97.816376	344.0767	-27.564188	194.09064	97.40422	344.45312	-27.748447	-3.6118805	4.660304	37.007874	-16.9707	13.200393	13.125935	18.522518	303.678418636322
14	1.2	0.2	538.3287	129.7421	1087.7831	334.7468	614.4812	99.08188	840.45605	508.64673	104.95744	121.2	70000	193.11115	97.51336	343.48535	-41.89082	193.11157	97.51231	345.26035	-40.02221	195.05023	97.1176	341.2039	-27.410639	-3.8544705	4.5136604	32.971172	-17.635744	12.980995	12.944277	17.8594	327.9528269767761
15	1.2	0.2	564.1598	142.06868	1223.7537	354.84775	537.37103	64.86856	687.8331	428.6355	111.35555	110.0	75000	194.00584	97.11308	341.7277	-22.017422	194.00528	97.11535	343.17123	-26.518236	195.8201	96.68359	340.9682	-26.896051	-4.0554657	4.55988	32.666576	-18.826914	12.749049	12.569481	17.27584	352.53783416748047
16	1.2	0.2	568.3616	133.08252	958.8123	359.95334	594.0242	114.82095	839.5307	436.61423	114.568184	120.9	80000	195.8169	96.97999	342.7707	-22.193602	195.81662	96.98277	342.25183	-21.110968	197.5278	96.56782	340.70038	-38.118526	-4.149469	4.511319	48.842815	-16.74133	12.651657	12.366991	16.56327	377.3771138191223
17	1.2	0.2	558.75024	117.26235	928.5189	358.39694	655.5338	108.97638	879.576	447.2476	110.577774	128.9	85000	197.51056	97.68614	346.6177	-30.784428	197.5104	97.68884	346.2614	-34.186417	199.16194	97.27482	344.12823	-23.426712	-4.272209	4.4956484	40.420013	-17.035812	12.566097	12.295542	16.391003	402.00498485565186
18	1.2	0.2	556.6195	133.18466	936.63354	359.59262	466.89957	114.67002	691.8684	333.51093	109.152176	94.7	90000	199.93454	98.3657	348.3218	-21.44915	199.93442	98.36747	347.81995	-32.05803	201.53229	97.9662	346.16364	-22.687023	-4.3869843	4.499994	35.603218	-18.658546	12.317147	12.15632	15.824918	426.39171743392944
19	1.2	0.2	536.08344	102.65883	822.8588	379.78003	552.52765	42.61869	675.95917	514.38715	104.958336	105.2	95000	201.5678	99.07553	352.76746	-32.014263	201.56801	99.076385	351.3393	-35.19652	203.1044	98.688126	350.24246	-32.105247	-4.390725	4.547271	36.34339	-16.83833	12.397935	12.211688	15.686258	450.8517189025879
20	1.2	0.2	540.13104	95.68393	778.21185	382.31818	612.7569	128.45267	822.33417	427.92923	103.0	118.6	100000	203.0876	99.70573	354.07364	-36.6703	203.08717	99.70785	355.40085	-24.896288	204.59222	99.36512	351.67868	-18.762508	-4.315283	4.5459275	36.826572	-17.912502	12.260186	12.043587	15.267922	475.31627583503723
21	1.2	0.2	551.9559	114.70486	981.7223	380.9192	555.42834	73.05309	713.8149	476.09448	105.5	104.8	105000	203.7048	100.27729	355.72955	-28.538105	203.70493	100.278145	360.3877	-24.433321	205.17453	99.93727	353.43262	-31.554144	-4.3264847	4.6413717	39.227516	-16.803562	12.312066	12.221542	15.133734	500.1883625984192
22	1.2	0.2	554.6572	109.4257	918.25903	392.72208	632.15466	69.91562	763.76495	488.53558	106.95652	123.7	110000	205.61238	100.67757	356.33572	-39.971855	205.61201	100.67807	359.2842	-30.224737	207.06723	100.3485	354.86792	-17.936716	-4.218187	4.6800895	42.039364	-16.786623	12.3852005	12.219824	14.957955	524.5455088615417
23	1.2	0.2	554.2225	112.052666	847.919	370.4596	526.45374	94.392715	658.7531	381.23978	109.565216	102.5	115000	206.83913	101.25454	359.48007	-28.052673	206.83951	101.25649	359.6045	-19.487827	208.23404	100.91364	356.14185	-26.132133	-4.3329387	4.682589	43.540947	-18.754156	12.531954	12.343326	14.942588	549.3591778278351
24	1.2	0.2	547.7173	98.86141	731.7522	326.25922	537.9874	60.27537	643.12256	466.54944	107.54348	112.7	120000	207.607	101.381195	358.84027	-18.171227	207.60718	101.382355	359.5724	-21.854433	208.9471	101.02767	357.37265	-22.48623	-4.5434837	4.579375	41.26065	-19.205236	12.508299	12.349632	14.687615	573.7843787670135
25	1.2	0.2	617.10547	149.41908	1108.6104	405.99728	534.29706	92.9045	696.96704	397.30136	123.31707	109.5	125000	208.57297	101.27128	359.32712	-20.189901	208.57408	101.27134	357.65854	-23.339455	209.85902	100.91562	357.63873	-20.629602	-4.70153	4.541101	39.575535	-17.749477	12.331868	12.147325	14.286791	598.7195882797241
26	1.2	0.2	633.4297	159.07143	1090.3662	335.09793	680.1024	190.20612	1207.6095	494.2711	128.02563	133.5	130000	210.26863	101.46403	358.53687	-21.26802	210.26875	101.463005	357.9826	-28.745815	211.54404	101.099655	356.07373	-41.032715	-4.720432	4.4446387	53.879257	-17.449165	12.2500925	12.190164	14.126238	623.787636756897
27	1.2	0.2	573.8093	107.08887	988.7826	394.48004	587.1122	89.600746	752.5223	490.14966	113.38636	118.3	135000	211.25851	102.31563	363.32532	-25.205769	211.25829	102.31627	361.12802	-43.311985	212.52063	101.94667	358.96658	-25.337408	-4.7202435	4.483787	46.728733	-17.258224	12.126826	12.076015	13.758954	648.8229014873505
28	1.2	0.2	631.0682	147.32835	1007.4211	357.9237	677.49023	65.74267	782.46533	513.50757	122.902435	125.7	140000	212.20021	102.690735	362.1159	-26.252825	212.20108	102.690285	362.623	-20.604092	213.42377	102.32452	361.23035	-23.590244	-4.7084236	4.5247574	45.76281	-19.63315	12.111066	12.063044	13.466404	673.8387084007263
29	1.2	0.2	622.1442	141.7175	1026.5149	399.2832	628.4552	179.45984	1098.8518	440.5725	121.63415	126.6	145000	213.80682	103.09959	363.21967	-57.878242	213.80742	103.09945	362.2601	-94.171875	215.02419	102.75231	364.5876	-29.799013	-4.760545	4.464403	68.63446	-17.586346	12.239598	12.117326	13.460472	698.8794198036194
30	1.2	0.2	640.08844	155.46492	1060.2264	417.1347	610.7419	124.10363	907.95374	493.14462	125.9	114.4	150000	215.51775	103.751465	367.01288	-58.57774	215.51793	103.75152	366.5608	-45.967	216.71317	103.42567	365.80408	-74.83619	-4.722463	4.465186	40.723225	-18.174116	12.283904	12.252701	13.403168	724.1059749126434
31	1.2	0.2	653.32965	233.33374	1333.0961	356.16495	558.6581	116.91733	803.29315	445.67963	130.73685	115.6	155000	216.75049	104.633766	369.10388	-37.962364	216.75081	104.632866	368.1104	-39.891212	217.96693	104.2952	367.50253	-49.44264	-4.7280936	4.446448	39.46727	-16.643929	12.30967	12.274535	13.407205	748.9889326095581
32	1.2	0.2	656.72845	172.79655	1178.6987	404.1004	571.53534	69.81332	721.9865	466.20602	131.13158	107.7	160000	218.52638	105.11694	369.81073	-40.237072	218.5264	105.11669	368.1693	-37.08723	219.72911	104.79348	368.7699	-39.084694	-4.635757	4.376715	40.228584	-17.4375	12.388206	12.355457	13.257747	774.024530172348
33	1.2	0.2	651.3205	152.2238	984.8096	426.7433	699.4554	111.519554	856.39795	524.39075	130.6842	140.7	165000	220.07982	106.194855	373.12704	-38.993607	220.0804	106.19499	372.61588	-32.50843	221.27559	105.88372	370.79526	-44.788425	-4.637997	4.4773355	85.65246	-17.246984	12.622875	12.571601	13.2934265	799.4610228538513
34	1.2	0.2	676.32477	198.59828	1313.718	379.8881	641.24457	48.423393	710.32117	535.6783	137.61111	133.9	170000	221.63367	106.53349	373.49387	-46.40127	221.63367	106.53324	373.34967	-77.58011	222.80377	106.22231	374.28354	-71.14493	-4.6201763	4.4219747	41.42505	-18.397049	12.960284	12.867947	13.655364	824.7046127319336
35	1.2	0.2	691.44867	260.8003	1796.2747	429.5802	550.4675	54.147434	635.7466	437.43884	138.59459	105.5	175000	222.9884	107.09847	376.09958	-40.39639	222.98795	107.0988	375.10052	-30.997147	224.16858	106.77215	374.95044	-70.37132	-4.632834	4.439965	43.707394	-18.71705	12.837866	12.936414	13.268925	850.1960318088531
36	1.2	0.2	642.512	129.59433	883.9216	367.253	505.32373	126.74295	830.69275	358.96384	127.74359	96.2	180000	224.40936	108.10426	379.00113	-35.45687	224.40984	108.10341	377.74002	-38.18859	225.58539	107.79228	375.90747	-34.99281	-4.580935	4.4270253	39.481792	-18.045675	12.99045	12.993497	13.228658	875.1510887145996
37	1.2	0.2	706.69037	207.65067	1312.121	344.98526	616.88	155.17169	1053.1967	493.36435	141.68571	114.5	185000	224.84204	108.70246	378.20996	-52.73799	224.8421	108.70104	378.81714	-56.603302	225.92426	108.39864	379.35602	-72.06378	-4.673617	4.3850603	42.436394	-17.224403	13.339912	13.410609	13.503639	900.3770909309387
38	1.2	0.2	650.7054	169.61836	970.0787	369.60007	584.43933	89.24634	760.7895	471.35178	126.82051	111.5	190000	225.07607	108.49358	381.3276	-56.33838	225.07617	108.4942	379.64505	-65.17928	226.16258	108.184044	379.0834	-46.48755	-4.5932674	4.4072433	42.80448	-18.21888	13.291334	13.266467	13.334203	925.4965016841888
39	1.2	0.2	709.5779	186.20227	1257.8547	400.47894	633.5363	117.57801	859.433	479.60184	140.11111	122.7	195000	226.0967	108.32164	378.41675	-31.007849	226.09637	108.3211	379.48068	-24.191458	227.1988	108.01513	378.2781	-35.690025	-4.577205	4.362551	43.712326	-16.752851	12.886411	12.949382	13.002207	951.1027021408081
40	1.2	0.2	709.1464	138.14568	1134.3265	473.72458	618.5277	91.75796	776.5042	460.25168	142.62857	121.5	200000	227.56398	108.77494	381.99597	-25.542128	227.56326	108.77681	382.17026	-21.936546	228.65932	108.477425	381.9218	-27.706263	-4.6475725	4.3378673	38.933094	-17.67208	12.92845	12.925351	12.711896	976.5188224315643
41	1.2	0.2	766.5802	162.88641	1154.6473	517.97015	872.3927	360.51254	1503.7002	442.14703	153.33333	178.6	205000	228.20992	109.07035	382.34415	-18.886816	228.2104	109.0704	383.24966	-26.945415	229.30392	108.77624	381.6991	-32.580486	-4.505137	4.3406386	43.610275	-19.155205	12.985535	12.88773	12.727745	1002.8139095306396
42	1.2	0.2	789.28674	185.99545	1283.5376	481.65033	713.26904	107.2382	933.4882	541.95276	155.4375	150.0	210000	229.67236	109.79024	385.2656	-26.671608	229.67218	109.79096	386.86237	-36.533222	230.76675	109.51548	384.99747	-19.277508	-4.5906568	4.323452	51.88118	-16.89813	13.21343	13.07704	12.787562	1028.3870899677277
43	1.2	0.2	759.0101	208.5556	1373.2611	452.27957	809.2019	131.90005	1053.4938	585.398	148.44118	157.3	215000	232.14093	110.751816	387.05923	-31.440393	232.14091	110.75193	388.00415	-21.623587	233.25955	110.48839	386.43	-36.92472	-4.4201484	4.296986	54.874756	-17.448765	13.494726	13.525787	13.038776	1054.4021503925323
44	1.2	0.2	744.0161	188.5076	1260.3466	467.898	700.92694	90.878784	861.9641	574.19714	145.82353	141.6	220000	233.53105	111.697815	392.7351	-37.78105	233.53078	111.69724	391.4872	-39.412045	234.6292	111.42645	390.76044	-93.25955	-4.3500605	4.3112698	43.19783	-17.2059	13.708932	13.73533	13.19236	1080.0756621360779
45	1.2	0.2	768.4204	221.69545	1342.7963	464.16742	682.7207	138.32352	858.9131	448.08444	153.65625	132.9	225000	234.6609	112.691574	391.6951	-48.29139	234.66093	112.69287	395.92682	-23.010956	235.75089	112.42479	391.98712	-33.757072	-4.1466546	4.3552127	46.99213	-17.065636	14.01449	13.9437	13.50634	1105.4808549880981
46	1.2	0.2	869.69165	225.10652	1628.5419	541.5193	753.13806	90.73251	970.18774	631.1178	172.41379	148.3	230000	235.80524	112.89942	394.40225	-33.083153	235.80511	112.900635	392.49588	-32.911373	236.88657	112.63178	392.96384	-36.672386	-4.17302	4.354197	43.993214	-17.149796	14.262409	14.169403	13.464063	1131.448739528656
47	1.2	0.2	731.0288	167.21046	1126.9225	518.164	798.6467	218.46352	1245.0001	555.2645	147.08824	156.0	235000	237.09717	113.070496	394.45514	-31.636974	237.09702	113.07045	394.24356	-26.050959	238.17564	112.80162	393.96762	-33.741726	-4.191085	4.3482184	65.1129	-17.073158	14.100645	14.066016	13.192255	1157.5714530944824
48	1.2	0.2	728.749	206.94841	1465.6748	459.82446	568.98627	67.40548	680.6382	446.52078	146.28572	105.9	240000	238.94525	113.710526	398.36057	-40.312374	238.94537	113.710144	400.83676	-38.6616	240.05486	113.44552	395.2953	-30.08656	-4.080947	4.3740926	46.252663	-17.295963	14.367592	14.261991	13.385885	1183.7080674171448
49	1.2	0.2	721.2224	154.96393	1239.8175	505.1187	659.2227	102.05889	905.332	486.4355	139.08333	127.1	245000	240.41783	114.580055	398.13885	-28.856987	240.41754	114.58013	398.63132	-31.429424	241.50885	114.32161	398.31647	-61.72991	-4.114891	4.4029326	49.16276	-17.08238	14.486548	14.467774	13.423268	1209.6647791862488
50	1.2	0.2	924.96246	263.3134	1500.5082	562.57733	738.79083	193.31584	1233.2662	587.35895	181.74074	147.7	250000	241.62776	115.31559	400.92072	-35.52203	241.6281	115.315796	404.27087	-21.995195	242.70317	115.06418	400.12018	-47.912937	-4.0669484	4.4253774	44.54691	-17.958029	14.740389	14.731372	13.55239	1235.5180435180664
51	1.2	0.2	791.0304	230.96489	1467.1189	490.1093	591.3191	67.71431	694.9506	467.34464	160.51613	118.7	255000	241.97736	115.56952	402.25555	-23.477856	241.97763	115.57013	401.83554	-35.12949	243.03632	115.3164	400.62323	-23.739647	-4.025762	4.4318795	43.704254	-17.031803	14.9651985	14.883657	13.618304	1261.3773820400238
52	1.2	0.2	846.3968	278.14023	1385.3798	490.49762	596.2769	58.108612	677.38635	515.8237	166.06667	114.7	260000	242.39168	115.91021	404.17712	-29.992397	242.392	115.910446	402.40228	-23.97591	243.44617	115.67082	401.21243	-38.737366	-4.0252666	4.4134526	59.286873	-17.92666	15.02749	14.982561	13.701861	1287.2014498710632
53	1.2	0.2	821.89526	207.22887	1461.1362	523.4566	693.03766	106.6665	876.4364	544.24243	161.7742	133.4	265000	243.49945	116.01146	402.06	-41.90058	243.499	116.011826	406.70334	-31.45889	244.55257	115.76671	403.72647	-40.48637	-3.8996134	4.405192	48.52006	-17.51775	15.196859	15.172642	13.600421	1313.534418106079
54	1.2	0.2	767.5208	230.35938	1444.0656	497.5083	888.48047	300.63376	1465.5037	582.67	148.0	169.8	270000	244.51196	116.64987	404.38098	-65.16916	244.51196	116.65034	405.6451	-51.778214	245.5532	116.40976	403.41394	-38.929565	-3.8984258	4.441658	53.665306	-18.23776	15.080861	14.995412	13.533485	1340.1775872707367
55	1.2	0.2	841.09106	256.19113	1281.4209	505.67813	675.32996	163.78207	921.1401	460.161	166.53334	135.0	275000	246.04823	117.05455	408.4668	-35.356853	246.04825	117.05463	405.12286	-19.608427	247.09807	116.82303	407.2487	-18.719267	-3.8552501	4.5033307	56.470024	-17.098152	15.21085	15.09025	13.558046	1366.4091227054596
56	1.2	0.2	879.70233	280.16656	1515.1581	455.57233	710.9974	121.55933	866.53986	455.60965	174.68965	142.4	280000	247.08018	117.2548	407.24377	-102.993645	247.0808	117.25489	406.92285	-84.714165	248.14374	117.01213	407.0098	-32.03171	-3.895675	4.4625864	59.32335	-17.642275	15.079262	14.991256	13.40803	1393.18634390831
57	1.2	0.2	738.78644	158.17888	1113.1549	479.29272	797.90735	191.42854	1127.2567	434.44824	151.06061	154.0	285000	248.5455	117.95822	409.5282	-26.406881	248.54524	117.95827	408.34634	-26.109594	249.62428	117.74082	407.12762	-21.912691	-3.7371926	4.5114074	61.662807	-17.259605	15.010337	14.951027	13.386654	1419.8182790279388
58	1.2	0.2	844.5893	261.3043	1446.7283	459.42413	711.985	151.10811	1064.2449	493.5847	168.0	138.9	290000	249.92033	118.848694	409.52884	-24.477156	249.92027	118.85038	409.99188	-30.3874	250.97859	118.62584	408.91647	-28.518557	-3.6893911	4.5183444	44.98974	-16.905748	15.19699	15.028423	13.407557	1445.9553809165955
59	1.2	0.2	1057.1193	380.50064	2006.1877	579.435	692.39886	141.72868	1020.7629	469.0936	211.95454	137.0	295000	250.96455	119.2808	415.79105	-48.71259	250.96469	119.28103	411.2877	-23.898712	252.028	119.06579	410.7394	-36.51852	-3.6511457	4.505272	51.47038	-18.158102	15.656357	15.541078	13.825008	1471.2315530776978
60	1.2	0.2	891.57776	393.73297	2617.9683	421.18652	624.4618	72.869545	805.45764	555.387	176.35484	115.7	300000	252.24455	119.96184	413.04404	-28.141811	252.24432	119.962555	412.8792	-51.494633	253.30836	119.759315	411.72864	-32.008957	-3.533816	4.5737205	42.09601	-17.136791	15.803111	15.72258	13.882228	1499.1973268985748
61	1.2	0.2	908.2778	267.9755	1560.0441	482.58835	648.15857	92.51354	887.6404	550.2254	177.03572	124.6	305000	253.06462	120.9866	415.38553	-32.706913	253.06377	120.98774	415.45648	-37.331776	254.16043	120.793175	416.7582	-36.729286	-3.3695714	4.616484	50.584713	-17.050257	16.185148	16.087425	14.15051	1525.3968532085419
62	1.2	0.2	1003.18646	419.75333	2510.7368	544.5236	653.3412	170.17989	1026.7552	468.60168	197.96	128.3	310000	255.07089	121.45335	417.36154	-51.999382	255.07042	121.455086	419.147	-59.224308	256.13187	121.245964	417.39984	-37.90536	-3.3051796	4.607127	49.67481	-17.083143	16.464048	16.350655	14.399184	1551.5977094173431
63	1.2	0.2	1033.6351	413.79092	2576.489	448.32333	688.4536	133.77335	923.91565	531.04083	203.24	142.6	315000	256.2494	121.757385	418.94525	-41.248497	256.24988	121.757614	419.10535	-42.688946	257.33276	121.55533	418.20517	-40.043076	-3.30194	4.644522	46.306004	-17.539047	16.738043	16.76471	14.474336	1578.6273789405823
64	1.2	0.2	1018.26154	260.3171	1432.2145	591.30176	757.7207	198.88408	1060.9866	461.58636	201.12	150.3	320000	258.43585	122.776344	423.03574	-37.11315	258.43512	122.77759	419.9778	-37.586678	259.5373	122.589775	420.72342	-26.195354	-3.2296526	4.683755	77.382645	-17.477951	16.787365	16.658438	14.5755	1605.4680926799774
65	1.2	0.2	901.6831	277.68823	1905.5581	537.22723	741.86926	133.59756	941.8367	574.955	178.75	140.8	325000	260.3142	123.53217	423.334	-56.86617	260.3136	123.53408	421.90707	-58.660774	261.42035	123.33803	423.0206	-36.57816	-3.1612015	4.739331	72.10274	-18.175312	17.055279	16.922583	14.698413	1632.40571641922
66	1.2	0.2	1085.0891	499.8441	2697.98	620.1001	613.3285	103.60285	849.5047	489.97305	215.0	119.1	330000	261.51947	124.188194	424.4406	-22.1725	261.51993	124.18917	424.5302	-39.590927	262.6181	123.99502	424.48355	-27.68601	-2.9398026	4.7906256	41.72942	-17.550955	17.167297	17.00292	14.690243	1658.655605316162
67	1.2	0.2	1089.3307	383.25244	2117.205	518.6391	725.24817	161.41504	950.0636	463.2068	213.82608	149.0	335000	263.3298	125.20493	425.85077	-23.504498	263.329	125.207054	426.47247	-24.293564	264.47238	125.033775	428.12268	-23.798016	-2.995674	4.799303	52.951477	-16.967474	17.500181	17.194534	14.76531	1685.283793926239
68	1.2	0.2	1034.8563	501.0317	2856.8052	563.73285	699.11896	120.89984	830.22723	499.23648	204.2	136.5	340000	265.55426	126.182365	430.20596	-21.87354	265.5542	126.18448	429.7012	-35.411526	266.6728	125.99767	429.844	-23.707453	-2.9833977	4.8209443	52.49079	-17.20602	17.432293	17.335556	14.705029	1712.596251964569
69	1.2	0.2	1153.7657	579.44604	3333.834	597.6493	769.246	86.18301	902.7913	607.70746	225.86363	146.9	345000	267.49573	127.61739	433.1382	-27.878868	267.4956	127.61843	433.80945	-24.580767	268.64636	127.46363	432.09848	-29.787312	-2.7639313	4.9197316	42.66357	-16.761488	18.207336	18.015648	15.312377	1739.5228106975555
70	1.2	0.2	1196.8193	586.53345	2979.092	561.2157	965.0067	251.56943	1467.5375	699.3507	237.7	188.9	350000	269.3987	129.00208	436.1026	-32.016556	269.3995	129.0036	438.34436	-33.071697	270.57034	128.84311	434.47314	-26.689758	-2.7000594	4.997931	55.429268	-17.256426	19.01053	18.698668	15.939429	1766.2089293003082
71	1.2	0.2	1141.883	401.9878	2021.5331	507.75665	982.3541	347.17404	1974.1615	706.6927	226.13637	186.1	355000	271.25894	130.00354	441.8844	-19.368116	271.25842	130.00522	439.32758	-19.727568	272.44495	129.85197	437.10956	-25.878586	-2.5852945	5.0185533	53.459713	-19.169298	19.345657	19.16146	16.128006	1793.5137221813202
72	1.2	0.2	1313.1238	602.32526	2686.7363	479.21198	2250.3364	949.1293	3765.418	514.2935	259.9	437.3	360000	273.50174	131.08658	442.4288	-30.407185	273.50134	131.08804	441.94278	-19.574594	274.69473	130.96243	440.55463	-31.143078	-2.3337286	5.176313	69.036514	-16.80365	19.855385	19.69094	16.215343	1824.2263748645782
73	1.2	0.2	1652.3411	899.7727	4732.6255	893.9267	852.58923	133.22656	1191.0262	702.87555	327.06668	163.4	365000	275.70972	132.38078	446.771	-27.863785	275.7089	132.38242	443.71423	-20.293907	276.90622	132.26187	443.3269	-26.818594	-2.2990139	5.180115	46.21649	-17.16347	20.226336	20.108084	16.648533	1851.128809928894
74	1.2	0.2	1431.551	626.551	3048.9705	733.3468	1443.6127	436.08008	2353.0767	932.6107	284.6111	284.1	370000	277.62866	133.27725	447.41345	-21.38709	277.6286	133.28033	447.95648	-39.300697	278.8592	133.16731	445.22256	-33.12144	-2.2763443	5.1842527	51.844215	-16.647093	20.574251	20.235983	16.710999	1880.0205435752869
75	1.2	0.2	1759.3926	1126.2585	3950.9233	718.7954	1868.0355	931.4726	3299.8618	678.9222	346.7143	362.2	375000	280.03522	134.64891	450.83484	-19.596983	280.03433	134.6512	450.26236	-25.88646	281.27988	134.56975	451.44778	-26.199886	-2.084617	5.268962	49.44155	-17.919636	20.917326	20.674255	17.098595	1908.9633769989014
76	1.2	0.2	1572.5934	996.98846	4043.4832	402.8638	964.4792	254.2925	1403.8423	577.7813	310.0	184.5	380000	282.81454	136.3418	456.7567	-37.094303	282.81378	136.34467	455.96924	-37.182068	284.09042	136.24033	453.62863	-17.500048	-1.9132551	5.368178	54.051105	-16.896973	21.368792	21.210562	17.356256	1937.4598701000214
77	1.2	0.2	1203.0671	668.2695	3342.3281	496.72223	1271.4114	673.4945	2594.2124	667.8342	235.7	248.1	385000	285.2801	137.26758	460.579	-24.060467	285.27792	137.27238	456.0685	-34.909405	286.5498	137.173	457.97656	-37.65844	-1.976895	5.3834567	53.382915	-16.648233	21.827711	21.638748	17.71078	1964.6621315479279
78	1.2	0.2	1429.2234	742.55084	3592.6965	642.0081	2279.2131	1217.4071	5226.736	876.7127	284.3889	433.9	390000	286.4095	138.34871	462.22363	-35.840137	286.4072	138.35342	461.39215	-23.591558	287.6916	138.26962	459.49417	-38.280067	-1.9638196	5.4484587	48.471443	-16.924189	22.372595	22.175175	17.87641	1995.23730802536
79	1.2	0.2	1233.6539	619.54816	2652.461	624.8347	1395.4231	543.6059	2520.8188	881.4548	242.65	267.3	395000	288.34003	138.88597	460.59677	-18.507933	288.33722	138.8941	463.7099	-35.488132	289.64682	138.82231	463.86935	-28.237793	-1.6346852	5.523151	54.577847	-17.912348	22.942078	22.67875	18.061474	2023.2143597602844
80	1.2	0.2	1691.7485	1132.3539	5001.8735	581.6359	1063.266	577.51953	2152.6802	546.12573	332.33334	204.7	400000	290.12558	139.65929	468.38608	-25.269293	290.12146	139.66872	462.23532	-34.81801	291.3946	139.55656	475.75208	-33.505634	-1.8225462	5.4731073	49.15642	-16.975094	22.789375	22.440968	18.092474	2051.227997779846
81	1.2	0.2	1675.9957	1294.0951	5121.0957	513.2303	1109.5985	620.06384	2209.786	508.4147	327.2	212.1	405000	291.36807	139.68135	463.89203	-19.237772	291.3646	139.69095	465.8379	-25.655085	292.60883	139.57407	464.14603	-20.114496	-1.7347647	5.4987135	55.436317	-17.209866	23.240128	22.97066	18.078102	2078.8113219738007
82	1.2	0.2	1580.705	479.38358	2756.6526	651.3032	1415.6765	462.12613	2264.8254	791.11395	312.2353	270.3	410000	292.01416	139.86536	463.4027	-29.37165	292.00867	139.87642	466.2281	-32.422554	293.24414	139.72653	464.34378	-25.390327	-1.7886109	5.4912863	50.49933	-16.869541	23.211763	22.97076	18.311607	2108.586874961853
83	1.2	0.2	1785.8788	756.7292	3187.7874	709.2319	1405.7542	1365.057	5155.449	480.82086	346.2857	276.3	415000	293.3504	139.82375	464.3754	-16.976816	293.34634	139.83408	464.79318	-28.467121	294.55804	139.69618	463.06122	-27.939625	-1.9245393	5.4682064	52.08	-17.292353	23.10263	22.775955	18.180286	2136.6128940582275
84	1.2	0.2	3041.0715	1217.0348	4353.0835	1241.0397	996.95557	570.7415	2103.986	526.0956	602.75	188.6	420000	295.639	140.26064	464.72723	-30.10746	295.634	140.27167	465.6412	-20.782982	296.88528	140.13284	463.56876	-25.02848	-1.9696927	5.458628	58.027958	-16.31925	22.84702	22.439781	17.685265	2163.8479347229004
85	1.2	0.2	1729.5966	1344.6266	5046.6685	389.1635	1405.7979	1354.2185	4308.747	578.3184	341.53333	278.5	425000	297.2513	141.25372	468.0486	-31.385622	297.2472	141.26488	466.99884	-32.855858	298.50818	141.12537	465.79294	-28.34105	-1.7861695	5.5528626	54.886005	-18.149471	23.382534	23.101334	18.24132	2193.1005733013153
86	1.2	0.2	1999.2784	910.1093	3544.3936	821.8264	1173.469	354.00308	1917.521	803.591	394.53845	227.0	430000	299.2234	141.86447	470.44977	-30.810238	299.21817	141.87741	469.40735	-26.021898	300.46445	141.71013	467.19778	-44.87591	-1.7841544	5.499668	48.332066	-17.632755	23.426855	23.202217	18.061565	2222.1334586143494
87	1.2	0.2	1956.0773	979.3823	3458.2927	594.40826	912.0428	271.98657	1492.1338	609.77673	385.46155	173.0	435000	301.48697	142.4716	472.94614	-41.091656	301.4808	142.48445	472.01025	-42.77251	302.7339	142.34244	470.6869	-39.430664	-1.755149	5.5610166	64.98936	-16.350475	23.900513	23.63283	18.286594	2250.1031918525696
88	1.2	0.2	2333.44	1508.4976	5027.9194	573.68445	2604.4622	1250.3552	4676.572	922.1797	459.4	496.9	440000	302.41354	143.26689	473.85797	-23.54145	302.40878	143.27988	478.34576	-37.395576	303.63712	143.1252	471.76862	-22.502352	-1.5611706	5.62882	57.548332	-17.921886	24.230366	23.953493	18.684881	2279.7208569049835
89	1.2	0.2	2540.747	1555.1776	5134.6494	983.2136	727.3109	200.05771	1167.0854	445.23138	498.45456	137.5	445000	303.8028	143.96489	473.4958	-37.320953	303.79626	143.97993	474.7645	-38.693466	305.0561	143.82759	474.09067	-26.97715	-1.6313671	5.568018	61.81222	-17.19255	24.51532	24.205076	18.511236	2309.1854350566864
90	1.2	0.2	2475.4263	1313.1924	4803.607	738.2462	955.47687	256.9684	1415.8226	511.23166	487.2	186.2	450000	305.72476	144.73077	481.96585	-31.712896	305.71762	144.74643	477.0042	-26.305025	306.97498	144.61137	476.30603	-24.549389	-1.5673969	5.639601	52.546486	-17.827065	24.652681	24.415277	18.522604	2336.860048055649
91	1.2	0.2	1929.1129	1142.6855	4255.6055	470.98544	1123.4459	252.95206	1625.4893	729.54626	384.16666	213.9	455000	308.46988	145.80408	478.23972	-27.144655	308.46014	145.82425	479.7839	-33.41626	309.73453	145.69142	478.8172	-38.858395	-1.5368128	5.6836605	50.245346	-16.376272	25.141247	24.922148	19.263884	2363.9762465953827
92	1.2	0.2	2825.289	1785.5413	5109.6167	415.50473	2555.5532	1813.131	5234.7773	897.7563	556.0	490.1	460000	309.06433	146.73836	481.32825	-53.643642	309.053	146.7634	482.83762	-33.520016	310.2671	146.62791	479.49658	-31.08378	-1.6298592	5.684909	111.5877	-17.17397	25.785423	25.566254	19.26622	2397.4437539577484
93	1.2	0.2	1897.5189	1229.6945	5091.672	685.6453	918.02405	297.4852	1700.0177	638.80255	374.69232	181.3	465000	310.4132	147.31041	481.51138	-24.552479	310.39636	147.34518	481.57358	-23.748676	311.61298	147.23294	482.98038	-22.305054	-1.5629299	5.6961784	50.643307	-17.116903	25.955269	25.915031	19.372068	2425.4181027412415
94	1.2	0.2	2536.1177	1453.2592	5115.6807	1110.5504	3302.6548	1481.5542	5215.603	1691.5498	499.8	638.0	470000	311.24707	148.67796	485.11856	-32.05658	311.2301	148.71266	486.7179	-33.131092	312.46384	148.6015	483.07703	-31.003656	-1.4775937	5.7419243	56.963524	-16.742256	26.11252	26.070393	19.517582	2458.254771232605
95	1.2	0.2	2382.6016	1287.5004	5079.727	864.70905	1174.0349	286.4975	1800.732	669.22577	471.18182	232.4	475000	313.57297	148.75854	486.34695	-34.67843	313.56024	148.78731	485.7458	-34.01226	314.78302	148.67186	483.6136	-32.85965	-1.331215	5.760188	57.488815	-18.637682	26.559982	26.432085	19.607496	2487.868269920349
96	1.2	0.2	2651.901	1187.1469	4569.426	1104.1036	1012.22815	140.59033	1278.5109	781.7419	515.375	200.7	480000	314.65744	149.28864	486.32043	-32.376602	314.6474	149.30893	489.87854	-29.443708	315.8659	149.20496	485.36508	-37.31076	-1.443251	5.7221875	55.43915	-18.092268	26.83832	26.63387	19.79176	2513.601907491684
97	1.2	0.2	2276.5488	1433.0336	5132.6997	767.92834	1236.5524	831.51654	3407.4153	570.1103	446.76923	236.0	485000	315.9112	149.52031	490.11185	-60.63718	315.90424	149.53517	489.58554	-27.200163	317.08435	149.40921	488.83463	-34.680557	-1.5166414	5.682916	71.01215	-18.07456	27.3389	27.118166	20.360292	2545.4465487003326
98	1.2	0.2	2151.2075	1262.8896	5097.476	717.0987	1501.7094	945.5127	3702.631	670.2187	418.36365	289.2	490000	316.89273	149.39746	489.155	-34.645893	316.88504	149.41353	493.07736	-33.392307	318.07962	149.27087	486.4785	-37.66136	-1.4636878	5.7149577	63.77559	-16.866495	27.375854	27.148363	19.936495	2573.498079776764
99	1.2	0.2	1890.0796	1434.7418	4997.9336	542.04175	2148.3188	1344.7947	5188.2705	1118.4811	368.07693	413.4	495000	317.7294	149.08893	487.57544	-29.330658	317.72305	149.1023	491.6336	-29.262241	318.91644	148.9566	486.80078	-37.766014	-1.354308	5.7921834	46.68207	-17.687712	27.026674	26.83561	19.760393	2603.785269498825
100	1.2	0.2	1980.3	1364.9006	5134.2466	607.4306	3400.1067	1291.9956	5208.267	1061.8083	385.0	654.0	500000	319.69696	149.46532	488.7697	-29.726921	319.68954	149.48	489.24274	-28.996311	320.89822	149.33366	487.7639	-58.477955	-1.4173423	5.8226213	50.229904	-19.015299	27.283916	27.00792	19.82817	2638.081184387207
101	1.2	0.2	2957.0522	1501.4219	5120.9385	927.8851	1097.4265	420.31702	1820.669	460.49966	578.3333	221.8	505000	321.39005	149.5872	489.5892	-23.502695	321.3842	149.59802	492.21863	-32.231506	322.58444	149.45471	492.13086	-40.76066	-1.4193231	5.8047667	47.668716	-16.945	26.970352	26.89593	19.709177	2667.7726414203644
102	1.2	0.2	1999.0143	1193.591	5049.778	688.8747	1996.4941	1137.2166	3712.7207	768.5604	394.08334	388.6	510000	323.84625	150.2171	492.38278	-27.084633	323.83896	150.22989	492.53653	-37.582542	325.06943	150.0631	490.16217	-39.473316	-1.3581758	5.7958055	56.21917	-17.06	26.716646	26.50878	19.51146	2697.61252450943
103	1.2	0.2	2377.008	1252.6571	4447.202	592.00714	1154.124	551.0646	2679.4868	634.896	466.3	218.9	515000	325.67914	150.61053	494.36176	-24.713055	325.6734	150.62154	493.59103	-33.0828	326.90356	150.4712	493.81638	-37.869404	-1.3611717	5.837683	49.227844	-16.642155	26.830029	26.59817	19.595951	2725.5771412849426
104	1.2	0.2	2789.8594	1465.7621	5120.385	1101.0211	938.84375	314.78885	1772.6364	585.3401	548.0	189.9	520000	327.3057	151.56366	500.60403	-45.72408	327.2995	151.5739	498.2515	-42.24328	328.50775	151.4079	494.84875	-47.243633	-1.4402289	5.772102	67.204	-18.158295	27.01831	26.933468	19.778685	2756.098009109497
105	1.2	0.2	2524.047	1389.7545	5141.8833	1250.4153	2357.0454	1610.3221	5184.579	863.53314	498.8	461.1	525000	328.0599	151.84691	496.07068	-48.976555	328.0541	151.85649	499.53815	-37.05516	329.236	151.69348	495.3942	-48.28254	-1.5199548	5.7999854	51.281464	-17.24568	27.299864	27.207241	19.774536	2787.608811378479
106	1.2	0.2	2607.2024	1294.179	5121.238	1050.722	2134.0146	1239.5452	5097.8486	1255.1221	515.2	417.0	530000	328.91193	152.52138	498.44055	-26.934746	328.90616	152.5306	499.9034	-42.675648	330.11557	152.37459	497.46783	-48.959114	-1.4281926	5.8000774	54.2156	-18.085257	27.673668	27.613691	20.117846	2819.398656129837
107	1.2	0.2	2915.5361	1458.2085	5102.5894	862.83026	2683.1982	1143.2506	5087.347	1097.1946	571.375	525.6	535000	330.49844	152.52263	498.1807	-28.434917	330.49594	152.5285	499.34164	-36.071453	331.70734	152.3776	496.5226	-57.12717	-1.5209478	5.8496523	56.899666	-17.59759	27.671612	27.56922	20.37954	2850.1117811203003
108	1.2	0.2	3196.145	1658.3135	5145.894	636.1941	2000.4026	1173.0363	3837.207	719.3604	625.25	394.8	540000	331.84836	153.11789	499.0922	-24.005945	331.84726	153.11913	505.72104	-33.68017	333.02277	152.9671	498.58063	-43.64616	-1.4564781	5.8872952	57.879704	-17.138912	27.481283	27.461834	19.830124	2881.322794675827
109	1.2	0.2	2632.2756	1210.853	5085.437	1560.6089	1011.22327	789.2796	3326.4458	486.04333	516.55554	207.5	545000	332.47498	153.25235	505.28162	-29.897873	332.47806	153.24721	497.94012	-32.466927	333.64154	153.08769	500.1823	-26.942097	-1.5883828	5.8693237	60.357338	-16.402199	27.626657	27.383219	19.898966	2909.371628522873
110	1.2	0.2	2313.1572	1326.932	5180.6416	696.0766	2562.4822	1422.7234	5161.715	1101.8243	450.69232	496.1	550000	334.13098	153.67107	504.1699	-38.828655	334.13452	153.6649	499.35635	-27.80487	335.33148	153.5372	500.51086	-38.30288	-1.4437184	5.917949	51.30471	-17.703234	27.919142	27.533325	20.13261	2944.872330188751
111	1.2	0.2	4351.241	1312.6023	5163.5664	1741.3875	1296.8933	607.42786	2475.8577	586.92523	854.0	256.4	555000	336.6472	154.35176	499.98337	-28.32756	336.65112	154.34415	503.92496	-33.85189	337.88208	154.21149	500.16962	-31.509811	-1.4965866	5.892402	91.77087	-17.087221	27.68832	27.314238	20.163654	2972.214330673218
112	1.2	0.2	2914.696	1607.8955	5158.0044	665.4965	2076.0188	1290.1757	5166.5024	873.9773	571.7	403.0	560000	338.14307	155.2671	508.23868	-34.364834	338.14917	155.25838	504.80466	-37.855083	339.36606	155.11725	503.62003	-27.498142	-1.4844484	5.972682	56.326992	-17.687458	28.079967	27.511347	20.02896	3005.90935254097
113	1.2	0.2	3389.573	1364.0653	5059.3066	1513.433	1662.7653	1209.1556	5137.681	631.43744	672.8333	325.0	565000	339.94998	155.63412	511.16528	-20.974596	339.95486	155.62515	507.261	-29.049728	341.19308	155.50404	504.76242	-23.156689	-1.4884841	5.9305787	50.43249	-16.158766	28.303757	27.959	20.208122	3033.0422661304474
114	1.2	0.2	2976.484	1730.4133	5139.338	686.4258	1732.1234	1273.3591	4486.978	625.86365	587.6	343.4	570000	342.22278	156.43303	506.58688	-36.62893	342.22705	156.42593	507.166	-27.311703	343.43774	156.2873	506.34027	-32.846455	-1.5384486	5.969424	64.98611	-17.676012	28.01873	27.553762	20.001902	3066.9275114536285
115	1.2	0.2	2751.3838	1466.0443	4961.873	634.0989	4484.4946	1269.564	5227.952	1139.946	540.25	859.5	575000	344.3299	156.73749	507.72708	-41.932426	344.33353	156.73317	508.22473	-21.161362	345.5507	156.58348	507.61533	-24.511482	-1.4684472	6.0241184	63.55757	-17.768902	28.369347	27.687168	20.325035	3100.5291669368744
116	1.2	0.2	3002.193	1188.7869	4095.7998	1286.9353	1746.6807	1132.5321	4924.2866	892.38544	588.6667	342.1	580000	344.46335	157.06522	509.87006	-29.55157	344.46893	157.05574	510.1615	-31.699228	345.63858	156.87645	507.2668	-30.58654	-1.4044971	6.034416	105.53311	-17.65107	28.884668	28.421976	20.613317	3132.5395085811615
117	1.2	0.2	2774.2588	1519.1057	5067.4	757.3862	1752.8252	710.4192	3523.4148	1000.9048	547.3333	334.5	585000	345.9368	155.92375	509.9324	-49.04727	345.94125	155.91779	507.54327	-32.31019	347.1625	155.71405	509.91656	-29.15282	-1.3778056	6.036592	61.862583	-17.432388	28.448748	27.949383	20.205446	3163.2024536132812
118	1.2	0.2	2900.0276	1493.5319	5059.5586	874.70026	1664.5139	1045.2675	4501.5176	773.3023	570.6667	321.9	590000	347.64105	155.70319	509.46255	-28.876053	347.64294	155.70193	508.2587	-41.652725	348.83395	155.47472	508.54596	-37.694897	-1.4278178	5.907149	51.909843	-17.377317	28.290606	27.985373	20.228384	3194.3367142677307
119	1.2	0.2	3271.3257	1634.8716	5184.4707	937.90155	1738.7211	801.0801	3757.0813	714.37506	645.0	342.2	595000	349.09985	155.83444	510.81424	-38.39983	349.10043	155.8339	510.69098	-38.341343	350.32712	155.60812	510.69507	-48.315105	-1.2547861	5.9951243	49.770393	-17.592783	28.29002	28.010496	20.213715	3225.8398151397705
120	1.2	0.2	3456.5369	1218.9497	5125.7324	1902.1404	2034.8832	1202.5725	5294.651	913.04663	674.2857	384.1	600000	350.47394	155.86461	514.7102	-49.63219	350.47455	155.86633	511.6926	-37.938446	351.67776	155.629	512.5647	-42.19942	-1.3884413	5.9842167	62.253807	-17.081741	28.315096	28.021404	20.083467	3256.2169029712677
121	1.2	0.2	2820.0728	1428.8115	5163.3716	1008.3923	2960.8013	1267.7124	5358.804	847.74365	549.2	555.9	605000	352.49615	155.82162	515.29803	-35.725185	352.49625	155.8226	511.6944	-45.71514	353.73257	155.59378	512.7226	-35.927498	-1.3184398	5.990902	57.386936	-17.520815	28.541094	28.342802	20.379665	3291.319377183914
122	1.2	0.2	2847.583	1304.2585	5121.9263	1054.9629	1909.502	1355.8811	4511.4556	824.7502	557.1111	360.0	610000	353.96222	156.30173	513.59576	-37.458755	353.96143	156.30453	515.92487	-33.37536	355.16895	156.06053	513.8378	-56.23613	-1.3248045	6.0355506	58.4202	-17.306704	28.5076	28.35462	20.496746	3322.589569091797
123	1.2	0.2	2504.6685	1655.4415	5096.2705	736.06714	1373.1617	647.413	3059.943	699.6197	491.1	265.0	615000	356.23187	156.23216	513.9334	-31.782034	356.23138	156.23476	512.34845	-46.203537	357.4502	155.96246	513.19165	-41.567566	-1.3577343	6.0611105	55.457535	-18.253647	28.038185	27.869776	20.253428	3352.90443611145
124	1.2	0.2	3230.0908	1331.0363	5188.3306	1084.5165	1832.1487	1153.1316	4365.886	597.57306	628.75	347.1	620000	357.1653	156.75462	515.1314	-47.46243	357.16376	156.75526	514.9025	-39.827778	358.37054	156.51471	514.4573	-44.203644	-1.2501379	6.0238643	53.456383	-18.156551	28.271278	28.2171	20.048042	3384.394713640213
125	1.2	0.2	3220.6543	987.51935	5180.8765	1941.0812	2643.508	1426.8601	5053.2188	919.68744	623.4286	528.0	625000	358.83957	156.43384	515.75995	-37.63389	358.83823	156.43993	519.02844	-45.56011	360.06702	156.18365	515.16925	-42.29998	-1.3917747	6.104342	65.263245	-16.49678	28.353844	28.244156	20.194593	3415.615963459015
126	1.2	0.2	4085.9563	1257.9722	5087.7246	1623.8181	3747.8794	1849.0721	5200.133	706.7477	807.1667	724.2	630000	359.9421	157.28267	520.0414	-29.346651	359.94125	157.28438	519.2701	-55.262646	361.1477	157.02084	516.50696	-42.86673	-1.3858106	6.1365905	69.274185	-16.716986	28.589981	28.512379	20.587915	3450.4379041194916
127	1.2	0.2	3749.8784	1491.3855	5062.838	705.20605	1785.1029	676.2196	3431.4363	1082.8817	735.8571	345.2	635000	361.7635	157.58914	520.2462	-57.009087	361.76385	157.58856	518.8233	-44.421528	362.98233	157.34946	519.26526	-40.191334	-1.3851868	6.203063	61.586308	-18.103502	28.522696	28.639275	20.397272	3482.6340622901917
128	1.2	0.2	4777.2974	647.4423	5134.8423	3334.225	2952.0977	1489.7688	5182.5933	1058.4554	938.6667	571.5	640000	363.3579	157.76671	519.18884	-30.649563	363.35635	157.77075	520.25464	-38.33429	364.56216	157.50775	518.70013	-40.453156	-1.4759855	6.1372347	59.488346	-17.887354	28.629656	28.53954	20.320196	3518.8917944431305
129	1.2	0.2	2401.2344	1255.1024	5080.1733	843.86334	1521.8698	439.4302	2539.373	879.6696	468.77777	298.9	645000	363.95154	158.31194	521.1891	-48.228886	363.95135	158.31177	520.7835	-40.452705	365.16238	158.04214	518.3888	-45.891544	-1.5734857	6.212777	79.098076	-20.071564	28.491077	28.520187	20.398085	3547.0807926654816
130	1.2	0.2	3524.1064	1779.3197	5222.966	554.88336	3011.7737	1795.681	5155.923	579.2612	697.875	589.0	650000	365.24826	158.35208	522.64545	-48.513645	365.24768	158.35472	529.96967	-50.913376	366.46964	158.1053	519.0504	-67.33078	-1.5143983	6.2119403	73.48482	-18.620722	28.80032	28.663555	20.56349	3583.247232198715
131	1.2	0.2	4089.3025	1321.8632	5130.632	1356.2601	2842.5493	1176.0913	5203.976	1141.1422	801.0	545.1	655000	366.81274	158.67557	521.6155	-64.46999	366.81256	158.6792	524.41235	-63.98744	368.02365	158.41403	521.2421	-53.9402	-1.4486815	6.1869435	65.722466	-16.214354	28.68579	28.554571	20.53057	3616.269586086273
132	1.2	0.2	3594.2944	1825.4453	5073.0176	665.64	2564.7188	1555.1124	5172.886	823.2367	708.0	494.0	660000	368.06934	158.93375	522.6382	-57.749763	368.06915	158.93454	524.6272	-42.718575	369.28543	158.67285	520.65985	-55.59135	-1.5199906	6.1526084	83.06237	-17.357958	28.498116	28.587059	20.204588	3649.582593202591
133	1.2	0.2	3086.6272	1645.987	5148.6953	944.7072	1311.8431	573.4281	2275.9646	651.6139	608.55554	252.8	665000	369.4519	159.3585	524.6335	-94.97967	369.4514	159.35844	524.823	-53.191334	370.6691	159.08487	525.2812	-44.52041	-1.4693882	6.1622386	62.829548	-16.301222	28.686441	28.736027	20.717634	3682.097494840622
134	1.2	0.2	3062.1096	1528.0524	5171.5137	1222.6453	3698.9563	1604.783	5260.616	1152.3517	596.2857	709.9	670000	370.9418	159.09935	526.02106	-41.52622	370.9412	159.09999	526.8052	-43.92279	372.15152	158.85101	522.3926	-66.652245	-1.4699041	6.1738505	66.910645	-17.39446	28.709976	28.855024	20.361458	3714.8584394454956
135	1.2	0.2	3775.1875	1813.6024	5216.108	708.07135	1789.361	1004.429	3975.312	570.62897	733.125	354.8	675000	372.75497	159.96446	525.75323	-41.106396	372.7537	159.96759	525.98676	-38.18133	373.98718	159.69946	525.6069	-42.4097	-1.3818531	6.2720227	97.88505	-19.606573	29.123505	29.144646	20.694174	3750.0519251823425
136	1.2	0.2	4114.3794	1175.0262	5079.525	2247.9443	2337.4126	1429.3098	5172.292	638.1526	815.6667	450.6	680000	374.72385	160.03767	530.3092	-64.62163	374.7227	160.04092	525.082	-44.504677	375.94467	159.75711	525.06866	-56.11231	-1.4448085	6.2865925	71.321556	-17.216496	29.245153	29.191504	20.704409	3782.4528818130493
137	1.2	0.2	3136.8467	1802.7416	5084.2505	1017.11707	3442.539	1669.3295	5333.39	1034.1571	616.0	647.9	685000	375.38934	159.86142	533.0666	-38.520466	375.38803	159.86375	528.80695	-54.832188	376.5911	159.56839	526.2797	-33.658962	-1.4724405	6.262538	61.931	-17.044165	28.77118	28.799044	20.593105	3817.18456363678
138	1.2	0.2	3323.1074	1524.7998	5252.2485	1358.052	3441.5386	1877.095	5291.9404	945.7388	643.375	650.5	690000	376.76834	159.86354	530.1942	-47.103504	376.76788	159.86409	528.0302	-52.444836	378.00467	159.59839	525.8636	-47.391487	-1.3341517	6.29403	91.148094	-17.63259	28.486326	28.89707	20.706005	3852.516298055649
139	1.2	0.2	3129.0725	1656.4095	5212.3438	704.45013	1138.5138	629.1876	2410.925	563.26373	605.125	218.9	695000	377.93787	160.43356	528.3575	-72.43945	377.93585	160.43654	530.71014	-73.71939	379.16827	160.15352	528.04675	-58.730885	-1.4241453	6.349018	68.30303	-16.437305	28.66777	28.879341	20.523136	3882.5238223075867
140	1.2	0.2	3051.3564	1988.0941	5180.064	619.8188	2752.2417	2084.555	5296.73	811.1376	588.125	520.8	700000	379.1246	160.34747	529.1151	-40.99373	379.12326	160.35266	531.6148	-44.172516	380.317	160.04985	527.8234	-46.798515	-1.4690691	6.42475	70.72918	-16.15152	29.201794	29.147701	20.415379	3915.3370513916016
141	1.2	0.2	3015.375	1725.8517	5215.917	772.91626	3805.9954	1571.0488	5357.7866	1678.1146	584.75	716.9	705000	379.97736	160.29343	528.9312	-28.623901	379.97583	160.29651	529.45703	-38.758842	381.18802	160.00981	527.46173	-52.57377	-1.3465441	6.345678	58.03404	-17.854708	29.008835	29.103199	20.61345	3949.8959455490112
142	1.2	0.2	2810.532	1568.8499	5196.902	1021.62756	4358.196	1802.5634	5298.844	690.0152	544.8	831.2	710000	380.8627	160.86125	532.73395	-40.80919	380.86136	160.86497	531.1871	-50.424736	382.04688	160.56114	528.2928	-56.033318	-1.4827076	6.345664	74.36377	-17.360258	29.326132	29.179615	20.93736	3988.700620174408
143	1.2	0.2	2624.8818	1227.8295	5180.1006	1053.7894	1916.9785	985.99335	4211.713	1034.0928	511.77777	367.8	715000	382.16452	160.79222	531.05756	-26.008904	382.1632	160.7955	532.1972	-47.419945	383.3896	160.51152	530.1525	-35.965412	-1.455821	6.3307457	67.889854	-17.460377	28.643435	28.558035	20.13781	4019.6564078330994
144	1.2	0.2	3509.1401	1840.149	5134.8105	1313.9636	2435.5383	1218.4229	4918.6875	782.41315	689.5714	464.2	720000	383.66806	161.00768	530.89655	-35.123726	383.66736	161.01036	533.7638	-45.75798	384.85587	160.72206	531.6836	-40.6796	-1.5950361	6.348294	64.93977	-16.787146	29.004496	29.011187	20.48658	4052.7390513420105
145	1.2	0.2	3445.901	1421.6932	5187.6963	1619.8821	1542.5898	401.0296	2480.2546	957.86847	669.0	298.0	725000	383.95425	161.22179	533.5219	-26.004944	383.95282	161.22461	548.6235	-44.03975	385.16116	160.92816	535.35596	-40.86869	-1.4693089	6.3957953	86.144585	-17.475246	29.16391	29.147118	20.436148	4085.6189365386963
146	1.2	0.2	2775.878	1362.839	5138.5293	795.0617	1179.2168	758.4027	3112.0847	609.55115	540.1111	222.4	730000	384.4244	161.10635	532.2109	-39.171944	384.42203	161.1117	532.84534	-43.53813	385.6361	160.81458	532.3536	-39.914722	-1.5325851	6.3744187	78.85329	-16.888166	29.5924	29.532516	20.54955	4115.933010339737
147	1.2	0.2	2855.8542	1735.0388	5226.1694	738.9373	1952.8359	613.0383	3060.462	1161.8853	548.8889	381.6	735000	385.4993	161.05518	533.3346	-37.857113	385.49976	161.05554	534.242	-36.58226	386.74612	160.75166	530.6875	-34.40734	-1.4044161	6.397492	86.047714	-16.893543	29.271343	29.439676	20.582964	4148.473948955536
148	1.2	0.2	3664.9565	1903.6659	5159.387	788.81476	1177.383	567.03564	2629.3572	654.882	714.625	225.4	740000	386.90796	161.0301	543.9092	-31.174416	386.90756	161.0308	541.76495	-40.220654	388.13657	160.74722	531.4698	-44.901146	-1.4857651	6.3159084	90.57956	-16.411177	28.850674	28.758663	20.308256	4182.117227077484
149	1.2	0.2	2423.5974	1566.9238	5157.161	832.84094	2759.0532	1383.7758	5142.6885	1341.2067	468.9	535.9	745000	387.81995	161.27956	534.2804	-33.55612	387.81754	161.28342	534.4083	-34.317516	388.9918	160.97623	532.48474	-36.300926	-1.517747	6.385588	80.10424	-17.371548	28.968401	29.17816	20.62576	4215.138122558594
150	1.2	0.2	4462.6094	1495.1981	5171.772	1120.3928	1890.2156	678.05505	2771.583	707.53345	868.3333	362.2	750000	387.81775	160.77664	533.2535	-30.214993	387.81815	160.77837	534.13873	-36.75319	389.0072	160.45274	533.4231	-64.59766	-1.3625131	6.3934374	66.96128	-17.755629	29.178839	29.237099	20.459167	4248.352319717407
151	1.2	0.2	5035.8887	210.42238	5198.7397	4620.0425	2504.7673	1466.238	5092.9536	745.1172	980.8	491.7	755000	389.1295	160.39665	534.3635	-49.546276	389.12836	160.39763	533.32336	-47.567566	390.30157	160.08826	534.4377	-36.537403	-1.5916904	6.351401	69.61386	-17.011572	28.926004	28.969074	20.304682	4281.824630498886
152	1.2	0.2	3463.7544	1465.9238	5281.6094	1684.3954	1897.3547	1246.5612	5258.6367	981.49615	670.7143	360.3	760000	389.40735	160.64986	533.15875	-37.578682	389.4062	160.65407	535.3484	-43.585854	390.6032	160.35844	532.3188	-43.5602	-1.5008837	6.425548	133.81662	-16.465954	28.764317	28.840979	20.173801	4313.47851896286
153	1.2	0.2	4345.3745	1122.0697	5189.157	2130.1714	2336.2883	1586.2087	5269.0254	1063.6439	844.5	442.1	765000	390.8069	160.46269	534.5139	-30.358253	390.80548	160.46336	533.57446	-39.245934	391.96948	160.17136	533.50745	-39.178127	-1.5009274	6.4144382	68.34505	-17.11993	29.14171	29.368746	20.69713	4347.28955078125
154	1.2	0.2	4862.0176	436.6382	5158.796	3998.265	5309.064	10.33139	5321.772	5290.9175	954.6	1000.0	770000	392.11304	160.32982	534.76636	-30.02527	392.11212	160.33287	535.5139	-41.452503	393.2833	160.02824	535.6464	-51.04433	-1.5707406	6.4809775	69.02398	-17.754848	28.997898	29.030022	20.518545	4385.713922023773
155	1.2	0.2	4860.985	477.09018	5218.47	3846.0085	4030.6655	1616.6115	5238.9917	1163.0774	947.5	773.6	775000	392.85373	160.4798	537.1887	-27.645296	392.85153	160.4846	539.06635	-36.59671	394.06702	160.1663	538.5919	-42.746815	-1.5233853	6.496229	67.21221	-17.800514	28.172026	28.377245	20.213663	4425.403912782669
156	1.2	0.2	4138.919	1113.2988	5173.103	2533.008	1932.8855	996.97046	3588.2268	616.74097	809.0	373.7	780000	395.12454	160.77203	535.4312	-33.690212	395.12347	160.77457	535.53174	-33.43644	396.30762	160.46692	534.17664	-31.778643	-1.7008013	6.5105896	76.905945	-16.78805	28.03996	28.197157	19.875763	4457.970776319504
157	1.2	0.2	3322.5405	1929.3925	5231.702	628.70825	3311.1675	1420.3624	5189.5093	1591.6428	654.0	637.7	785000	396.01788	161.33478	538.40936	-27.071775	396.0165	161.33667	540.28705	-30.486406	397.20822	161.0158	537.28296	-38.116066	-1.6916943	6.52167	75.38442	-16.678701	28.320158	28.373549	19.978392	4492.376332998276
158	1.2	0.2	4145.8096	1315.0084	5103.5464	1411.4297	3427.392	1740.2712	5273.0874	1071.0814	814.3333	651.8	790000	397.43503	161.48003	537.95074	-32.723484	397.43402	161.48201	537.9567	-39.641273	398.64417	161.16518	537.1866	-36.66069	-1.6332462	6.548759	62.896584	-16.868595	28.203474	28.323715	20.106401	4527.613955974579
159	1.2	0.2	3323.6567	1624.2644	5150.582	818.0305	2636.0168	1650.1608	5204.714	932.00183	646.5	506.0	795000	398.6483	162.11922	542.6303	-39.000343	398.6466	162.12291	539.874	-39.543335	399.85837	161.83197	538.61346	-33.688423	-1.5064527	6.5599513	72.96539	-16.576805	28.444641	28.60713	20.093788	4562.832401275635
160	1.2	0.2	4644.1895	1161.8268	5242.6616	2048.1077	1371.7747	475.01898	2587.6753	967.68536	900.0	264.4	800000	399.79266	162.16663	540.2765	-48.381104	399.7908	162.16852	543.0945	-43.97502	400.97888	161.83696	539.88696	-32.360474	-1.6380972	6.604146	67.173515	-17.399612	28.788073	29.031876	20.479765	4596.347228527069
161	1.2	0.2	3848.5725	1856.8524	5165.5474	678.9033	5058.5303	680.8844	5295.9297	3015.9626	748.3333	957.0	805000	400.8258	161.45282	540.9909	-38.38632	400.82587	161.45407	539.72314	-43.774693	402.0059	161.1431	541.06647	-35.27517	-1.6742843	6.5048227	71.844604	-18.350582	28.726768	28.642765	20.345644	4633.582344055176
162	1.2	0.2	4180.7485	1515.3077	5222.7173	928.07715	5198.2446	120.209885	5250.296	4838.218	803.8571	992.3	810000	401.49896	161.29341	540.64417	-26.56099	401.49725	161.29729	546.24475	-51.012703	402.62128	160.97173	541.8445	-57.706036	-1.6587771	6.4215593	91.96432	-17.82023	29.151402	29.086927	20.551533	4675.137025356293
163	1.2	0.2	4693.1343	887.42206	5169.905	2918.7036	2503.6938	1558.8463	5265.884	1005.0929	915.8	473.8	815000	401.4219	160.95581	540.1628	-42.661686	401.42178	160.95796	539.58496	-53.8358	402.6157	160.6429	540.2434	-49.49455	-1.4175904	6.4607425	85.312225	-16.39673	29.308002	29.45853	20.751156	4707.843236684799
164	1.2	0.2	4705.6353	680.77264	5256.6055	3650.2583	4906.8755	1081.9209	5283.93	1661.2876	911.5	931.3	820000	402.43216	160.90526	541.94666	-44.991158	402.431	160.90823	558.58044	-36.898018	403.61917	160.5824	540.64514	-44.150337	-1.5204495	6.5082164	134.85956	-16.839226	28.6004	28.69403	20.237497	4748.284488201141
165	1.2	0.2	3243.001	1937.6943	5220.8477	564.69135	3471.8992	1671.9238	5276.1855	682.82227	621.5	660.3	825000	403.3184	161.12842	541.89594	-39.75565	403.3162	161.1303	540.292	-34.551586	404.4895	160.80852	540.18915	-29.406284	-1.7025646	6.465065	71.85506	-17.566399	28.502281	28.854567	20.255917	4784.333895921707
166	1.2	0.2	3357.5872	1579.5725	5162.553	1530.2181	3778.448	1775.568	5329.823	1013.0576	650.8571	710.2	830000	403.94016	161.24821	549.5721	-41.699738	403.9396	161.25073	542.84705	-31.136576	405.09183	160.92996	539.776	-46.836033	-1.6337641	6.4888372	72.524055	-17.33304	28.671556	28.727736	20.290035	4819.55499458313
167	1.2	0.2	4851.0938	397.53314	5206.763	4333.329	3082.96	2110.8088	5279.9424	721.5054	937.6	585.9	835000	405.25894	160.65787	541.49646	-49.839676	405.2577	160.66087	541.1761	-37.808216	406.40704	160.32262	539.59827	-71.6349	-1.578592	6.542284	74.9906	-17.520897	28.433077	28.513212	20.122646	4854.1429760456085
168	1.2	0.2	4474.019	1506.3213	5228.838	1112.8364	3393.243	1980.7606	5271.315	750.57666	861.0	648.3	840000	404.78934	160.64795	540.1312	-44.16047	404.78854	160.65057	544.17145	-46.124443	405.9154	160.30357	540.7506	-47.686157	-1.9348795	6.4970813	76.14318	-17.296537	27.873316	27.769478	19.695978	4891.1367292404175
169	1.2	0.2	4744.5815	509.7196	5227.078	3879.5732	4811.5186	970.6384	5306.1353	2556.2327	920.3333	909.6	845000	406.0805	160.23647	542.60144	-46.08313	406.07874	160.239	541.7076	-67.22352	407.2235	159.90408	539.24164	-36.615654	-1.8634003	6.494606	77.22473	-17.252882	27.50988	27.623081	19.68752	4931.717880964279
170	1.2	0.2	4117.7397	1588.5673	5232.1816	870.0494	1041.3529	613.9697	2329.4333	510.26065	801.0	199.4	850000	407.43356	159.99672	541.0087	-57.046864	407.43204	160.00275	544.97296	-40.72584	408.5747	159.6509	541.51013	-71.46969	-1.8206197	6.516397	82.32441	-19.416595	27.791761	27.766289	20.140081	4962.835660457611
171	1.2	0.2	2675.3398	1594.0131	5293.3423	821.6292	5216.766	143.79326	5285.8115	4786.632	520.2222	991.7	855000	408.10138	160.15727	542.5667	-47.28551	408.09924	160.16136	541.4489	-47.124043	409.26276	159.80489	542.1015	-35.097607	-1.8792187	6.5776777	114.79727	-16.831856	28.126959	28.15623	19.846195	5001.376468420029
172	1.2	0.2	3800.6096	1749.4211	5225.051	777.5133	4681.4326	1240.6345	5266.184	1064.879	734.2857	892.5	860000	409.1744	160.18675	546.4763	-40.43771	409.17432	160.18736	545.6703	-91.36579	410.3499	159.83452	540.9532	-35.00149	-1.8061807	6.648553	97.66327	-16.376173	27.470528	27.475122	19.576094	5041.022205591202
173	1.2	0.2	3999.93	1016.76746	5156.1904	2472.489	3259.8108	1762.7136	5219.736	766.3059	776.3333	627.7	865000	410.46658	159.76506	543.5903	-63.6608	410.46634	159.76686	543.22095	-58.065407	411.63693	159.39777	541.3329	-110.6893	-1.8646338	6.645382	75.367004	-17.306683	27.673977	27.897491	19.90132	5076.54927444458
174	1.2	0.2	4188.391	1259.917	5165.125	1733.6261	4945.927	531.8262	5245.56	3736.6038	812.5714	951.3	870000	411.38986	159.56227	545.86664	-68.20105	411.38855	159.56378	544.08813	-66.30418	412.53857	159.17703	542.94727	-60.954613	-1.8404748	6.67271	94.92349	-17.819115	27.860847	28.018782	20.036032	5118.616631984711
175	1.2	0.2	3788.4653	1410.4778	5227.48	1320.9106	4447.428	1447.6876	5190.344	1129.269	731.7143	860.8	875000	410.93045	159.36322	545.0391	-54.235752	410.92877	159.36737	552.59247	-47.774464	412.044	159.01367	540.8467	-49.677067	-1.741943	6.586552	123.039116	-18.21865	28.34804	28.30564	20.20592	5158.240602731705
176	1.2	0.2	4016.1238	1292.6643	5236.476	2242.7925	3907.8523	1750.7727	5297.3003	678.307	775.5	741.0	880000	411.4976	158.76604	542.1605	-47.161892	411.49664	158.77002	547.31775	-49.821106	412.6261	158.39977	541.4907	-36.79319	-1.8336762	6.542389	74.83857	-17.103197	27.843237	27.892878	19.748543	5194.279469490051
177	1.2	0.2	3248.498	1543.8645	5214.7935	1447.4371	2362.8206	1827.1361	5248.664	643.9611	630.25	459.0	885000	411.9017	158.839	544.6877	-49.849957	411.9018	158.84036	547.664	-61.349327	413.01474	158.461	540.9108	-80.01351	-1.9116874	6.576888	85.73984	-17.143642	27.550402	27.626705	19.601313	5229.34225320816
178	1.2	0.2	4428.7085	1279.3606	5261.559	1700.9935	3176.4956	1598.1705	5274.9443	1162.6653	856.5	602.3	890000	412.1385	159.19337	545.18494	-63.83856	412.13733	159.19499	545.1229	-62.12905	413.2666	158.82762	542.37946	-59.380394	-1.8490764	6.5628614	192.1679	-19.305794	27.745	27.769022	19.549494	5265.996750831604
179	1.2	0.2	3344.931	1335.8239	5144.374	1557.714	3066.5476	1767.9196	5272.104	954.8597	653.4286	586.0	895000	412.59393	158.9217	555.3138	-38.2987	412.593	158.92743	547.369	-35.385365	413.71582	158.57481	542.3447	-53.246323	-1.9270971	6.5460653	82.68473	-17.933367	28.18163	28.227905	19.83604	5300.517035245895
180	1.2	0.2	3924.6975	1521.8428	5179.6836	1148.5996	2729.4822	1170.195	5209.6875	1107.1467	760.8571	529.1	900000	413.39917	158.67267	545.30054	-52.918568	413.39676	158.67682	543.74915	-47.55809	414.48907	158.31175	542.68506	-52.81912	-1.8548676	6.571272	85.619606	-17.387024	27.88572	27.851738	19.652756	5337.37310385704
181	1.2	0.2	4705.1265	863.48596	5157.522	2978.534	3042.1184	1648.2831	5210.4717	1003.71387	917.4	586.5	905000	413.52655	159.30751	545.75476	-83.036865	413.52457	159.31445	543.9683	-100.6842	414.65094	158.9622	543.18604	-80.73211	-1.8862205	6.581051	72.60363	-18.891289	27.91445	27.909546	19.577114	5371.848814249039
182	1.2	0.2	4767.156	697.61774	5206.6733	3231.3206	3882.7434	1318.1262	5256.6987	1851.2833	924.8333	740.9	910000	414.6524	159.00754	552.8294	-82.63883	414.65112	159.0101	544.4939	-81.37633	415.74442	158.65558	543.32336	-88.728355	-1.7368888	6.5276747	66.58365	-18.280687	28.455914	28.505905	20.07509	5411.537471532822
183	1.2	0.2	4863.644	566.6615	5214.22	3733.2498	4817.341	1102.1014	5194.486	1511.1378	942.8	928.5	915000	415.56494	158.18163	553.8421	-44.570114	415.56418	158.18549	547.8438	-46.554146	416.66284	157.82166	542.3912	-35.35477	-1.8468403	6.5841436	74.547775	-19.129139	27.984064	27.910477	19.54141	5450.5036516189575
184	1.2	0.2	4101.7744	1187.1957	5156.2695	1974.2373	2847.5054	1320.1224	5212.5825	1111.8558	799.0	544.9	920000	416.35086	158.04514	543.6996	-53.319542	416.34924	158.04839	543.3961	-53.418514	417.4543	157.67104	542.9044	-58.33258	-2.0391052	6.5848556	76.7617	-17.209898	28.137747	28.224945	19.846207	5485.507324934006
185	1.2	0.2	3849.9739	1569.5505	5199.574	1262.5806	3238.1033	1479.9985	5270.2915	1224.2731	742.8571	615.6	925000	416.8298	158.0593	544.9664	-61.053276	416.82797	158.06256	545.8503	-69.634445	417.93524	157.70552	543.1055	-68.613335	-1.913045	6.5763097	97.98998	-18.104383	28.121443	28.438732	19.901352	5522.608011722565
186	1.2	0.2	3880.0374	1656.6863	5210.2324	931.39575	5183.1875	16.364988	5205.007	5151.034	748.5714	1000.0	930000	417.40222	157.55219	543.2241	-42.607113	417.4023	157.55377	543.6893	-43.34019	418.50415	157.16125	543.26807	-44.32653	-1.945133	6.647758	87.60029	-17.83091	28.441471	28.243553	19.59697	5564.17031788826
187	1.2	0.2	5143.181	69.44299	5249.5303	5062.457	4946.9976	868.2468	5273.216	2343.3567	1000.0	945.1	935000	418.31104	156.9231	544.8638	-63.87938	418.3095	156.92685	546.0524	-45.690342	419.4198	156.53758	543.1302	-59.201927	-1.8720872	6.591834	75.07567	-16.721481	27.429907	27.593344	19.102428	5604.082357645035
188	1.2	0.2	4568.0483	1083.2646	5163.213	2402.8647	5158.277	464.98175	5331.8086	3764.017	894.6	970.9	940000	418.6625	157.1462	543.7519	-71.0768	418.66107	157.15288	545.43005	-51.513905	419.75354	156.77972	542.66693	-87.492836	-2.1665757	6.528854	88.67699	-19.16117	27.51478	27.292639	19.13942	5642.2075045108795
189	1.2	0.2	3993.0999	1851.2	5220.2905	804.7863	3382.147	1694.8102	5252.3716	674.86993	773.4286	651.8	945000	418.89294	157.34454	544.8542	-60.93086	418.8923	157.34732	545.02216	-46.885082	419.93567	156.98265	543.91583	-43.60878	-2.0418167	6.459745	91.93784	-17.866428	27.859058	27.753443	19.762693	5680.749428987503
190	1.2	0.2	3589.373	1676.2229	5277.894	516.659	4624.834	1481.5703	5371.087	805.1463	691.1429	866.4	950000	419.21533	157.5451	549.92126	-56.329636	419.21362	157.54845	543.73926	-54.01268	420.2843	157.18243	543.95123	-71.05654	-2.050308	6.5704923	119.24254	-17.208315	27.51235	27.822657	19.41006	5719.275027990341
191	1.2	0.2	3859.6575	1865.1228	5245.535	1065.4065	3850.4116	1714.9796	5271.6675	1101.1517	746.5	734.6	955000	419.6805	157.19073	545.84576	-63.64043	419.67856	157.19499	545.2523	-64.09212	420.7654	156.8153	543.9308	-53.598408	-2.0868573	6.5942717	74.18799	-17.074669	27.663868	27.7567	19.5284	5755.462048530579
192	1.2	0.2	4748.837	987.561	5235.129	2541.4893	4815.8315	1349.9503	5284.0747	766.09985	915.6667	914.5	960000	420.02264	157.01979	544.6148	-59.31899	420.02045	157.02306	545.7475	-67.65344	421.11667	156.64319	544.79517	-85.462814	-2.0377092	6.562791	88.70069	-17.49994	27.387815	27.536572	19.316107	5797.1062541008
193	1.2	0.2	4370.139	1115.7715	5188.099	2507.9668	4860.6304	1288.5114	5344.8613	996.1283	850.5	918.8	965000	421.06827	156.57173	545.6406	-47.7749	421.0684	156.57367	550.68115	-76.21744	422.1082	156.20537	546.1428	-62.864265	-2.1774385	6.443468	97.782906	-19.696383	27.24874	27.278822	19.101986	5837.183512210846
194	1.2	0.2	3879.7256	1821.1893	5190.9424	778.07697	4637.2686	1326.5789	5308.0723	1316.4016	752.0	877.8	970000	421.4118	156.78983	549.37756	-64.48703	421.40936	156.79541	546.248	-56.237442	422.45657	156.44383	546.04346	-50.98414	-1.9577357	6.4480357	84.81868	-17.348192	27.451689	27.477509	19.522491	5875.082657337189
195	1.2	0.2	5171.1567	31.736605	5210.9204	5126.754	4762.361	1141.7162	5414.9424	1654.9818	1000.0	885.2	975000	422.27454	156.65596	547.60956	-39.1137	422.27283	156.66046	548.0105	-52.69201	423.33044	156.30118	545.3426	-51.46397	-2.143992	6.4723496	76.74079	-16.78026	27.11549	27.145784	19.084091	5914.842575073242
196	1.2	0.2	5047.4326	288.6837	5271.605	4421.8887	5262.193	3.8103995	5267.359	5253.626	976.0	1000.0	980000	423.3611	156.8696	548.2619	-37.856064	423.3594	156.87404	546.4594	-36.68457	424.43307	156.51962	546.23346	-41.89565	-2.0431786	6.4426327	82.33285	-17.670927	27.223858	27.233358	19.17055	5958.812922000885
197	1.2	0.2	4820.7617	652.8238	5191.627	3516.9377	5013.626	670.4333	5260.9014	3002.837	940.0	957.1	985000	424.43143	156.88887	550.9989	-32.453682	424.42886	156.89597	546.74475	-40.463486	425.53137	156.52759	546.5036	-32.91935	-1.9735867	6.5126047	73.33221	-16.862507	26.761114	26.742304	18.93517	5998.678741455078
198	1.2	0.2	4499.553	1420.9125	5176.5933	1322.7216	1465.9336	775.779	3043.4343	612.7845	875.5	275.1	990000	425.87552	156.48967	555.35565	-41.543747	425.8739	156.49341	548.5336	-45.76514	426.94287	156.11275	547.8728	-56.57206	-2.1208844	6.4961934	85.02894	-18.186216	26.71449	27.028868	19.206768	6033.309329748154
199	1.2	0.2	5157.0107	33.89863	5187.5913	5103.5503	4661.222	872.9441	5188.441	2598.3257	1000.0	907.9	995000	426.68356	156.52135	548.32916	-34.090565	426.68253	156.52322	547.2422	-37.613358	427.73706	156.17616	549.0015	-60.91059	-2.0015907	6.499179	113.931206	-17.795021	27.275043	27.257126	19.090082	6074.104503631592
