Epoch	AverageEpRet	StdEpRet	MaxEpRet	MinEpRet	EpLen	AverageVVals	StdVVals	MaxVVals	MinVVals	TotalEnvInteracts	LossPi	LossV	DeltaLossPi	DeltaLossV	Entropy	KL	ClipFrac	StopIter	Time
0	0.15694632	0.049515393	0.31552348	0.068429075	13.873611	0.0083414065	0.6549317	2.2109106	-2.4414601	10000	1.3923645e-08	1.1639404	-0.061450373	-0.97742695	10.987884	0.015720086	0.1691	17.0	32.997045040130615
1	0.15656796	0.049237378	0.3196283	0.0705058	13.873611	0.7257851	0.26789626	1.7777479	0.043032378	20000	-4.5776368e-08	0.21525806	-0.020957286	-0.04709965	11.040834	0.020409433	0.2528	5.0	64.1283917427063
2	0.14734511	0.048581805	0.3400005	0.07319273	15.904459	0.7421687	0.2548256	1.7766935	0.06738353	30000	2.632141e-08	0.21261631	-0.018485786	-0.048492387	11.044191	0.021001043	0.3296	6.0	98.42165493965149
3	0.14757943	0.04672943	0.3009786	0.0667918	16.97619	0.76969755	0.27203327	1.9121476	0.12435767	40000	-1.9073487e-09	0.21526212	-0.020063493	-0.061236143	11.022977	0.017147204	0.2746	7.0	132.19961524009705
4	0.14251304	0.04112504	0.27464002	0.066132106	17.839285	0.8110791	0.29448187	1.8227521	-0.056959152	50000	1.6784668e-08	0.21969149	-0.021556983	-0.06866442	11.071294	0.018985111	0.2799	7.0	165.98708200454712
5	0.14343351	0.046064567	0.30287158	0.07131816	20.157576	0.81523556	0.3150551	1.8875666	-0.10817516	60000	4.196167e-08	0.25541407	-0.018017652	-0.09798734	11.027645	0.016873205	0.2657	7.0	199.85987210273743
6	0.13879572	0.043785788	0.3268463	0.07519328	22.571106	0.876884	0.34494674	2.1594672	-0.32416943	70000	3.0517577e-09	0.25288966	-0.021796007	-0.11372697	11.015928	0.017667243	0.2534	8.0	233.67955827713013
7	0.13746384	0.040074036	0.2911024	0.071299255	24.270073	0.92071414	0.3786161	2.6493797	-0.3129706	80000	1.1825562e-08	0.26869464	-0.085393995	-0.1357977	10.992097	0.0150790345	0.2664	45.0	270.81024527549744
8	0.13759704	0.042830393	0.33627608	0.07461955	24.608374	0.96315163	0.39924443	2.4683793	-0.2739562	90000	-1.5258789e-09	0.26585796	-0.020633934	-0.13949017	10.9826	0.017025497	0.2569	7.0	303.4892303943634
9	0.13669686	0.03962873	0.31217965	0.072423756	26.101828	0.9502888	0.42092636	2.5935142	-0.64460605	100000	-2.2888184e-08	0.2813084	-0.01878578	-0.14723429	10.989173	0.018577896	0.2353	7.0	336.99690651893616
10	0.14042495	0.03998841	0.32772538	0.0731943	26.018229	1.029233	0.44518447	2.4734607	-0.35738298	110000	-3.2806398e-08	0.30858862	-0.019587925	-0.1925343	10.963999	0.018005384	0.2281	7.0	370.2401373386383
11	0.1373184	0.03323613	0.2695326	0.0798287	27.775	1.0349113	0.473671	2.7832646	-0.60958195	120000	1.2111664e-08	0.32854	-0.09318835	-0.21668532	11.033901	0.015118919	0.3114	51.0	406.85243129730225
12	0.13684331	0.040716533	0.3120572	0.07432577	29.587538	1.0675104	0.49936262	2.955914	-0.44525394	130000	7.4386595e-09	0.294063	-0.09533907	-0.20140348	10.989686	0.015136372	0.3245	52.0	443.7301228046417
13	0.13643333	0.037995648	0.29757228	0.08037656	29.877245	1.0689604	0.50238675	3.2010348	-0.9121151	140000	-1.2207031e-08	0.28528664	-0.021517549	-0.19481412	10.982003	0.016759003	0.247	7.0	476.91136050224304
14	0.13490705	0.03573011	0.25638092	0.07420808	31.601265	1.0928671	0.5102152	3.0227919	-0.71810126	150000	-1.8692017e-08	0.28192985	-0.019723043	-0.20288402	10.945691	0.019631624	0.2626	6.0	510.7398500442505
15	0.1369296	0.038663797	0.32916963	0.07485724	32.42857	1.1432601	0.52242994	2.9479277	-1.0827358	160000	7.629395e-09	0.288455	-0.016508924	-0.2034193	11.012634	0.02048571	0.2277	6.0	543.3384366035461
16	0.13762964	0.035677027	0.28857994	0.084092	35.112675	1.1191571	0.5823782	3.2585266	-0.96390665	170000	9.155274e-09	0.34598964	-0.118743755	-0.26690242	10.993952	0.014607153	0.4509	99.0	584.0613803863525
17	0.13788876	0.0381498	0.29937384	0.08197085	35.41993	1.2288578	0.5906236	3.3421443	-0.83309114	180000	-1.9645691e-08	0.31344017	-0.099025555	-0.24566454	10.962927	0.015076668	0.3379	54.0	621.1982462406158
18	0.13550754	0.03301571	0.2533196	0.07629831	36.126812	1.208243	0.5944439	3.518507	-0.8481674	190000	1.0681152e-08	0.29597226	-0.10042801	-0.218617	10.9855795	0.015106708	0.3441	54.0	658.3963129520416
19	0.13308716	0.031675775	0.2824475	0.080810905	37.208954	1.2195119	0.56104016	3.3085978	-0.85692394	200000	0.0	0.28990573	-0.10162457	-0.23454098	10.940726	0.015306143	0.3532	55.0	695.7547497749329
20	0.13867192	0.033958264	0.30296826	0.08206199	36.224636	1.2320349	0.5970415	3.5035777	-0.66467446	210000	-1.449585e-08	0.30953565	-0.01902235	-0.24876326	10.939984	0.017903332	0.229	6.0	728.6533975601196
21	0.13968146	0.036953136	0.2905605	0.0766257	37.268658	1.243497	0.6301096	3.5971043	-1.4812268	220000	-1.0681152e-08	0.35545415	-0.10559839	-0.28006425	10.969392	0.0151667055	0.3811	64.0	767.4898171424866
22	0.13470586	0.031222327	0.2874558	0.06904464	39.65873	1.2865522	0.62462455	3.530489	-0.8025613	230000	-3.5095216e-08	0.34157056	-0.100920424	-0.28459483	10.927469	0.015144907	0.3537	55.0	804.676017999649
23	0.1381209	0.03489494	0.29083887	0.08939249	39.653385	1.3142748	0.64260685	3.6014557	-1.0042508	240000	-1.9073486e-08	0.3229653	-0.096300885	-0.24661487	10.965196	0.015201233	0.3298	46.0	840.9616310596466
24	0.14203519	0.03692468	0.34485313	0.08899605	37.145523	1.3084147	0.65994495	3.5426693	-0.9909781	250000	3.5095216e-08	0.36255097	-0.022336962	-0.31558755	10.915128	0.016473217	0.2173	7.0	873.4180767536163
25	0.13587146	0.02790882	0.3066261	0.08342561	40.201614	1.2981303	0.6574143	3.5216067	-1.2518469	260000	2.4414062e-08	0.34010553	-0.089858636	-0.28695804	10.923714	0.0153655	0.3066	41.0	908.6039640903473
26	0.1431003	0.0380509	0.30500394	0.07972004	38.98828	1.3868606	0.6469455	3.834179	-1.0869803	270000	-1.6403199e-08	0.3575644	-0.109843634	-0.2651952	10.879934	0.015150897	0.4029	70.0	947.1871247291565
27	0.14245075	0.03162664	0.2711832	0.08876556	40.245968	1.3065145	0.70252097	4.0560646	-0.96680856	280000	4.348755e-08	0.40234056	-0.022376224	-0.3356374	10.898572	0.014923368	0.2114	7.0	980.9269623756409
28	0.13889387	0.029848894	0.27085698	0.08624248	40.30645	1.4054304	0.6886646	3.9596143	-1.0372689	290000	4.9591065e-09	0.4029678	-0.11173897	-0.35455018	10.90666	0.015198115	0.4087	77.0	1019.7478878498077
29	0.13991904	0.030340185	0.24803762	0.087182246	42.177216	1.3819491	0.6854458	3.7995734	-1.2062804	300000	-1.2588501e-08	0.37127197	-0.02196182	-0.3235696	10.874281	0.014182	0.2385	7.0	1052.3577511310577
30	0.14474177	0.03349428	0.26943544	0.08339953	42.334747	1.421835	0.7163752	3.8894706	-1.0410644	310000	3.5095216e-08	0.3823873	-0.092246115	-0.34049982	10.909132	0.015296701	0.3199	45.0	1088.9127824306488
31	0.14284727	0.03431086	0.27325538	0.08161519	42.241524	1.4011484	0.7188198	3.9542801	-1.1124735	320000	-2.4414062e-08	0.3703834	-0.09353134	-0.28669846	10.805528	0.015089058	0.3245	46.0	1125.5172610282898
32	0.14357872	0.03363991	0.27745923	0.09690414	44.092922	1.4090127	0.71942	4.391456	-0.98960316	330000	-1.6784668e-08	0.40675616	-0.02212429	-0.36895132	10.849695	0.0163918	0.2233	7.0	1158.306518316269
33	0.14230682	0.03078487	0.28437415	0.08742186	44.52232	1.4335189	0.72981447	4.3086176	-1.1934602	340000	6.1035155e-09	0.37372097	-0.105799265	-0.32001132	10.914916	0.015094843	0.3833	63.0	1195.7435472011566
34	0.14059573	0.029273313	0.29355615	0.0922512	44.774776	1.4750012	0.67924714	3.9928567	-0.87185764	350000	3.051758e-08	0.37075454	-0.090986416	-0.3375336	10.88838	0.015263247	0.3163	43.0	1232.2660419940948
35	0.14337872	0.029336357	0.24055843	0.09059924	43.285713	1.4779844	0.75675607	4.299409	-1.4601226	360000	-3.3187867e-08	0.37476844	-0.10951777	-0.3376352	10.837595	0.015158825	0.3999	69.0	1269.462914943695
36	0.14354257	0.026383916	0.20567758	0.09162266	45.29091	1.4580402	0.7592649	3.9932735	-1.8264391	370000	-2.8800965e-08	0.41140336	-0.024135381	-0.35568133	10.811694	0.0148354275	0.189	8.0	1303.8603570461273
37	0.1413089	0.029911323	0.24195148	0.08733324	47.660286	1.4910324	0.7405443	4.1887355	-1.0012845	380000	1.525879e-08	0.38457966	-0.021873558	-0.3559531	10.829897	0.017478213	0.2211	7.0	1336.7348704338074
38	0.14967245	0.03694301	0.31964713	0.09226703	44.34667	1.5291297	0.7653493	4.4249625	-1.1444156	390000	-4.0817262e-08	0.40323755	-0.09549336	-0.3704861	10.853575	0.015151629	0.3447	49.0	1373.3849880695343
39	0.14631754	0.031145632	0.2809547	0.091389336	45.720184	1.5103644	0.7693768	4.801133	-0.91154563	400000	4.043579e-08	0.43345195	-0.021977402	-0.27877122	10.849976	0.01658877	0.2293	7.0	1406.6939668655396
40	0.14479679	0.035447747	0.30998465	0.09406015	48.072117	1.5010941	0.7956936	4.300805	-1.0532303	410000	-2.1743775e-08	0.49050626	-0.07019164	-0.46023613	10.819778	0.015274162	0.2144	27.0	1441.4841568470001
41	0.14793935	0.027562398	0.2450223	0.09847566	45.72477	1.5553058	0.73393756	4.281349	-1.0662029	420000	1.6784668e-08	0.39809743	-0.102047324	-0.3713661	10.845542	0.015299847	0.357	58.0	1479.2588987350464
42	0.14515698	0.031342	0.2858387	0.0888835	45.272728	1.5316976	0.8075348	4.6797013	-1.2434235	430000	2.746582e-08	0.39765012	-0.09156585	-0.34460822	10.837626	0.015157204	0.3163	44.0	1516.665721654892
43	0.15011549	0.035359032	0.33978608	0.085452646	47.203793	1.5064532	0.8080549	4.5015097	-1.6767609	440000	8.392334e-09	0.44541836	-0.09781493	-0.3945651	10.852404	0.015189436	0.3448	52.0	1554.5777881145477
44	0.1447438	0.028674647	0.24014498	0.09429872	48.188404	1.5949116	0.7811664	4.357656	-1.351706	450000	1.525879e-08	0.42786705	-0.11052971	-0.4017378	10.836468	0.015113112	0.4042	74.0	1593.5712163448334
45	0.14751437	0.031879243	0.25818634	0.0894353	49.29703	1.5463179	0.8051905	4.640413	-1.0141723	460000	2.1648408e-08	0.4123318	-0.104901485	-0.06628302	10.796956	0.015153113	0.3781	61.0	1631.0956478118896
46	0.1512161	0.031386107	0.31788072	0.09137798	47.27962	1.6508217	0.95727366	4.7338295	-1.0761569	470000	-3.223419e-08	0.78029376	-0.1035952	-0.752174	10.765191	0.015390308	0.3638	55.0	1667.6356344223022
47	0.1516985	0.031746205	0.2821368	0.09986752	46.490654	1.5676092	0.81998634	4.668043	-1.1787382	480000	-3.967285e-08	0.47366285	-0.09576219	-0.43907323	10.78174	0.015266667	0.335	51.0	1703.7873389720917
48	0.15380895	0.037336048	0.30315235	0.096108116	47.06132	1.5739832	0.80841774	4.7335577	-1.4401494	490000	-6.1035155e-09	0.44304863	-0.02153247	-0.4033707	10.744192	0.015399001	0.2186	7.0	1738.021992444992
49	0.15028195	0.032300554	0.25547066	0.09656371	50.38889	1.5982581	0.8135384	4.322131	-1.0862777	500000	9.155274e-09	0.4439669	-0.02066808	-0.40723258	10.717881	0.017206194	0.2082	7.0	1771.207626581192
50	0.15416753	0.036921166	0.3191523	0.09206696	49.402985	1.6353685	0.81997854	4.527139	-1.5793891	510000	-1.2207031e-08	0.44062158	-0.09423989	-0.4204524	10.74209	0.015194749	0.3231	48.0	1808.504236459732
51	0.15306592	0.033058677	0.26019478	0.09677854	48.682926	1.6554863	0.8319238	5.3287454	-1.2761445	520000	-2.2888184e-08	0.43906307	-0.084072694	-0.41355157	10.744713	0.015102468	0.3004	38.0	1843.4694919586182
52	0.15400448	0.03248281	0.24514867	0.09802786	50.07035	1.6404381	0.8792857	4.749621	-1.9532212	530000	2.2888184e-08	0.4609088	-0.10095725	-0.41313174	10.702671	0.01519996	0.3611	56.0	1880.4404726028442
53	0.15607296	0.031914826	0.2511559	0.10077235	50.414143	1.7011242	0.82354915	4.4535484	-2.227229	540000	-4.577637e-09	0.46682948	-0.022323878	-0.44005126	10.7386055	0.015887143	0.2335	7.0	1912.7368650436401
54	0.15236728	0.030988336	0.28191206	0.097150445	53.902702	1.667203	0.8424384	4.78798	-1.4528135	550000	3.7574768e-08	0.48999652	-0.017632877	-0.4677235	10.72686	0.018809695	0.2389	6.0	1946.1171202659607
55	0.15501903	0.03127262	0.2676185	0.10559818	51.427834	1.7245666	0.8839405	5.2958417	-1.672339	560000	-5.4359437e-09	0.47878984	-0.09140935	-0.4089216	10.767246	0.015123348	0.3223	47.0	1982.546641588211
56	0.1581363	0.034053516	0.3035006	0.08861823	51.241024	1.7207013	0.8940927	5.155389	-1.337014	570000	3.3569336e-08	0.53655773	-0.09004583	-0.5113122	10.724955	0.015165549	0.3078	43.0	2019.2015886306763
57	0.15870921	0.034576774	0.27756447	0.100465365	52.240837	1.7002357	0.9340078	5.026952	-1.5238308	580000	-4.196167e-08	0.5126664	-0.01796353	-0.44006503	10.706395	0.016843945	0.229	6.0	2052.0819330215454
58	0.15799983	0.034463547	0.28297582	0.09643026	52.041668	1.7977827	0.8964826	5.706792	-1.7050731	590000	-1.6403199e-08	0.53708994	-0.08527596	-0.5179497	10.718827	0.01509547	0.284	40.0	2088.0858385562897
59	0.15816021	0.030689225	0.30550638	0.102070644	49.65174	1.7412648	0.89414483	5.1563535	-1.3301464	600000	-4.043579e-08	0.4781001	-0.095194295	-0.4514474	10.704454	0.015181322	0.3324	51.0	2125.2696344852448
60	0.15384959	0.030986706	0.25500038	0.09829976	55.99438	1.7243059	0.88434803	5.0082603	-1.5430031	610000	1.6784668e-08	0.4880752	-0.10541431	-0.46226543	10.702506	0.01515611	0.3835	66.0	2163.537079334259
61	0.15747797	0.033353202	0.3060991	0.10616195	52.19895	1.7738092	0.8781453	5.208471	-1.1360828	620000	3.967285e-08	0.5130291	-0.019140098	-0.48171392	10.69193	0.017137727	0.2491	6.0	2196.7823779582977
62	0.16125649	0.029241543	0.24758136	0.09718823	48.97549	1.7732083	0.92650783	4.872725	-1.2000763	630000	6.866455e-09	0.48067895	-0.07770777	-0.46182826	10.673297	0.015181671	0.2657	33.0	2231.501670360565
63	0.15810047	0.030597921	0.2857454	0.09923104	51.796875	1.7602688	0.9205027	4.949578	-1.4226758	640000	1.1444092e-08	0.45953965	-0.090756476	-0.41692832	10.660557	0.015262164	0.3229	44.0	2267.255620956421
64	0.16200922	0.03279454	0.28506696	0.104918994	54.244564	1.7615154	0.9352699	4.668356	-1.6326244	650000	-1.2207031e-08	0.52112913	-0.10020504	-0.48896408	10.702621	0.015267881	0.356	57.0	2304.7793142795563
65	0.1638034	0.036515612	0.34831527	0.10590943	51.989582	1.8349217	0.9325589	5.5001936	-1.4703803	660000	1.0681152e-08	0.53710157	-0.08893686	-0.5085251	10.641051	0.015344259	0.3072	43.0	2340.6067204475403
66	0.15893076	0.032125033	0.2824714	0.0949892	54.675823	1.8231027	0.91224056	4.964485	-0.9550849	670000	-3.6621095e-08	0.505088	-0.1014586	-0.4756828	10.659536	0.015160644	0.3687	57.0	2377.93568110466
67	0.16292901	0.036235873	0.29913265	0.10889172	54.431694	1.8416497	0.9603313	5.1402416	-1.3806127	680000	-1.9454957e-08	0.5303545	-0.093059756	-0.47900292	10.666003	0.0152571285	0.3154	48.0	2414.6814348697662
68	0.16363332	0.036295302	0.30911726	0.0990729	54.57377	1.845344	0.96784407	5.4411063	-1.1558821	690000	-2.746582e-08	0.5512878	-0.084345326	-0.53015554	10.629379	0.01519476	0.2927	38.0	2449.915765285492
69	0.15749471	0.028414909	0.2554081	0.105952166	55.466667	1.8282095	0.9369422	5.1069937	-1.637612	700000	5.9890745e-08	0.5177654	-0.09977091	-0.48919576	10.636495	0.015372491	0.3519	56.0	2486.7530720233917
70	0.16033417	0.030656237	0.27189052	0.0934582	54.62295	1.8552097	0.9443762	5.16973	-1.3944452	710000	2.5177002e-08	0.50826544	-0.07892433	-0.48810583	10.625246	0.015513776	0.2643	33.0	2522.504317522049
71	0.16880889	0.034978263	0.268247	0.106634095	52.342106	1.8452582	0.9716024	5.050313	-1.7731249	720000	-1.2207031e-08	0.5531961	-0.09164183	-0.52076995	10.6131735	0.0151618915	0.3218	46.0	2558.268349647522
72	0.16289736	0.033553276	0.29178706	0.111773565	54.32787	1.8482314	0.93641734	5.070674	-1.1186466	730000	-1.8310548e-08	0.5501651	-0.09188931	-0.5301277	10.630339	0.01512967	0.321	46.0	2594.914470434189
73	0.16336435	0.030540993	0.2544292	0.10589426	54.437157	1.8557615	0.9728798	5.601493	-1.15833	740000	-1.449585e-08	0.5534178	-0.084913805	-0.5219524	10.584975	0.015246291	0.2915	39.0	2631.6874096393585
74	0.1624632	0.02995644	0.2580165	0.09779325	57.045715	1.9095047	0.96054256	5.4253607	-1.2487288	750000	-7.6293943e-10	0.55734843	-0.017422928	-0.54233927	10.605228	0.016965415	0.2253	6.0	2665.1052947044373
75	0.16411652	0.035177935	0.3284663	0.10679179	54.260868	1.8770278	0.9986228	5.5130463	-2.2545254	760000	4.8828124e-08	0.55166125	-0.10687257	-0.5388119	10.601517	0.015181375	0.3987	68.0	2703.404849290848
76	0.16275556	0.031768695	0.26933846	0.1083433	54.945053	1.8352219	0.9585177	5.082582	-1.5943695	770000	3.4332275e-09	0.5497576	-0.11003683	-0.5360312	10.58884	0.015178167	0.4035	75.0	2742.212788581848
77	0.16982262	0.033179753	0.26774308	0.102463916	54.74033	1.8696154	0.9657649	5.5449414	-1.379612	780000	-1.8310548e-08	0.62237	-0.09995958	-0.6074795	10.592659	0.015167889	0.3464	57.0	2780.4144492149353
78	0.16284095	0.033372633	0.28407228	0.10584345	55.466667	1.9674162	0.98254764	5.4104066	-1.6114197	790000	3.6621095e-08	0.57272345	-0.0942934	-0.4735752	10.537056	0.0152439205	0.3477	49.0	2818.5097908973694
79	0.16846186	0.03682944	0.3078729	0.10287574	54.692307	1.9420408	1.0199641	5.39242	-1.3249811	800000	2.2888185e-09	0.65031224	-0.093682446	-0.63645446	10.534802	0.015275461	0.3255	46.0	2854.313878297806
80	0.16556501	0.035610773	0.294842	0.096727505	56.457626	1.8824965	0.96630573	5.0424514	-1.6078743	810000	4.577637e-09	0.5446001	-0.092768475	-0.5181978	10.562874	0.015287469	0.3257	47.0	2890.2989509105682
81	0.16863815	0.03338104	0.25347134	0.110220686	58.087208	1.9628692	0.95790184	5.5806446	-1.1117811	820000	4.1627885e-08	0.6079328	-0.021480238	-0.592805	10.527769	0.0149895735	0.2063	7.0	2924.0536484718323
82	0.17274444	0.035912316	0.28411695	0.10901468	54.222828	1.9484471	1.020849	6.2060127	-1.4690533	830000	-1.9645691e-08	0.6049393	-0.08925699	-0.58843225	10.5493965	0.015296869	0.315	45.0	2960.672194004059
83	0.16583472	0.030878505	0.26586822	0.10361224	54.409836	1.9586368	1.0357314	5.9820023	-2.1496472	840000	-2.822876e-08	0.5894526	-0.021971243	-0.57867616	10.498102	0.015664924	0.1996	7.0	2994.9512972831726
84	0.16861054	0.03383598	0.26367646	0.1069606	54.53552	1.8968558	0.99220645	5.4195194	-1.2639334	850000	2.746582e-08	0.5712908	-0.09588331	-0.55911	10.5519	0.0152843585	0.3395	51.0	3033.1253287792206
85	0.17344117	0.03694437	0.29830903	0.11075498	54.81768	1.9627414	1.0539131	5.575202	-2.072541	860000	-1.9836426e-08	0.60916555	-0.0936116	-0.5960288	10.483474	0.015026279	0.3262	48.0	3069.8351032733917
86	0.16409674	0.031593848	0.25688687	0.09711329	58.970413	1.9579588	1.0260651	5.4259915	-1.5336552	870000	3.3569336e-08	0.6072785	-0.01974579	-0.49294668	10.498962	0.018843874	0.271	6.0	3103.589529275894
87	0.16598463	0.03121604	0.32322308	0.10644868	58.517647	1.9158155	1.0458257	5.5148277	-1.4339157	880000	-2.4604798e-08	0.6933332	-0.09297501	-0.6814109	10.527147	0.01517265	0.3273	47.0	3139.681269645691
88	0.17309012	0.034710176	0.28556547	0.11149568	56.40678	1.9992225	0.99360836	5.6599126	-1.8037016	890000	-2.2506715e-08	0.59334326	-0.07574243	-0.56215787	10.514465	0.015262834	0.2688	32.0	3174.9593765735626
89	0.17178391	0.032728035	0.29510722	0.105385795	54.557377	1.9958863	1.0325025	5.826093	-1.4060255	900000	-7.6293943e-10	0.62102985	-0.07831726	-0.60919195	10.494493	0.015261064	0.2733	34.0	3210.589610815048
90	0.17394331	0.036942713	0.3043519	0.11537666	54.835163	2.0269816	0.98259026	5.8513713	-0.9874312	910000	-1.1062622e-08	0.5944561	-0.018087775	-0.57748276	10.485938	0.016190117	0.1995	6.0	3243.9576613903046
91	0.17366491	0.032912444	0.29842398	0.1075876	55.19337	1.9697281	1.0469382	5.5248346	-1.2980285	920000	3.051758e-08	0.6384248	-0.09158167	-0.62443227	10.481514	0.015172256	0.3178	47.0	3279.9044094085693
92	0.17585228	0.038875412	0.3076125	0.103985995	53.83243	2.0024166	1.0425825	5.863125	-1.5753987	930000	1.6784668e-08	0.635654	-0.09953302	-0.61690384	10.460499	0.015077159	0.3626	58.0	3317.3253672122955
93	0.17258108	0.03580959	0.32799232	0.10762363	58.764706	1.9976975	1.0723343	5.63741	-1.3670572	940000	-1.2207031e-08	0.62185717	-0.01925484	-0.6046033	10.471537	0.016307337	0.2636	6.0	3351.25927233696
94	0.16792859	0.03126657	0.30257326	0.1024622	58.02339	2.0164952	1.0196508	5.59764	-1.1926836	950000	4.577637e-09	0.58941704	-0.08958764	-0.5413972	10.457859	0.015116988	0.3118	44.0	3388.0542743206024
95	0.17208637	0.037323445	0.3304161	0.103329614	55.03315	2.0033238	1.0319492	5.8165026	-1.9460382	960000	-4.577637e-09	0.68615276	-0.020283192	-0.6723733	10.4681	0.014629552	0.1832	7.0	3421.0847816467285
96	0.17345154	0.03445666	0.26847994	0.11240037	58.327484	1.955493	1.0245907	5.435609	-1.3253257	970000	2.89917e-08	0.63786507	-0.01797726	-0.62157613	10.46487	0.017760972	0.2157	6.0	3454.50643324852
97	0.17113025	0.03434915	0.28385022	0.10712538	57.46243	2.0251255	1.0457932	6.2066603	-1.686318	980000	2.4223327e-08	0.61918503	-0.08461119	-0.6044625	10.435633	0.01535054	0.2921	40.0	3491.016179561615
98	0.17527236	0.03261295	0.26960298	0.11516776	57.739883	1.9968928	1.036057	5.5439897	-1.9460719	990000	-2.2125244e-08	0.64548624	-0.018214045	-0.6316681	10.458531	0.016299708	0.2223	6.0	3525.16255235672
99	0.18024428	0.039211888	0.29424056	0.1178537	55.698322	2.1053684	1.0684868	5.8213224	-1.5318928	1000000	-3.0517577e-09	0.60944146	-0.020776393	-0.5071503	10.416875	0.014748542	0.2082	7.0	3558.216944217682
100	0.1718403	0.03594065	0.31052592	0.1125791	58.27647	2.02229	1.1128079	5.9292836	-1.2800525	1010000	-4.8828124e-08	0.70989245	-0.08098305	-0.69429356	10.450846	0.015182271	0.2765	37.0	3594.1794817447662
101	0.1778074	0.036991987	0.30293992	0.109067746	58.09884	2.052561	1.0137413	6.8349347	-1.7070316	1020000	5.1879884e-08	0.626945	-0.08411732	-0.60147667	10.436121	0.015336316	0.2879	40.0	3630.2045180797577
102	0.17336555	0.031664804	0.3225969	0.11311953	57.803467	2.0694723	1.0748588	5.7849717	-1.4860486	1030000	-7.629395e-09	0.6139733	-0.0703461	-0.59745324	10.415439	0.015262283	0.235	29.0	3665.344027042389
103	0.17253315	0.031437326	0.27561116	0.10745218	60.036144	2.018889	1.086513	6.0712323	-1.9585447	1040000	0.0	0.61872965	-0.07315076	-0.60682636	10.436305	0.01544461	0.2463	31.0	3700.8910603523254
104	0.17966849	0.03811784	0.33836132	0.10753492	58.794117	2.0539272	1.0855695	5.847364	-1.7615194	1050000	-1.6784668e-08	0.6353786	-0.076987326	-0.620509	10.440691	0.01530502	0.2628	34.0	3736.1934852600098
105	0.17336756	0.03638789	0.33779657	0.10629568	56.101124	2.077524	1.0914024	6.0409904	-1.7094183	1060000	-2.632141e-08	0.6259043	-0.08042657	-0.6128469	10.418694	0.015117939	0.2794	35.0	3772.685764312744
106	0.17398475	0.035124447	0.31845748	0.11312059	59.520958	2.0057836	1.0193856	6.731259	-1.7199926	1070000	3.7384034e-08	0.61829215	-0.09632224	-0.5964642	10.405406	0.0152627565	0.3299	54.0	3809.4519424438477
107	0.17675655	0.033094708	0.29317227	0.11119771	57.41379	2.0728815	1.1076425	6.116521	-2.067936	1080000	-7.6293943e-10	0.6006383	-0.02304504	-0.58641744	10.3755865	0.014545084	0.1944	8.0	3842.8312137126923
108	0.17984404	0.036357548	0.29751697	0.10217342	55.67039	2.077339	1.0889858	5.8387027	-1.7065227	1090000	3.8146972e-08	0.61327034	-0.08054905	-0.5370555	10.410428	0.015170059	0.2726	37.0	3878.2609028816223
109	0.17777395	0.034505036	0.30028817	0.1138597	56.88	2.064712	1.1062487	5.9977794	-1.5404727	1100000	4.5776368e-08	0.7237492	-0.07341848	-0.70780003	10.4078455	0.015031274	0.2451	31.0	3914.3882234096527
110	0.17467467	0.030188642	0.28017986	0.117533125	57.860466	2.039236	1.0732529	5.87689	-1.232747	1110000	-3.051758e-08	0.58683354	-0.09648565	-0.554147	10.385679	0.015267299	0.3486	55.0	3951.89288520813
111	0.17713329	0.036223512	0.3179334	0.110628426	58.623528	2.0737789	1.0828216	7.4485407	-1.5025433	1120000	5.722046e-09	0.6821213	-0.091111176	-0.6663873	10.367716	0.015148859	0.3182	48.0	3988.2096617221832
112	0.17903732	0.03649905	0.2845992	0.11095066	59.706585	2.1479347	1.0991596	5.8247066	-1.3440509	1130000	6.1035155e-09	0.6824958	-0.08181536	-0.66516376	10.38108	0.015342361	0.2823	38.0	4024.1487522125244
113	0.17680782	0.037174717	0.31392604	0.109028354	58.380116	2.0869567	1.1316649	5.7827644	-1.8975607	1140000	-6.1035155e-09	0.65560573	-0.02146895	-0.6053228	10.436841	0.01575364	0.2223	7.0	4056.9104945659637
114	0.18222311	0.03703134	0.2810669	0.11346524	59.568863	2.1122093	1.1275811	6.023356	-1.7703208	1150000	-4.119873e-08	0.7431628	-0.0758403	-0.7285535	10.3236065	0.015641226	0.2686	34.0	4091.594609975815
115	0.17766255	0.035821706	0.29573017	0.112492934	55.5	2.1137154	1.1148157	6.276585	-1.777675	1160000	6.1035155e-09	0.6941172	-0.09286656	-0.67420906	10.400954	0.015065544	0.3284	49.0	4128.597563266754
116	0.17758232	0.03515302	0.28253484	0.1154426	57.953487	2.0509722	1.1070585	6.4172916	-1.5580499	1170000	1.1444092e-09	0.65706056	-0.0860797	-0.64402604	10.398234	0.015330336	0.2884	43.0	4164.755376338959
117	0.17870124	0.037769444	0.31324086	0.11049932	58.187134	2.1317568	1.0948234	6.2116613	-1.6715107	1180000	3.1280518e-08	0.7216777	-0.08620542	-0.7045461	10.372584	0.015085214	0.3091	42.0	4200.999350786209
118	0.18277806	0.038323727	0.30539608	0.11646476	56.36932	2.0905993	1.1392266	6.455378	-1.6095676	1190000	2.9373169e-08	0.6740966	-0.0929	-0.6590383	10.344784	0.015194908	0.3225	50.0	4237.4233984947205
119	0.18097147	0.034249652	0.27867272	0.12197806	59.574852	2.1019218	1.1230628	6.3303757	-1.7115691	1200000	5.1879884e-08	0.64490163	-0.09391912	-0.6265065	10.379665	0.015161909	0.3352	50.0	4273.8768746852875
120	0.18169186	0.035793185	0.30490765	0.12333188	59.83832	2.1827257	1.0822164	6.327803	-1.7258792	1210000	1.525879e-08	0.69491905	-0.1032944	-0.6713489	10.353311	0.015156342	0.366	66.0	4313.327492237091
121	0.17526598	0.031687126	0.29825133	0.114764415	61.913044	2.070029	1.1285542	6.1166654	-1.8241254	1220000	1.2207031e-08	0.6789739	-0.07985038	-0.6569825	10.303839	0.015125205	0.2723	36.0	4348.377649068832
122	0.1765198	0.035021067	0.2826755	0.111058794	60.969326	2.1356971	1.1023871	6.0962677	-2.1598997	1230000	-2.89917e-08	0.66326505	-0.07576432	-0.6434991	10.31579	0.0152330445	0.2696	32.0	4384.823925256729
123	0.18383019	0.038094223	0.32263702	0.11547628	59.04142	2.1909034	1.1462355	6.0004196	-2.4431484	1240000	1.9836426e-08	0.68498117	-0.10285178	-0.6697691	10.32859	0.015184751	0.3762	64.0	4421.318264722824
124	0.18669163	0.03933316	0.32350844	0.11404431	56.85143	2.1244657	1.1544291	6.103333	-1.6291102	1250000	1.8310548e-08	0.6499652	-0.09287009	-0.63223225	10.270812	0.015292804	0.3308	50.0	4458.161961317062
125	0.18191747	0.037747405	0.3204924	0.120873764	60.30909	2.211031	1.1573796	6.1018524	-1.2938809	1260000	1.7929077e-08	0.6856302	-0.10076587	-0.66830385	10.3217535	0.015242496	0.3549	61.0	4495.725581169128
126	0.1829007	0.038035262	0.31647903	0.11767538	60.41212	2.1216989	1.1178243	5.9292088	-2.2561631	1270000	-3.0517577e-09	0.6889081	-0.078419864	-0.6723263	10.30725	0.01567681	0.2793	33.0	4529.8381559848785
127	0.18607615	0.0409179	0.3356959	0.118988745	55.233334	2.202575	1.1369764	6.0642214	-2.9018366	1280000	-7.247925e-09	0.6719448	-0.022455696	-0.6515066	10.313797	0.016276358	0.2207	7.0	4562.807489871979
128	0.18308148	0.0337568	0.29851297	0.12777728	59.592815	2.102627	1.1490574	6.099418	-1.677687	1290000	4.043579e-08	0.65813	-0.017585574	-0.64051366	10.233448	0.01833719	0.2296	6.0	4595.76318192482
129	0.18864185	0.03783791	0.32090983	0.11936334	58.444443	2.1869702	1.1422073	5.824955	-2.1624618	1300000	1.373291e-08	0.69542164	-0.069996074	-0.67600703	10.250898	0.015489958	0.245	28.0	4631.123233318329
130	0.18717627	0.03472939	0.2705569	0.117281705	59.52381	2.248909	1.1856616	6.457268	-1.6912055	1310000	2.0599366e-08	0.6904294	-0.07999872	-0.6677116	10.252831	0.015133994	0.2747	36.0	4666.831826448441
131	0.18727112	0.037862003	0.29201165	0.11505672	60.756096	2.242814	1.1745244	6.498618	-2.306406	1320000	-2.2315978e-08	0.704704	-0.0953547	-0.68814915	10.293165	0.015144059	0.337	54.0	4704.7954778671265
132	0.18799569	0.037004746	0.31396198	0.113537125	57.86628	2.1945536	1.1314542	6.0312138	-1.6872791	1330000	6.1035155e-09	0.68800575	-0.0889929	-0.6699063	10.239238	0.015177339	0.3098	45.0	4739.979056119919
133	0.17679203	0.033082798	0.27932924	0.10535872	59.766468	2.2038565	1.1699742	6.7658186	-1.4383446	1340000	1.6784668e-08	0.68127424	-0.068929985	-0.6654342	10.242618	0.015255359	0.2361	27.0	4775.366994142532
134	0.18286677	0.035944615	0.3047347	0.108549245	60.150604	2.1415253	1.1049669	6.079464	-2.3947062	1350000	-5.340576e-09	0.74207383	-0.07856352	-0.71471477	10.252602	0.015418456	0.281	35.0	4811.495091199875
135	0.18398249	0.035913967	0.29208767	0.11310393	58.081394	2.224884	1.2056028	7.243337	-1.5269434	1360000	1.373291e-08	0.78946006	-0.091704205	-0.7718034	10.250825	0.015333995	0.3194	50.0	4848.674173116684
136	0.18815342	0.038633678	0.37297252	0.1280033	59.826347	2.1554608	1.1295886	5.949353	-1.4826387	1370000	-1.5258789e-09	0.69555616	-0.069380686	-0.678642	10.253889	0.015406714	0.2314	28.0	4883.894312143326
137	0.18820511	0.037948273	0.32579324	0.11473345	59.410713	2.2173603	1.1486793	6.486034	-1.5726686	1380000	1.7547608e-08	0.7062158	-0.016718196	-0.67631954	10.215058	0.017074695	0.1935	6.0	4918.0340921878815
138	0.19485846	0.039142985	0.2930884	0.1281082	58.664707	2.2160223	1.189688	6.053537	-2.0645435	1390000	2.0217895e-08	0.77242434	-0.07685579	-0.7461947	10.243922	0.015067702	0.2756	34.0	4952.20836687088
139	0.1917577	0.040029515	0.31782284	0.109680094	57.936047	2.3951464	1.1738513	6.313129	-1.8132801	1400000	-2.1362304e-08	0.7516918	-0.018522728	-0.72998655	10.256518	0.016001837	0.2314	6.0	4985.818474054337
140	0.18842092	0.034491166	0.29171252	0.1103703	59.82036	2.1502385	1.1945214	6.137203	-2.159124	1410000	1.2016296e-08	0.7314516	-0.016888825	-0.6948317	10.170113	0.015839703	0.204	6.0	5019.0850665569305
141	0.1957442	0.040774263	0.33643183	0.118833475	59.85629	2.2634983	1.1884702	6.62598	-1.6689065	1420000	2.9754638e-08	0.7882732	-0.073311076	-0.76415044	10.195038	0.015185405	0.2526	31.0	5054.701571702957
142	0.1934267	0.036318194	0.32972142	0.12591071	58.327484	2.3327386	1.2393261	7.0263667	-1.514782	1430000	-1.1444092e-08	0.78650403	-0.07496032	-0.7656925	10.188972	0.015231281	0.2544	33.0	5090.340436697006
143	0.19263498	0.03602089	0.28791323	0.12712927	59.142014	2.2424188	1.2217733	6.5173206	-2.385505	1440000	9.155274e-09	0.73888016	-0.07227469	-0.71401334	10.267369	0.015582273	0.2492	30.0	5125.5573387146
144	0.19420628	0.04529664	0.39817733	0.12080627	61.34356	2.2917008	1.2336427	6.461715	-1.709141	1450000	-6.1035155e-09	0.78202283	-0.08646583	-0.760332	10.139449	0.015271899	0.3048	43.0	5161.728378534317
145	0.18989025	0.038396683	0.32121998	0.13184527	63.151897	2.3434613	1.1700174	6.647941	-1.3790327	1460000	4.5776368e-08	0.75298077	-0.068685174	-0.7303421	10.207617	0.015587998	0.2291	28.0	5196.90397644043
146	0.19325362	0.038950875	0.34093434	0.11603953	61.288345	2.2895296	1.2181027	7.073873	-2.068306	1470000	-9.536743e-09	0.7442247	-0.07689433	-0.71469355	10.197112	0.015255694	0.2688	33.0	5231.861640453339
147	0.19356975	0.04190118	0.38995555	0.12775035	58.74706	2.269401	1.1853037	6.9909472	-1.5245154	1480000	-1.6784668e-08	0.7663868	-0.07695931	-0.7339219	10.209328	0.015451529	0.2766	34.0	5267.33974647522
148	0.18781494	0.035168283	0.31770197	0.1269239	61.84472	2.2532344	1.1928918	6.1146083	-2.09409	1490000	2.5939942e-08	0.7344623	-0.09728748	-0.7125878	10.187874	0.01511612	0.3435	56.0	5304.807708501816
149	0.19860642	0.04014882	0.30611426	0.1301256	59.035503	2.301521	1.2155141	6.5179315	-2.3826363	1500000	3.8909914e-08	0.73604363	-0.08289028	-0.71306396	10.180071	0.015388969	0.2813	40.0	5341.13652920723
150	0.19974451	0.038690712	0.34164712	0.13097483	60.515152	2.3195965	1.2316302	6.479367	-1.7884206	1510000	1.5258789e-09	0.70268077	-0.0916926	-0.6526339	10.192847	0.015126489	0.3252	48.0	5377.770601511002
151	0.1932101	0.03846024	0.3081147	0.11647773	59.357143	2.38226	1.1940726	6.709037	-1.3376203	1520000	-9.727478e-09	0.75411433	-0.08215664	-0.73041517	10.123584	0.015289728	0.2896	39.0	5413.477959394455
152	0.19255559	0.03543985	0.29343835	0.1251349	58.438595	2.3044245	1.2558428	6.109214	-1.7137737	1530000	5.722046e-10	0.7209005	-0.082288414	-0.6929152	10.112131	0.015205658	0.2837	38.0	5450.176621437073
153	0.19432849	0.03763209	0.30841687	0.10621442	59.112427	2.2892795	1.2485389	7.1662016	-1.9595071	1540000	-3.2806398e-08	0.74324924	-0.091672465	-0.7164832	10.172022	0.015180619	0.3162	48.0	5487.188495635986
154	0.20486683	0.045234296	0.35613266	0.12737241	57.448277	2.2679956	1.2609527	7.435258	-1.8465136	1550000	-1.7261506e-08	0.77806866	-0.10339454	-0.75260025	10.094164	0.015164192	0.375	66.0	5524.862299203873
155	0.1918242	0.034075517	0.29214945	0.115812704	61.276073	2.3706467	1.2406777	6.6878204	-2.100941	1560000	-1.9073486e-08	0.7138264	-0.07800603	-0.6902197	10.105817	0.015019608	0.2778	34.0	5561.028971195221
156	0.19770087	0.039503567	0.35993436	0.11768959	60.126507	2.3377092	1.1926408	6.3717933	-3.1134167	1570000	1.001358e-08	0.7031	-0.08219125	-0.6762404	10.075627	0.015227978	0.2911	38.0	5597.164307832718
157	0.19397664	0.040299144	0.3549277	0.11790292	58.758823	2.3076909	1.2383388	6.9285502	-2.3082762	1580000	-2.708435e-08	0.7265416	-0.08898516	-0.69380915	10.086151	0.015139702	0.3136	45.0	5632.53434419632
158	0.19964617	0.03939027	0.3694216	0.12028646	56.491524	2.3148336	1.254928	6.4259133	-1.5217078	1590000	-1.1825562e-08	0.7220032	-0.08208041	-0.6938586	10.09233	0.0155013185	0.2889	37.0	5667.101189613342
159	0.20254917	0.040227864	0.31253225	0.12825674	57.912792	2.3786235	1.2346416	6.530938	-1.9292219	1600000	9.155274e-09	0.71086115	-0.08981187	-0.68566716	10.049716	0.015317392	0.3174	47.0	5702.997939348221
160	0.20062023	0.041377153	0.30265334	0.120410115	59.84431	2.350213	1.259463	7.334619	-1.578681	1610000	1.5830993e-08	0.773799	-0.09281381	-0.73866284	10.054918	0.015269215	0.3281	49.0	5740.106065034866
161	0.20225975	0.040786713	0.3530106	0.13022533	59.891567	2.384183	1.2580485	6.6005273	-2.1148212	1620000	-2.5939942e-08	0.81042963	-0.07151427	-0.7794466	10.005914	0.015325635	0.2434	29.0	5774.957102775574
162	0.20029692	0.039481558	0.3128177	0.12642558	57.69364	2.3730757	1.2747282	6.8687787	-2.461501	1630000	-7.629395e-09	0.75335324	-0.07367575	-0.7073342	10.077744	0.015322083	0.258	31.0	5810.185086965561
163	0.19880082	0.04085796	0.32029372	0.11626359	60.16265	2.381382	1.2816432	6.96702	-1.4497947	1640000	4.2724608e-08	0.78916025	-0.0753372	-0.7556582	10.080568	0.015452072	0.269	32.0	5845.293705463409
164	0.20112246	0.0404552	0.3310973	0.13033888	60.719513	2.3826513	1.2425307	6.547191	-1.8376082	1650000	-1.1444092e-08	0.7628842	-0.100709125	-0.7344309	10.056956	0.015169287	0.3539	65.0	5883.460090637207
165	0.19953392	0.04337285	0.32442823	0.120188855	58.327484	2.3381271	1.2821372	6.3981624	-2.1558428	1660000	9.918213e-09	0.78666633	-0.083270274	-0.74273986	10.082871	0.015274339	0.2969	40.0	5919.491077184677
166	0.19787185	0.045465298	0.34471083	0.11816821	63.234177	2.4222188	1.296168	6.6395206	-1.8815821	1670000	-2.89917e-08	0.86559707	-0.077027544	-0.83497804	10.077106	0.015150187	0.2568	34.0	5954.803550481796
167	0.19834611	0.036718495	0.30812457	0.13406608	61.36025	2.3689802	1.256626	6.8492146	-2.1189988	1680000	3.0517577e-09	0.7977639	-0.07903908	-0.7609694	10.022044	0.015175479	0.2763	35.0	5989.587775945663
168	0.19887346	0.036537107	0.335231	0.122646056	59.772453	2.4065893	1.2605861	6.641034	-1.3294662	1690000	-1.1444092e-08	0.83814	-0.095158994	-0.80183744	10.015982	0.0152846845	0.3417	54.0	6026.514040231705
169	0.20125182	0.04060371	0.32464623	0.11569198	58.67059	2.4119008	1.3041846	6.313076	-1.8256114	1700000	-3.5095216e-08	0.78567046	-0.07568617	-0.7577676	10.068573	0.015314779	0.2579	33.0	6061.799687862396
170	0.20109396	0.03914727	0.32110435	0.1223856	59.5988	2.3317952	1.2995336	7.4103994	-2.8497288	1710000	3.967285e-08	0.7842016	-0.07747642	-0.755988	10.0433855	0.015148933	0.2768	33.0	6098.287309169769
171	0.20584211	0.04081985	0.34339845	0.12809813	56.715908	2.3640676	1.3137217	7.0294394	-1.9635618	1720000	2.2888184e-08	0.75736016	-0.08903203	-0.7225126	10.033198	0.015207243	0.3215	44.0	6134.16792678833
172	0.19659789	0.038579356	0.35082474	0.1103499	58.928993	2.3795571	1.3115759	6.77884	-1.5980037	1730000	-3.6621095e-08	0.76958495	-0.0824842	-0.73764986	9.938154	0.0151703525	0.291	38.0	6170.2855525016785
173	0.20324822	0.040150825	0.32399905	0.13631803	59.802395	2.3735292	1.2621347	6.5243487	-2.2557206	1740000	-9.155274e-09	0.79236877	-0.07706453	-0.7497017	10.000051	0.015355065	0.263	34.0	6204.486325502396
174	0.1973191	0.037314523	0.31498438	0.12753257	62.44375	2.3793182	1.268783	6.795219	-1.9063828	1750000	1.3160705e-08	0.78764296	-0.08101156	-0.7515129	10.015687	0.015272076	0.2894	37.0	6239.924648284912
175	0.2023682	0.038298488	0.30133635	0.109254085	61.475307	2.432723	1.2752293	6.6395345	-2.1229498	1760000	1.525879e-08	0.8032504	-0.07551743	-0.76476	9.9913225	0.015394229	0.2499	32.0	6275.9820029735565
176	0.20337677	0.037179787	0.34636083	0.122332945	60.242424	2.455299	1.2878497	6.908062	-2.2924871	1770000	2.6702882e-08	0.77007264	-0.0558114	-0.7380148	9.9641	0.0153709445	0.1843	21.0	6311.929292440414
177	0.2049102	0.04112133	0.31048036	0.13216463	59.748505	2.469923	1.347474	7.6029444	-1.8199177	1780000	2.1362304e-08	0.8316531	-0.08761225	-0.79763615	9.987255	0.015121458	0.3077	43.0	6348.24662065506
178	0.20554844	0.03927833	0.35444456	0.13211252	59.130177	2.4029925	1.3266412	6.842654	-2.4222333	1790000	2.6512145e-08	0.76806414	-0.0874038	-0.73947793	10.013216	0.015386878	0.296	43.0	6384.065037727356
179	0.20222624	0.036043897	0.3082545	0.12864953	63.1962	2.4806376	1.3091214	6.831949	-2.1855059	1800000	2.822876e-08	0.76495117	-0.020371873	-0.73006445	9.923048	0.015078968	0.1882	7.0	6417.390514612198
180	0.20460132	0.03860953	0.33183858	0.13109834	60.72561	2.4101377	1.3059694	7.1236053	-1.9513261	1810000	6.2942505e-09	0.80442166	-0.09641271	-0.7657138	9.956616	0.015328833	0.3418	56.0	6455.33108496666
181	0.20656782	0.043676984	0.3240513	0.12627886	61.214725	2.466617	1.322484	6.660305	-1.2265974	1820000	0.0	0.81967264	-0.07841654	-0.7835839	9.97247	0.015250171	0.2652	34.0	6491.0929589271545
182	0.20406744	0.03685668	0.3086049	0.13048428	60.4303	2.449916	1.3129259	7.2514963	-1.5769049	1830000	-4.7302247e-08	0.84366834	-0.08071265	-0.80207527	9.969359	0.01523946	0.2935	37.0	6527.09401845932
183	0.20853515	0.040959314	0.34057993	0.12554719	58.87574	2.4715645	1.2733752	6.7022586	-2.3212261	1840000	1.7547608e-08	0.8450467	-0.07239039	-0.80456537	9.932901	0.01537249	0.2606	29.0	6561.878484964371
184	0.20328489	0.039164674	0.30220437	0.12361886	60.557575	2.491456	1.3602811	6.86946	-2.504931	1850000	-1.7547608e-08	0.8883892	-0.07838415	-0.84636074	9.982236	0.01535464	0.2645	36.0	6597.992607831955
185	0.20115684	0.039228544	0.36593175	0.123839155	59.592815	2.3936152	1.3210251	6.650148	-2.4346373	1860000	1.2016296e-08	0.84698576	-0.08093972	-0.80764216	9.950724	0.015475285	0.2824	38.0	6634.084212779999
186	0.2046889	0.039974216	0.38282308	0.13390762	61.7875	2.5282736	1.2409105	6.3801947	-1.7517166	1870000	1.3351441e-08	0.87432617	-0.08163046	-0.824824	9.91503	0.015288575	0.2769	38.0	6669.570535898209
187	0.20232621	0.042889025	0.36185783	0.12872703	61.349693	2.4237132	1.3366686	7.102786	-1.5624424	1880000	6.1035155e-09	0.8351604	-0.090281524	-0.8005732	9.934939	0.015347808	0.322	46.0	6705.7921006679535
188	0.21257906	0.043394994	0.32400495	0.13043858	59.646706	2.3860462	1.3014281	7.017195	-2.3368235	1890000	-5.3405763e-08	0.8398678	-0.07371417	-0.8044849	9.9170265	0.015382372	0.2687	30.0	6740.502137184143
189	0.20197731	0.041126873	0.33142027	0.10659065	61.190186	2.4477282	1.347099	7.127711	-1.9343466	1900000	-4.2724608e-08	0.80188566	-0.017395368	-0.7588744	9.912532	0.015750652	0.2254	6.0	6774.756152153015
190	0.20654571	0.043394055	0.33268023	0.13915403	60.75	2.4413445	1.368442	6.933471	-1.9864235	1910000	2.4414062e-08	0.79650575	-0.104345545	-0.7587516	9.889902	0.015171813	0.3757	69.0	6813.099999427795
191	0.21627632	0.041253842	0.32189643	0.12805425	59.808384	2.496786	1.341969	6.9909334	-2.721261	1920000	-7.6293943e-10	0.82705516	-0.09318785	-0.7836498	9.887739	0.0151928235	0.3279	49.0	6850.06977558136
192	0.21036462	0.04296533	0.36155295	0.13509013	63.07595	2.6241488	1.3461244	7.0988564	-1.5617422	1930000	-2.3460387e-08	0.83836424	-0.09298682	-0.7919248	9.895671	0.015239792	0.3293	50.0	6887.475327968597
193	0.21425103	0.03960276	0.3428798	0.13643602	57.264366	2.535499	1.4149585	7.146072	-1.912137	1940000	2.6702882e-08	0.8216111	-0.08688761	-0.7805915	9.863367	0.015286879	0.3017	42.0	6923.669494867325
194	0.21731919	0.043218136	0.35585782	0.13374959	59.29762	2.5471432	1.3283073	6.9594703	-1.905651	1950000	-3.2043456e-08	0.86409533	-0.067506865	-0.81478256	9.881809	0.015486534	0.2355	27.0	6958.703723907471
195	0.20654212	0.035830475	0.29243833	0.1411918	61.685184	2.5614617	1.3557588	7.682168	-2.0248363	1960000	1.5258789e-09	0.8510254	-0.017633548	-0.80496895	9.876949	0.01673747	0.2196	6.0	6992.885776042938
196	0.2106624	0.038608573	0.3430816	0.13284552	59.113094	2.5555892	1.3113378	6.698045	-2.3945944	1970000	-8.392334e-09	0.88287395	-0.08845662	-0.84058714	9.888241	0.015080913	0.316	43.0	7029.07844543457
197	0.21091571	0.044101767	0.348383	0.13258019	60.30909	2.5524013	1.3670169	6.6673484	-2.3254223	1980000	-1.8310548e-08	0.82901776	-0.10451068	-0.78691787	9.840683	0.015135443	0.3838	66.0	7066.732047319412
198	0.2099672	0.04340151	0.3310671	0.13107742	57.947674	2.484692	1.3975699	7.0992813	-1.8504208	1990000	-6.1035155e-09	0.82471484	-0.022092253	-0.7840142	9.856179	0.013287628	0.1841	7.0	7101.5295605659485
199	0.21447541	0.038177337	0.31833455	0.13440627	58.13372	2.483576	1.3883836	6.749884	-1.787613	2000000	1.525879e-08	0.8277426	-0.08779767	-0.78173476	9.898126	0.015174185	0.3149	43.0	7137.669903993607
