Epoch	EntIndex	EntCoeff	AverageEpRet	StdEpRet	MaxEpRet	MinEpRet	AverageTestEpRet	StdTestEpRet	MaxTestEpRet	MinTestEpRet	EpLen	TestEpLen	TotalEnvInteracts	AverageQ1Vals	StdQ1Vals	MaxQ1Vals	MinQ1Vals	AverageQ2Vals	StdQ2Vals	MaxQ2Vals	MinQ2Vals	AverageVVals	StdVVals	MaxVVals	MinVVals	AverageLogPi	StdLogPi	MaxLogPi	MinLogPi	LossQ1	LossQ2	LossV	Time
1	1.2	0.2	123.42942	37.118446	290.0726	78.45203	257.58618	12.420216	274.4057	236.65259	24.581282	47.9	5000	-4.398054	54.677746	99.780106	-130.25824	-4.3978963	54.681118	99.38567	-128.75684	-7.3054786	61.25157	102.95609	-253.54121	27.835627	137.42133	12262.835	-18.88636	5.6993284	5.551882	300.14752	19.19914960861206
2	1.2	0.2	124.59197	37.72569	347.84213	78.69415	214.34566	5.3567657	223.66158	205.99971	24.801981	39.4	10000	135.62349	68.45864	303.27142	-49.965885	135.62503	68.45716	300.03217	-51.617817	144.97034	67.5609	306.63226	-36.226627	0.37128326	4.939575	29.019985	-16.469799	8.445047	8.368434	20.88414	38.22726082801819
3	1.2	0.2	292.00925	84.67879	612.4912	105.499	395.2964	17.13448	427.15976	361.55823	57.860466	75.2	15000	256.14755	102.08776	388.36588	-138.4629	256.1478	102.0919	395.1115	-139.4726	267.55417	94.31641	389.3214	-174.01295	2.0905478	7.2589602	38.61112	-17.955286	38.97196	38.76551	62.681767	59.078988552093506
4	1.2	0.2	346.79053	84.86159	622.605	167.26558	405.22638	98.40243	635.6503	307.1804	68.34722	80.9	20000	255.12064	119.904274	395.39822	-77.17053	255.12038	119.89728	398.4166	-87.73976	262.2238	115.54781	394.64383	-106.14232	-0.8091742	7.398033	42.423912	-16.81028	34.47052	35.502514	56.504612	79.5283191204071
5	1.2	0.2	349.48553	106.211624	808.4678	189.09079	355.6734	22.363861	394.38635	320.1558	68.175674	67.4	25000	225.8445	121.94245	392.4983	-62.97942	225.84491	121.93621	393.06323	-65.11922	231.02878	120.13997	390.24893	-76.04835	-1.3152081	6.042479	40.224354	-17.322977	31.684713	31.798904	49.589867	100.3878231048584
6	1.2	0.2	384.60095	118.10224	868.13574	177.61081	452.98755	77.04947	649.6737	365.81512	77.215385	85.9	30000	199.63368	115.862015	377.22284	-60.92053	199.6337	115.867096	375.56427	-57.171104	203.65202	115.18733	374.5612	-67.71999	-1.8213547	5.4854965	32.509964	-17.72117	30.530432	30.006893	44.76442	121.26768112182617
7	1.2	0.2	435.8455	121.54581	848.8426	267.1283	337.6761	27.699713	407.74863	303.65063	89.57143	69.0	35000	180.55962	104.18785	347.5566	-50.35034	180.55841	104.18804	349.44748	-55.938076	183.75952	103.8926	345.2566	-48.302856	-2.187622	5.023041	45.06895	-17.884514	24.431952	24.2882	36.04082	142.07949256896973
8	1.2	0.2	408.7363	78.86398	582.5276	258.57727	451.4039	94.832794	716.82153	365.4312	80.39344	89.7	40000	174.21016	98.78656	348.41272	-28.54307	174.20853	98.7852	338.81207	-24.716467	177.01137	98.66316	337.08264	-27.777205	-2.3700492	4.6854196	169.12411	-16.844652	21.359875	21.321817	31.144089	162.6951425075531
9	1.2	0.2	456.99225	98.10832	780.2342	305.97833	451.98886	111.66562	702.2422	334.72906	87.48276	86.6	45000	171.71895	93.58241	328.71402	-33.972057	171.71814	93.58251	329.45093	-24.660358	174.26692	93.42618	325.2724	-47.825893	-3.067592	4.449786	36.966873	-19.370441	17.449375	17.328041	25.170784	184.10547637939453
10	1.2	0.2	468.20312	107.09613	848.89136	281.99246	497.81158	77.61016	685.6198	430.8819	90.07273	98.2	50000	173.84538	92.00889	318.24667	-33.3101	173.84605	92.00463	317.50693	-27.842312	176.10141	91.77283	318.48245	-29.785969	-4.080435	4.3035336	35.531853	-17.666721	14.593253	14.515835	21.54159	204.93868565559387
11	1.2	0.2	524.469	110.03693	871.5254	316.59888	689.158	139.77731	929.367	498.48935	101.72	134.7	55000	176.26907	91.81499	319.12823	-23.680424	176.26958	91.81302	318.83234	-49.444416	178.36511	91.55079	317.90952	-31.643692	-4.1404076	4.2855887	31.060806	-17.063988	14.435257	14.28362	20.465273	226.75179290771484
12	1.2	0.2	490.9398	86.105034	704.77783	373.8347	627.985	233.82076	1285.2374	426.95886	95.44231	125.6	60000	179.80333	92.51658	321.70993	-31.026562	179.80327	92.514656	325.0703	-42.635006	181.7954	92.21924	322.8784	-41.858727	-4.2107334	4.2968683	26.348635	-17.94969	13.690466	13.635764	19.333473	248.0482943058014
13	1.2	0.2	485.624	129.61276	1058.6726	288.47925	543.21173	126.98859	824.41455	377.82233	95.92308	103.1	65000	182.39825	93.621	326.42535	-27.082026	182.39764	93.621735	326.7688	-35.821903	184.24547	93.34164	323.76596	-30.033386	-4.4811954	4.2217937	28.799747	-18.622465	13.568408	13.365437	18.740536	269.3835425376892
14	1.2	0.2	522.80853	115.27877	796.4896	326.3785	394.11884	33.699425	447.09756	342.3373	103.770836	85.7	70000	185.19812	94.66457	333.228	-35.11158	185.19746	94.66532	330.41507	-26.606073	187.04677	94.417984	328.69287	-29.056047	-4.5681825	4.1576138	33.52761	-17.576357	13.45667	13.223699	18.121063	290.45079708099365
15	1.2	0.2	502.98734	134.59587	1017.2573	291.0587	435.7216	28.775816	479.72485	379.80063	100.38	88.0	75000	186.93672	95.70201	332.51022	-26.266296	186.93683	95.702095	332.70068	-23.052113	188.65613	95.44439	339.03134	-21.071203	-4.684976	4.085838	32.91991	-19.054916	13.416271	13.150394	17.85897	311.92996525764465
16	1.2	0.2	545.2669	132.31073	852.1593	291.36505	529.8873	115.74881	746.1555	341.04034	109.5	109.2	80000	188.28938	95.4611	333.8553	-37.4574	188.2898	95.46111	335.9073	-31.886435	189.92445	95.1939	331.3312	-44.088306	-4.6779203	4.0132127	28.348152	-17.884394	13.130795	12.905961	17.171038	333.6505308151245
17	1.2	0.2	517.4538	122.35164	940.6498	310.4685	509.96307	73.484795	650.03357	399.86362	105.21277	103.8	85000	190.8132	95.962494	335.93582	-68.18819	190.8134	95.96353	334.77664	-26.914625	192.41483	95.68412	333.50494	-34.526382	-4.58072	3.9996214	28.975132	-17.804396	13.18645	12.803543	16.834333	355.124662399292
18	1.2	0.2	545.6781	124.241035	807.4088	308.4018	573.3468	46.67119	655.1035	522.8745	111.51111	108.6	90000	193.2078	97.03417	338.4878	-65.960625	193.20824	97.03425	337.09912	-44.954166	194.78923	96.73561	335.9254	-117.80701	-4.507221	3.989567	30.542187	-17.331253	12.971283	12.738083	16.627687	376.86650705337524
19	1.2	0.2	533.27594	116.7931	888.86163	355.10995	461.93262	92.410126	614.12915	324.07385	104.208336	96.6	95000	195.0384	97.87331	343.09232	-28.822048	195.03854	97.87454	341.7748	-25.852827	196.54514	97.56791	337.84137	-25.53996	-4.5538325	3.9833891	26.283455	-17.512499	13.130668	12.690432	16.231676	398.3992304801941
20	1.2	0.2	536.80865	88.53416	753.3569	342.65924	512.80994	76.74719	734.67816	436.28983	104.5	100.4	100000	196.30914	98.20976	342.53967	-27.9813	196.30984	98.21034	343.10815	-35.425766	197.74142	97.901054	340.92615	-31.889975	-4.5791326	4.0384474	32.101555	-19.360437	12.867291	12.678632	15.836067	419.98317098617554
21	1.2	0.2	512.97034	102.917015	877.51154	347.9468	606.3848	76.18909	699.53546	482.3306	99.48	119.7	105000	197.44037	98.61475	343.65262	-41.932472	197.44067	98.615974	343.58762	-55.25323	198.86748	98.32291	341.6474	-63.478203	-4.5095696	4.1049705	39.28112	-17.33114	12.912708	12.55953	15.640427	441.7398934364319
22	1.2	0.2	526.5373	106.43997	833.94366	348.7602	662.77106	88.385506	810.5299	532.2389	100.58	127.9	110000	198.80421	98.71084	343.2747	-25.450905	198.80533	98.71146	343.4049	-20.951107	200.17061	98.400894	342.7004	-33.37089	-4.7832327	3.9902635	34.78039	-17.729645	12.566334	12.201303	15.197526	463.80407643318176
23	1.2	0.2	541.1425	98.33043	844.45184	362.43063	540.85706	116.14137	775.5484	412.2451	103.395836	109.0	115000	199.54524	98.542015	345.16275	-28.702831	199.54555	98.5424	344.9348	-33.251232	200.88832	98.2216	343.92032	-34.565052	-4.8636446	3.9958928	37.566517	-16.689516	12.238693	12.033879	14.659857	485.39540576934814
24	1.2	0.2	519.33435	105.615974	855.2729	387.92743	617.8409	100.79489	737.4009	429.64243	100.76	123.1	120000	200.14801	98.85857	344.96576	-36.1689	200.14825	98.858665	344.9761	-45.640297	201.45787	98.543175	343.46875	-31.080887	-4.973801	3.9621472	30.6998	-17.112955	11.96972	11.843296	14.347537	507.27324628829956
25	1.2	0.2	546.4077	136.12729	1061.1715	380.3719	568.49677	47.91314	636.63367	478.609	106.478264	115.7	125000	201.45244	99.05878	345.7528	-33.17464	201.45355	99.0593	347.95172	-34.246006	202.72737	98.76305	345.11642	-47.96416	-5.0775046	3.936872	35.899826	-18.314394	12.022646	11.744318	13.982482	528.8037347793579
26	1.2	0.2	601.3214	133.3352	948.0753	317.97574	577.66925	73.47071	697.3918	469.72122	118.83721	115.9	130000	203.33096	99.81275	347.9011	-30.417572	203.3307	99.81364	346.8625	-32.637524	204.59222	99.52417	348.13306	-45.34592	-4.899196	3.9533622	29.447601	-17.224707	11.952216	11.75459	13.880977	550.9979968070984
27	1.2	0.2	570.1199	128.82329	1067.1025	319.6927	731.24335	124.01808	989.1882	572.82574	112.52273	144.9	135000	205.48961	100.687386	352.43726	-51.59331	205.49046	100.68888	350.92273	-18.815731	206.72977	100.393814	351.59174	-21.846313	-4.8481402	3.9308517	45.194252	-17.075531	12.320423	11.9513445	13.8381405	573.1502411365509
28	1.2	0.2	593.8192	168.18391	1117.1241	347.7183	523.64685	49.35434	617.59393	425.93918	119.97619	101.1	140000	205.47916	101.29938	352.27127	-40.939373	205.47997	101.30034	351.86234	-35.0081	206.70668	101.032745	352.3418	-36.318867	-4.8397837	3.9828496	41.40574	-16.521635	12.438533	12.174959	13.743724	595.1537516117096
29	1.2	0.2	568.388	119.20189	784.0209	327.80765	550.8114	92.18072	782.4804	439.4277	111.244446	103.1	145000	207.25075	101.36718	354.44977	-39.17209	207.25116	101.36879	354.0438	-30.415691	208.47188	101.104706	356.83145	-26.536922	-4.769168	4.002825	29.9473	-17.780575	12.758866	12.460331	13.837801	617.2607135772705
30	1.2	0.2	577.1884	127.25387	995.81934	356.31375	618.0825	143.63264	926.1833	426.66388	112.52273	119.6	150000	208.86264	101.85312	355.89337	-19.56004	208.86331	101.85342	355.8087	-19.38462	210.0793	101.59918	355.90344	-21.172804	-4.730268	4.019241	54.74561	-17.419933	12.783326	12.572636	13.951623	639.1354463100433
31	1.2	0.2	608.3384	153.3226	1053.7976	405.2976	616.57025	93.87463	735.7894	454.4323	118.5	123.4	155000	210.3962	102.727776	357.9821	-49.450085	210.39629	102.72776	357.28128	-22.458372	211.60522	102.46566	356.67828	-30.203556	-4.8034344	3.980977	34.028713	-17.536043	12.713227	12.522379	13.589891	661.2780714035034
32	1.2	0.2	557.1506	133.9448	1233.0388	377.2396	698.5872	156.4614	1015.2708	559.2237	107.80851	133.0	160000	211.91687	103.54075	362.90424	-58.336617	211.91812	103.542244	361.31226	-53.05061	213.13164	103.299995	359.28195	-36.503487	-4.8937554	3.975399	45.361897	-18.36931	12.747628	12.511457	13.342083	683.5499000549316
33	1.2	0.2	598.90497	142.17827	1155.3068	367.3443	625.8998	84.719986	775.12885	513.28864	117.61905	116.6	165000	213.03127	103.94331	363.35373	-34.981194	213.03168	103.944405	364.00735	-28.172937	214.2078	103.67833	362.48715	-31.978071	-4.9007154	3.985835	36.911797	-17.723314	12.9842825	12.713701	13.469541	705.5738105773926
34	1.2	0.2	589.81964	131.2435	934.66486	333.5198	577.2281	135.41536	751.37866	324.51028	117.809525	111.6	170000	213.11551	104.20237	364.14285	-18.325903	213.11537	104.20223	362.0956	-29.368612	214.2472	103.9611	361.09592	-24.48022	-4.8775187	3.9697914	33.80049	-16.705086	12.955004	12.803006	13.493211	727.5346467494965
35	1.2	0.2	650.279	163.62865	1044.0441	389.48538	604.30347	126.317444	922.9296	463.34897	127.85	118.2	175000	213.7504	104.30532	361.81412	-31.031744	213.75194	104.305756	363.8007	-31.477713	214.8941	104.05666	363.41364	-60.62149	-4.8630185	3.9452648	32.19307	-17.066654	12.984401	12.716905	13.362969	749.9141094684601
36	1.2	0.2	625.25696	133.15761	1058.8219	434.20352	592.74634	104.30319	780.3536	432.1915	121.60976	115.1	180000	215.05952	104.46054	363.95895	-30.390839	215.06013	104.46178	363.67474	-24.355341	216.19594	104.2041	365.10077	-41.163723	-4.8699617	3.9881196	50.247047	-18.401869	13.069323	12.809067	13.308207	772.1637058258057
37	1.2	0.2	621.3076	109.35726	989.7786	399.69272	653.23346	194.98668	1160.1703	497.286	122.39024	124.9	185000	216.05048	105.04824	366.1841	-26.655273	216.0511	105.04852	364.92072	-18.290321	217.16512	104.794754	365.6181	-17.890104	-4.7685604	4.0019965	34.768562	-16.820816	12.876287	12.754327	13.143475	794.5515358448029
38	1.2	0.2	674.2876	155.03151	1206.5219	392.61032	557.8959	143.19176	793.3254	375.29648	132.3158	113.3	190000	216.92229	105.75818	372.15143	-46.80975	216.92334	105.75717	369.27127	-28.94554	218.0407	105.54569	366.01962	-32.640415	-4.7815576	4.0135856	57.73819	-19.20818	12.99894	12.8795805	13.063019	817.0602304935455
39	1.2	0.2	587.0694	122.60696	921.99506	339.56772	416.2625	71.90822	619.3665	357.38962	113.22727	83.1	195000	217.94102	106.606674	370.1668	-30.841068	217.94218	106.6065	370.83655	-16.269249	219.03847	106.40477	369.2265	-20.412954	-4.7521996	4.0217505	41.388645	-17.589062	13.604774	13.397929	13.545318	838.9347803592682
40	1.2	0.2	663.37396	173.18004	1349.345	411.40396	578.6619	53.260822	669.2757	515.95844	128.10257	109.0	200000	218.89221	106.62713	370.9569	-22.448872	218.89249	106.62675	371.89075	-28.661219	219.9792	106.424965	373.78418	-36.654552	-4.7556376	4.0468516	126.29961	-18.1416	13.531491	13.407518	13.230948	861.3903160095215
41	1.2	0.2	579.6352	140.40085	1039.756	366.7751	630.1687	53.86172	718.7961	562.01715	112.25	119.4	205000	219.69464	107.153275	373.0915	-37.608658	219.69604	107.15328	372.91458	-38.05996	220.78679	106.962166	372.88596	-35.06284	-4.8192983	4.0373187	33.852158	-18.157381	13.466833	13.266517	13.136286	883.6076760292053
42	1.2	0.2	672.32434	155.31416	1218.6956	423.23938	564.81995	40.650864	646.2551	482.83585	129.3077	106.2	210000	220.78017	107.130646	378.00537	-54.219746	220.78061	107.13027	373.55157	-68.003	221.8708	106.933334	373.88382	-43.710636	-4.7561564	4.074465	34.783943	-17.443634	13.560108	13.4380455	13.113461	906.2154002189636
43	1.2	0.2	661.9149	152.31653	1053.6547	378.4505	653.39026	47.542603	717.0878	559.2769	128.46153	122.4	215000	221.47105	107.35731	374.7487	-17.339174	221.47218	107.356575	373.15878	-24.909077	222.5381	107.16356	372.70636	-21.692642	-4.7929883	4.0525503	41.365772	-16.721176	13.420144	13.185057	12.799586	928.8558876514435
44	1.2	0.2	673.1617	154.16994	1163.2161	412.58194	563.0941	92.60123	651.60925	378.67596	132.56757	108.4	220000	222.64752	107.74055	377.08765	-35.715206	222.64842	107.74081	374.3486	-54.557205	223.75665	107.566864	375.41525	-72.16163	-4.7213864	4.046785	37.388344	-16.551186	13.393828	13.231041	12.746142	951.0671026706696
45	1.2	0.2	673.0496	188.60664	1470.2762	373.69098	579.4326	179.8909	837.1311	322.13928	129.23077	111.7	225000	223.80305	108.713615	379.2843	-55.151554	223.80411	108.71321	378.31644	-55.58055	224.9135	108.5344	379.85464	-67.6523	-4.56274	4.0994954	52.621784	-17.858908	13.675154	13.517828	13.085905	973.7695820331573
46	1.2	0.2	725.1836	158.4045	1355.1537	489.87015	641.0448	26.34651	677.9646	599.6863	140.94444	118.9	230000	224.91371	108.97492	379.66147	-30.732883	224.91457	108.97464	381.50998	-25.880615	226.03442	108.78685	379.89017	-28.163778	-4.4080343	4.158953	40.66498	-16.906994	13.676534	13.500305	12.8110285	996.7350559234619
47	1.2	0.2	715.21655	168.87471	1172.6941	421.47864	622.57074	158.6995	964.471	344.2176	138.5	123.2	235000	226.72531	109.553055	382.29266	-18.04695	226.72696	109.55187	381.86227	-18.018633	227.80917	109.364815	381.02222	-32.384876	-4.615689	4.110559	38.953724	-17.930796	13.872739	13.66115	12.76924	1019.5260899066925
48	1.2	0.2	680.30237	152.11685	972.8133	437.48337	536.81055	35.45453	597.15265	477.3222	130.10527	101.3	240000	228.07404	109.90847	383.8607	-26.335365	228.07498	109.90763	381.5125	-44.754192	229.18628	109.713196	381.30865	-18.88098	-4.621313	4.071334	35.08761	-17.861366	13.650102	13.473989	12.830798	1041.8473901748657
49	1.2	0.2	703.3692	209.45874	1328.163	423.97195	601.29834	87.93753	735.0624	443.34805	137.58333	116.4	245000	229.93533	110.90052	391.91898	-35.811188	229.93582	110.90151	385.16647	-32.85691	231.05531	110.73348	384.14108	-18.546076	-4.4722276	4.106481	40.869434	-18.582342	13.875779	13.587816	12.858476	1064.4284753799438
50	1.2	0.2	712.5721	165.12924	1188.8387	436.30838	633.2651	78.422	823.3914	564.7686	138.40541	118.2	250000	231.37488	111.667145	388.53857	-27.395113	231.37627	111.66721	390.26633	-28.479763	232.49783	111.48438	387.56683	-60.350796	-4.4744654	4.132405	56.565273	-17.671663	14.151145	13.712666	12.956736	1087.4615926742554
51	1.2	0.2	684.0236	136.70032	1088.4481	394.67245	747.3406	85.11424	898.9857	596.0625	130.6579	142.7	255000	232.71394	112.64454	390.09015	-71.047455	232.71474	112.64432	390.11786	-32.34663	233.83302	112.479	388.4399	-35.56551	-4.402769	4.188867	52.282383	-17.182413	14.150301	13.950252	13.0749235	1110.524095773697
52	1.2	0.2	745.03613	220.46553	1764.7886	418.97043	616.63684	82.53701	839.95764	550.564	142.74286	115.0	260000	234.05879	113.26492	391.71997	-33.713028	234.05984	113.26461	394.70203	-31.826628	235.1882	113.10264	392.14755	-20.4221	-4.3360677	4.188838	49.57532	-17.494724	14.340516	14.078465	13.163505	1133.2693660259247
53	1.2	0.2	719.75574	202.81276	1276.0127	422.1349	577.7172	42.603146	645.38684	483.3115	139.97223	108.6	265000	235.08823	113.92651	395.63953	-36.635933	235.08847	113.9269	396.94104	-41.036373	236.19307	113.78145	393.88077	-29.77736	-4.3227262	4.266825	34.0531	-17.073048	14.72744	14.543756	13.386723	1156.5337636470795
54	1.2	0.2	722.3465	165.86084	1182.5287	475.31427	670.06726	132.36298	859.5669	461.00644	139.28572	129.4	270000	235.23083	114.09892	396.18384	-21.236927	235.23259	114.09827	397.28882	-25.777271	236.3306	113.95806	394.8329	-32.22965	-4.2828383	4.2373023	31.894325	-16.564793	14.724052	14.546707	13.110109	1178.9840066432953
55	1.2	0.2	711.51514	154.84526	1116.5728	439.8185	554.8406	62.777367	687.12836	505.98752	136.27026	102.1	275000	236.32022	114.17592	398.38394	-28.98658	236.32082	114.17624	397.6505	-55.247963	237.4369	114.03783	394.32886	-33.59482	-4.1658716	4.239841	54.759865	-17.536098	14.638373	14.425888	13.162562	1201.9485063552856
56	1.2	0.2	703.7327	142.58199	975.21765	346.05273	649.2812	209.35872	980.8269	409.39224	135.32433	127.0	280000	237.47008	114.56984	398.24832	-39.63123	237.4705	114.56915	399.86252	-22.330416	238.58952	114.41342	396.9325	-18.183586	-4.1858025	4.271825	39.216686	-17.439293	14.689045	14.501842	13.1569805	1225.0334935188293
57	1.2	0.2	789.84753	200.29385	1257.7817	474.79785	591.4586	89.06643	708.54895	447.81958	154.0303	112.1	285000	238.31686	114.77457	398.39062	-81.40112	238.31796	114.774765	398.7199	-59.46139	239.43048	114.60678	397.19064	-91.59331	-4.1740136	4.27683	41.85756	-17.305813	14.771133	14.536544	13.184464	1248.254159450531
58	1.2	0.2	767.79895	218.76736	1524.5756	463.734	572.04706	53.246216	690.43713	517.3046	146.44118	107.0	290000	239.57869	115.1136	401.10272	-39.78736	239.57957	115.113205	400.45444	-31.315563	240.67807	114.94727	399.17288	-43.985134	-4.1579895	4.280965	36.982815	-17.174574	14.849984	14.618765	13.22205	1271.1674716472626
59	1.2	0.2	752.89087	181.38622	1299.9518	504.36182	675.27203	111.00821	998.07513	594.28735	145.08824	128.2	295000	240.54086	115.47279	400.16394	-41.79038	240.54216	115.472855	401.84454	-34.624645	241.65216	115.33498	400.32755	-50.949673	-4.0748296	4.327493	36.896812	-16.37396	14.8859625	14.609391	13.093958	1294.4157547950745
60	1.2	0.2	830.34265	262.7418	1454.1089	466.455	581.20306	56.432358	658.10266	474.88336	162.45161	108.8	300000	241.67055	116.08873	403.61246	-20.384642	241.67072	116.08823	403.72586	-23.854774	242.76254	115.95916	404.1422	-20.029041	-4.1182837	4.3330216	37.822704	-18.008884	15.231308	15.030175	13.3264065	1317.700159072876
61	1.2	0.2	810.64325	287.1278	1754.1841	442.18112	637.35944	67.356285	725.9199	522.8962	156.75	122.4	305000	242.70758	116.67394	408.62506	-37.166183	242.70877	116.67333	405.89383	-49.00361	243.83429	116.547676	405.0598	-21.974806	-3.8997407	4.4512877	44.042046	-18.080688	15.41983	15.13176	13.266771	1340.944978237152
62	1.2	0.2	851.8705	249.1545	1568.0359	496.51816	567.2604	96.24804	809.2461	456.0795	165.9	109.3	310000	243.7063	117.22683	406.8912	-32.09086	243.70755	117.22642	406.48572	-32.836594	244.77678	117.08637	405.28177	-19.16668	-4.0549054	4.3966312	35.210365	-17.36485	15.379957	15.095543	13.444658	1364.228621006012
63	1.2	0.2	876.20935	331.36288	1686.4641	459.00467	589.89996	38.922256	682.37164	548.22656	170.44827	111.3	315000	244.6183	116.97531	408.92624	-19.795588	244.61977	116.97506	405.93866	-24.113897	245.71637	116.81981	403.5054	-21.656506	-3.8637993	4.4020195	37.143635	-17.957382	15.391671	15.137203	13.100237	1387.4331784248352
64	1.2	0.2	953.36334	258.0922	1784.9811	557.3382	551.90466	45.90528	612.55646	483.00256	186.14815	103.7	320000	245.82626	117.417694	406.9637	-27.492434	245.82677	117.4173	408.35083	-18.269243	246.92534	117.249146	405.08096	-52.783558	-3.858368	4.4135127	42.507915	-17.996618	15.29077	15.123144	13.093758	1411.0887303352356
65	1.2	0.2	917.26624	301.24066	2000.0532	579.15094	782.7434	151.99968	1113.4207	524.17804	176.64285	150.3	325000	247.24725	117.68231	409.2345	-28.847866	247.24889	117.68154	407.00095	-44.835236	248.36131	117.508064	406.75555	-17.793438	-3.7996492	4.432766	37.03231	-18.239336	15.699705	15.367765	13.460489	1434.6465258598328
66	1.2	0.2	925.8771	302.8173	1504.1945	553.4902	725.9144	91.21476	921.9621	589.7256	178.67857	134.3	330000	248.4869	118.44175	411.67438	-24.831112	248.48831	118.44026	411.3556	-19.456593	249.58511	118.283104	408.91812	-24.93021	-3.7572846	4.469547	33.763794	-17.014112	16.098188	15.829071	13.638848	1458.114420413971
67	1.2	0.2	914.97003	382.9674	1916.3962	481.99573	644.95795	51.935814	724.89923	564.2669	179.17857	120.3	335000	249.93843	119.10024	424.5391	-46.179565	249.9399	119.09884	411.9223	-34.29227	251.05247	118.95874	411.5231	-76.578316	-3.755273	4.491427	67.188965	-17.911255	16.141054	15.830654	13.443897	1481.8886194229126
68	1.2	0.2	808.4727	230.86823	1715.4283	478.97803	569.60144	22.929361	610.3608	522.14624	156.375	106.5	340000	251.6244	120.15783	416.1211	-34.15495	251.62633	120.158134	418.9657	-27.846813	252.74744	120.027405	415.75308	-31.009668	-3.6521242	4.534578	42.899982	-17.977875	16.574694	16.212067	13.643794	1505.3475551605225
69	1.2	0.2	933.653	337.65076	2057.0046	518.68134	716.89197	57.134647	831.6598	651.86456	181.14285	134.7	345000	252.98596	121.34997	418.67026	-36.904766	252.9881	121.347275	417.9865	-42.0201	254.11787	121.2433	417.49564	-30.10972	-3.5003376	4.6210885	35.892838	-17.372322	16.901278	16.630703	14.110567	1529.359545469284
70	1.2	0.2	893.9959	334.35126	1827.1671	507.17487	627.2333	25.708355	666.66907	586.4754	172.14285	119.2	350000	254.64738	122.072205	419.68842	-36.799107	254.64919	122.070045	419.68655	-36.92001	255.80238	121.96604	419.9192	-37.512196	-3.3823564	4.6173134	47.026695	-17.378128	17.114723	16.81504	13.986692	1552.4294321537018
71	1.2	0.2	1013.19653	376.2544	2513.459	632.9789	875.9495	119.88385	1063.1667	685.4191	196.8077	167.4	355000	255.95834	122.68945	423.21063	-27.385195	255.96007	122.68827	423.39157	-26.729311	257.12274	122.59254	421.14542	-24.862343	-3.304738	4.6270833	37.426735	-16.670107	17.290728	16.968754	14.01533	1576.950050354004
72	1.2	0.2	1362.4326	490.74185	2545.0598	660.0488	685.88196	90.180046	823.51086	476.59128	267.57895	128.4	360000	257.7619	123.91123	428.87973	-23.95832	257.7638	123.909225	423.83023	-25.10051	258.93777	123.826935	424.24005	-38.660873	-3.2292953	4.714387	34.57683	-17.813667	17.668964	17.436012	14.306352	1601.1630725860596
73	1.2	0.2	1152.3292	511.53983	2533.8618	469.8011	877.6385	120.7754	1041.4453	697.2104	222.63637	166.0	365000	259.5415	124.61874	426.36768	-30.116644	259.54434	124.615105	425.23053	-21.813566	260.7208	124.53486	425.40683	-23.71188	-3.157512	4.690469	37.82854	-17.713247	17.717869	17.466843	14.5280485	1625.0765626430511
74	1.2	0.2	1280.6207	739.16425	3754.9631	506.00723	798.29065	205.53877	1317.5289	572.4248	249.6	150.5	370000	261.4682	125.73282	430.08725	-33.724457	261.46982	125.73063	429.81952	-38.579136	262.64505	125.62326	430.6216	-36.276604	-3.051774	4.7385006	48.38933	-18.367514	18.395481	18.11267	15.040754	1649.7999081611633
75	1.2	0.2	1798.791	1301.7213	4919.754	747.0304	2346.435	1459.7142	4622.008	736.4976	348.14285	442.2	375000	263.9308	126.7737	437.80975	-26.892424	263.93344	126.7692	433.2082	-18.804714	265.17725	126.711105	433.56473	-22.499125	-2.9037251	4.8113995	42.572613	-17.455477	18.297392	18.10698	14.533869	1677.063128709793
76	1.2	0.2	1286.0597	673.84454	3637.175	549.65735	817.2515	159.0104	1110.7809	623.4508	246.38095	152.0	380000	266.6321	128.1126	437.86597	-28.18479	266.635	128.10997	438.4151	-26.484674	267.8381	128.03645	435.9964	-23.312756	-2.8978577	4.8291883	39.298943	-17.113602	19.175415	18.873684	15.42083	1702.1929152011871
77	1.2	0.2	1489.0305	613.1566	2892.1685	688.3959	1274.0863	178.9762	1575.4784	996.1148	292.94116	246.5	385000	267.84006	129.19313	441.17914	-30.23243	267.84323	129.18974	441.75305	-25.847511	269.06503	129.12968	441.73703	-26.390137	-2.8303928	4.8953676	152.52037	-17.259254	19.818573	19.538939	15.803585	1727.5045506954193
78	1.2	0.2	1245.8859	567.77985	2569.7703	524.8899	1156.256	307.0493	1650.1595	693.21484	240.90475	223.3	390000	270.36707	130.73227	445.03452	-26.042282	270.37045	130.72769	452.9537	-25.863888	271.68045	130.73372	445.855	-23.737381	-2.3606205	5.094457	39.403133	-19.0399	20.506243	20.173904	15.982494	1753.2501482963562
79	1.2	0.2	1294.023	492.4055	2770.2297	577.8897	1769.4125	929.24164	3659.2788	800.15955	249.42105	338.2	395000	273.1007	132.32251	448.3697	-23.667303	273.10345	132.31969	457.27734	-24.213402	274.38968	132.30695	449.81308	-44.072536	-2.3107827	5.0919995	52.410698	-17.20149	20.902534	20.480618	16.029306	1778.7800657749176
80	1.2	0.2	1507.6725	890.36426	3968.5913	749.0987	1522.2487	800.0105	3176.9224	808.4138	293.16666	293.1	400000	275.39618	133.36374	450.50146	-43.435	275.39938	133.35918	458.67947	-57.566307	276.73227	133.34431	450.42685	-26.751492	-2.2495782	5.155074	40.423885	-17.981071	21.585112	21.430536	16.85369	1805.5737490653992
81	1.2	0.2	1298.1963	760.7085	3932.8289	499.44467	2257.5447	716.5251	3106.3113	863.5746	249.4	424.6	405000	277.2774	134.52596	455.4863	-46.619	277.27994	134.52217	457.7081	-21.232971	278.57892	134.48468	454.04163	-35.55425	-2.2833486	5.171045	37.041054	-16.935112	21.867811	21.707909	16.792841	1833.3527121543884
82	1.2	0.2	1415.442	631.2074	2767.359	586.08417	1016.1398	289.86206	1652.5155	735.6279	274.72223	193.1	410000	278.81995	135.021	456.7559	-68.65574	278.82272	135.01685	456.36417	-39.393238	280.14313	134.99133	455.26437	-39.61668	-2.2580657	5.183991	47.04766	-16.795837	22.43061	22.064041	17.078896	1858.0017504692078
83	1.2	0.2	1348.9116	686.62085	2641.0466	594.4732	788.51184	131.32675	1035.398	616.73596	263.6842	148.3	415000	280.09882	136.17984	459.31952	-36.990032	280.1019	136.17639	459.30423	-25.647572	281.41025	136.16461	458.7781	-35.67142	-2.2232802	5.212913	48.920227	-16.711046	22.895575	22.60906	17.359385	1882.5298781394958
84	1.2	0.2	1633.2534	789.1179	4122.9966	568.7598	2168.7832	675.6696	3587.7239	1282.2848	317.2	417.8	420000	281.39545	136.63107	460.51184	-41.47303	281.3972	136.62837	460.8017	-45.375496	282.68933	136.60364	459.39093	-27.098059	-2.1241188	5.2088675	37.902905	-17.827465	23.24929	22.973356	17.756598	1908.852489233017
85	1.2	0.2	1557.8367	1029.3025	3877.2366	734.7482	881.3537	201.00528	1273.9072	621.967	301.58823	166.4	425000	283.05426	136.97949	463.28806	-42.037537	283.05743	136.97581	472.69693	-30.869247	284.3793	136.94096	460.498	-23.400896	-2.0114932	5.3170605	55.824745	-17.46728	23.534332	23.25225	17.86906	1934.0106122493744
86	1.2	0.2	1376.0223	957.8669	4433.341	573.34503	1247.2504	693.71155	3078.2708	630.3676	267.5	238.9	430000	284.34384	137.5164	460.87964	-45.75262	284.34756	137.51163	461.3048	-22.657276	285.66846	137.48119	460.24432	-34.75217	-2.1522527	5.3193517	53.547527	-18.60819	23.642338	23.176674	17.79886	1957.5246934890747
87	1.2	0.2	1538.0164	996.2964	5109.6826	711.97174	1866.1549	1306.6798	4298.7383	754.40784	300.8421	356.5	435000	286.79474	138.21602	464.61838	-34.223602	286.79773	138.21153	463.4352	-38.294846	288.12744	138.17813	461.9223	-31.959572	-2.0571475	5.3533597	58.506603	-17.332989	23.720385	23.429064	17.851383	1987.069910287857
88	1.2	0.2	1565.9618	829.1785	3814.4636	722.75305	1324.3486	408.00906	2177.4233	569.71765	305.25	254.8	440000	289.14322	139.62	466.237	-30.859535	289.14575	139.61546	464.9148	-16.244896	290.5211	139.58534	464.9523	-33.550987	-1.9909343	5.4524884	44.148773	-18.506355	24.05035	23.86054	18.106314	2012.6415781974792
89	1.2	0.2	1803.0104	974.57983	4316.7905	568.5767	2000.3422	880.44214	3586.6602	836.0358	353.2	381.6	445000	290.64435	140.64638	473.22122	-27.5031	290.64844	140.6429	468.30545	-19.581768	291.98145	140.60255	466.80844	-22.117128	-1.9358362	5.4816937	50.055054	-17.764303	24.333914	23.9607	18.10737	2041.1481511592865
90	1.2	0.2	1720.513	1025.5894	4106.6577	752.95337	1808.468	782.8277	3848.206	978.84735	337.2857	346.4	450000	292.54828	141.09521	467.69708	-24.275253	292.55087	141.08978	468.09155	-30.607155	293.89316	141.06056	468.20575	-33.593903	-1.9339095	5.505587	47.18142	-16.658884	24.838531	24.63261	18.603045	2066.9994461536407
91	1.2	0.2	2171.6562	798.58856	3608.1733	870.4417	1089.2931	267.10788	1596.4952	734.09314	423.0	208.8	455000	294.06067	141.84288	472.37244	-38.994762	294.06396	141.83942	473.91782	-20.824724	295.42575	141.82692	472.91498	-30.727999	-1.79528	5.5696483	40.21879	-16.332357	25.054232	24.619423	18.79504	2092.7147028446198
92	1.2	0.2	2305.7837	1418.5702	5129.789	570.8173	1430.4406	448.8036	2334.2815	667.4727	450.72726	278.8	460000	296.35013	142.89626	472.63058	-31.634377	296.3535	142.89192	479.0395	-22.183022	297.7303	142.838	473.0519	-40.876858	-1.7564234	5.66303	50.757053	-19.18456	25.11513	24.891586	18.446314	2119.003894805908
93	1.2	0.2	2385.9788	1509.2887	5126.8076	663.57837	1714.9434	582.5126	2788.9934	843.7768	469.0909	331.2	465000	299.35806	143.72379	474.81113	-46.929543	299.36157	143.71794	476.79492	-33.283302	300.75677	143.6778	474.8493	-54.866398	-1.791627	5.6674957	75.6321	-17.483042	25.062962	24.90691	18.906965	2146.844467639923
94	1.2	0.2	1839.1687	1143.8223	5121.518	759.7198	1053.6311	511.93112	2079.81	351.97485	358.07144	198.7	470000	300.45676	144.8673	477.79074	-25.62377	300.45935	144.8626	478.0879	-27.856035	301.83908	144.80457	477.78378	-37.65007	-1.7131988	5.70229	52.80515	-17.316553	25.620413	25.343864	18.88786	2172.550534725189
95	1.2	0.2	1626.2141	705.2557	3171.7158	662.31946	1288.8722	189.81587	1626.6304	1038.7302	318.25	249.9	475000	302.1231	145.23132	481.64548	-31.93496	302.12683	145.22656	481.9483	-41.37152	303.49896	145.17802	479.2927	-53.843296	-1.839957	5.70033	55.24933	-17.696861	26.17433	25.929464	19.298977	2198.743887901306
96	1.2	0.2	1715.2711	863.21906	3284.8425	671.4255	1472.5667	732.8889	2973.439	831.4235	332.73334	288.4	480000	303.6629	145.63245	482.049	-81.460175	303.66595	145.6278	482.06226	-34.691048	305.02945	145.57443	480.64835	-25.535135	-1.8108397	5.7091846	47.799156	-17.281332	26.316519	26.084711	19.04303	2225.4447224140167
97	1.2	0.2	2059.1768	857.68964	3733.1365	727.51105	2981.599	1699.845	5278.793	786.5344	400.58334	568.7	485000	305.16534	146.39697	482.78888	-29.240204	305.1692	146.39117	499.09558	-39.916267	306.5651	146.35013	481.29102	-70.88819	-1.6763633	5.774846	51.707634	-19.075212	26.744335	26.423397	19.415277	2254.317202806473
98	1.2	0.2	1862.7096	1375.3584	5125.082	694.565	3622.6235	1448.4579	5216.4614	1525.2385	360.84616	698.5	490000	306.25052	146.69792	486.71875	-40.570366	306.2532	146.6922	482.27222	-31.254639	307.57645	146.62854	482.22186	-24.122377	-1.8631825	5.696075	56.122322	-16.855415	26.887749	26.720108	19.933363	2283.858357667923
99	1.2	0.2	2177.3987	1062.0592	5142.714	866.2357	2400.4153	1236.5526	5203.084	957.3627	423.92307	459.0	495000	307.03104	146.49696	481.9008	-54.069984	307.0347	146.49265	482.59158	-45.25417	308.32965	146.40186	482.41833	-63.16743	-1.8137856	5.7308207	48.02815	-17.355785	26.889103	26.570217	19.406553	2313.9384422302246
100	1.2	0.2	2803.7783	1417.6125	5190.3066	881.0025	1442.1033	669.5117	2772.1365	955.40674	543.55554	276.1	500000	308.05832	146.98193	486.669	-68.99353	308.06213	146.97635	484.75137	-82.15993	309.40314	146.92476	483.91626	-94.4656	-1.8229154	5.7208376	44.251183	-18.608908	26.920456	26.579365	19.815136	2340.3739371299744
101	1.2	0.2	2584.8755	1273.6378	5189.3955	499.8043	1592.1255	605.00824	2609.1763	742.8219	501.3	302.1	505000	310.23685	147.69147	488.46735	-56.649338	310.2397	147.6859	486.3964	-67.5977	311.62933	147.63725	486.40115	-84.302345	-1.5338472	5.855462	111.03987	-18.062756	26.894571	26.532753	19.640738	2367.3289120197296
102	1.2	0.2	2862.4124	1259.5884	5190.542	1215.398	3557.7124	1384.799	5192.65	880.9081	554.55554	687.5	510000	311.95657	148.09685	487.2526	-54.601803	311.96045	148.09264	488.80927	-68.41649	313.3181	148.0295	487.48724	-63.341125	-1.7420077	5.766314	54.025764	-17.957308	27.80406	27.492077	20.27238	2397.9856860637665
103	1.2	0.2	3269.7659	1664.5936	5186.447	656.9609	1425.3499	345.1599	1922.9652	1034.8438	633.0	266.0	515000	314.039	148.31342	488.73453	-53.223995	314.0422	148.30971	490.07416	-40.136135	315.38702	148.24876	489.65234	-48.915607	-1.7952673	5.7964125	109.1039	-18.506968	27.614237	27.272877	19.88446	2425.2679398059845
104	1.2	0.2	2554.4214	1438.9248	5245.316	759.52576	3216.3247	1370.4065	5211.698	1445.952	494.22223	621.2	520000	315.3872	148.98093	493.90524	-41.806175	315.38882	148.9766	490.17856	-68.814514	316.73965	148.90314	491.4545	-71.47194	-1.6606015	5.8956313	105.629036	-17.370779	28.070877	27.77653	20.279446	2453.438405275345
105	1.2	0.2	2869.1401	1433.7654	5267.385	1172.6143	1547.8746	711.9865	3590.502	879.85205	556.5	295.7	525000	318.33942	150.104	493.92154	-57.879913	318.34323	150.09921	493.69855	-45.24495	319.7522	150.03677	492.53268	-55.670544	-1.6266642	5.889284	66.638084	-16.670202	27.61152	27.351112	20.036747	2482.7424862384796
106	1.2	0.2	2815.7305	1413.8104	5098.627	1007.27014	1600.7133	603.35175	2812.4688	1027.6467	544.625	306.4	530000	320.41754	150.79079	503.31705	-34.92956	320.41998	150.78697	497.08533	-53.1819	321.8413	150.68591	495.75015	-35.892876	-1.5346687	5.952422	64.456604	-15.53514	28.129726	27.833755	20.042429	2508.050004005432
107	1.2	0.2	2354.5374	1308.3241	5162.581	764.2083	1190.9358	471.32474	2418.4895	845.9939	458.08334	226.2	535000	321.4239	151.2762	500.92697	-59.13743	321.42715	151.27058	495.82626	-44.464302	322.79712	151.1766	497.0202	-52.182247	-1.6140608	5.9505935	49.780907	-16.80645	28.729755	28.439615	20.624975	2536.0888147354126
108	1.2	0.2	2532.9634	1640.5675	5190.3335	730.1031	2354.8484	1012.9468	3910.635	797.44116	489.0	450.1	540000	322.95856	151.70613	496.7066	-45.32508	322.9628	151.70207	496.64368	-44.64262	324.32	151.623	499.1028	-62.834244	-1.5366292	5.9493895	103.606155	-17.615412	28.891647	28.594305	20.834167	2564.089064359665
109	1.2	0.2	3806.3052	1312.5527	5237.503	1771.2786	1336.9407	481.59735	2302.8274	806.40393	730.5714	257.1	545000	324.8417	151.9867	499.9757	-41.394615	324.8436	151.98332	499.1223	-64.81938	326.20767	151.87538	498.61374	-37.79596	-1.6678036	5.936899	62.82386	-17.030966	28.937374	28.392565	20.540777	2591.698616504669
110	1.2	0.2	2856.5798	1389.0001	5177.476	1251.297	3161.8098	1680.4108	5246.34	818.5743	552.3333	602.8	550000	325.63373	152.30421	501.20435	-45.146927	325.63712	152.2988	500.36224	-55.352596	327.0185	152.20692	499.77948	-60.292446	-1.5027375	6.0132337	59.598	-17.740582	28.54246	28.370794	20.230501	2621.629869699478
111	1.2	0.2	2204.5757	1411.0029	4938.67	730.10175	4130.192	1217.8942	5264.1714	1734.286	427.66666	792.4	555000	327.22467	152.96994	501.36484	-50.267197	327.22833	152.96536	500.06616	-69.21745	328.56152	152.87975	502.11472	-90.942924	-1.5666226	5.957384	54.045055	-16.909	28.843536	28.522484	20.40184	2654.141671180725
112	1.2	0.2	2304.0642	1120.2991	5132.078	1174.2441	2877.9077	1036.0349	5151.5693	1771.0839	445.0909	558.1	560000	328.61755	153.06047	505.74347	-74.17848	328.6219	153.05338	505.43854	-46.383835	329.9946	152.94833	504.54623	-38.762356	-1.4383917	6.0445256	69.52942	-17.561903	29.082737	28.723927	20.831387	2683.5182337760925
113	1.2	0.2	2373.7136	1504.2433	5205.054	737.0972	2286.7815	1300.2617	5242.8057	727.663	455.72726	437.8	565000	330.4201	152.82549	504.36234	-34.42079	330.42242	152.82219	502.90598	-45.00323	331.74536	152.70717	502.59448	-46.966637	-1.526007	6.084744	56.931137	-16.08347	29.123741	28.788939	20.622448	2712.403241634369
114	1.2	0.2	2427.1255	1622.1299	5183.0493	560.5096	1511.9308	929.4412	3351.4639	833.8882	469.6	282.5	570000	330.80136	153.40363	502.6418	-45.639393	330.80518	153.39853	503.55542	-32.299225	332.11227	153.28558	503.85095	-56.69742	-1.4015125	6.0933776	53.058014	-16.94751	29.461752	29.000639	20.948317	2738.663135290146
115	1.2	0.2	3470.5552	1198.7942	5243.9043	1314.0281	1689.6168	1567.173	4768.3867	668.7708	668.625	319.1	575000	331.73492	153.3764	512.45123	-66.54192	331.7393	153.37048	503.86426	-40.052746	333.07306	153.2488	504.78055	-49.231956	-1.5870591	6.059347	68.44884	-17.359774	29.675844	29.260849	20.860687	2767.5272703170776
116	1.2	0.2	2299.6829	1520.0752	5143.7954	813.39984	3960.5308	1534.891	5279.98	1170.6129	443.0909	747.6	580000	333.08057	153.6587	509.8548	-63.691628	333.0841	153.65344	507.83496	-67.44493	334.4145	153.5307	504.27222	-48.726364	-1.5136852	6.0590053	65.535545	-17.592932	29.729548	29.254925	20.857458	2799.1923503875732
117	1.2	0.2	3006.3057	1391.7926	5251.966	1231.4653	4109.5903	1414.5566	5290.5825	1698.526	578.2222	778.7	585000	334.1529	153.59396	508.00592	-42.55536	334.15634	153.5899	506.35376	-50.47891	335.45822	153.46014	506.33533	-48.37447	-1.5234157	6.0638194	69.970665	-18.104244	29.571161	29.118946	20.81225	2831.6645352840424
118	1.2	0.2	3927.367	1595.1997	5258.9116	789.1103	4485.178	1352.2957	5252.874	1300.7411	757.3333	860.5	590000	335.076	153.684	505.97565	-34.51889	335.07855	153.67876	505.64352	-89.13143	336.39917	153.53441	505.67874	-51.132446	-1.4495453	6.078343	68.08348	-16.282457	29.834253	29.39023	21.12062	2863.009558200836
119	1.2	0.2	2352.488	1403.3185	5136.0176	774.40967	4906.735	1097.557	5394.868	1757.8519	455.33334	912.6	595000	336.65652	154.04633	505.78918	-45.976757	336.66086	154.04184	506.6879	-52.016582	337.96365	153.9036	505.90256	-67.201546	-1.5678232	6.053703	83.41072	-17.462473	29.754747	29.204006	21.073072	2897.5385797023773
120	1.2	0.2	3639.0864	1499.2957	5252.8667	1033.9116	3840.7422	1387.5916	5342.75	1298.865	700.1429	722.3	600000	338.15176	154.25043	508.1873	-40.981647	338.15472	154.24724	507.73557	-26.125542	339.4735	154.10304	507.88303	-44.327267	-1.5094441	6.0512795	62.882694	-16.045565	29.450603	29.06022	20.671473	2929.3170068264008
121	1.2	0.2	3489.4941	1253.047	5250.256	2104.2314	1582.2893	815.51624	3252.0725	620.9135	666.4286	312.7	605000	339.5358	155.18279	516.6142	-38.825844	339.53894	155.178	509.16498	-42.616833	340.8523	155.05583	510.17514	-51.801643	-1.3561903	6.1348467	56.86599	-16.801826	29.75284	29.336014	20.95174	2956.4175596237183
122	1.2	0.2	2980.5981	1749.1237	5284.4336	645.6336	2570.9802	1120.1392	4634.396	1089.0538	574.2222	486.8	610000	341.97015	155.66808	510.5938	-50.94829	341.97275	155.66306	509.89642	-60.66156	343.29315	155.5388	510.77032	-85.99121	-1.3565958	6.133	63.26986	-16.848524	30.205393	30.05958	21.0735	2986.49112200737
123	1.2	0.2	4324.0435	1324.2576	5215.352	1582.5546	1792.0557	1063.975	4520.137	829.1262	832.1667	348.0	615000	343.34796	155.91702	513.05286	-23.42826	343.3525	155.91205	510.74203	-43.160385	344.70667	155.77594	510.38513	-45.468807	-1.3431625	6.1838846	57.820534	-17.959171	30.238499	29.839003	20.923864	3014.844277858734
124	1.2	0.2	2927.489	1503.9725	5182.671	843.10547	2135.0789	797.4287	4129.41	1278.264	565.44446	413.1	620000	345.38028	156.1861	513.6545	-50.314556	345.38336	156.18192	511.8993	-69.77147	346.7214	156.02525	514.9276	-42.8917	-1.2664287	6.250803	63.288403	-16.461935	30.31767	30.012585	21.45054	3044.4114956855774
125	1.2	0.2	3461.7715	1520.4656	5184.472	1559.3252	2379.6086	1454.2762	5074.843	625.97845	668.2857	462.4	625000	346.8149	157.21628	513.5714	-52.71815	346.81827	157.21101	519.4259	-43.366417	348.18732	157.0814	513.15985	-46.888138	-1.2445817	6.2653427	65.33021	-16.363686	30.608456	30.165455	21.542229	3072.4191687107086
126	1.2	0.2	3593.4705	1359.065	5229.1445	1756.2949	2255.2542	1497.31	5337.15	700.3742	693.7143	424.8	630000	348.16855	158.01724	516.14215	-64.06503	348.172	158.01291	517.6488	-61.431175	349.4975	157.86555	517.05304	-73.34986	-1.2663729	6.1999593	53.277145	-16.744923	31.250683	30.748783	21.983732	3101.170026779175
127	1.2	0.2	3082.4563	1034.0405	5195.008	2079.3186	2030.85	1345.3992	4057.5435	503.39474	591.0	385.1	635000	348.90207	157.53024	516.8666	-38.359848	348.9044	157.52599	515.9102	-31.947327	350.19345	157.35652	515.01263	-54.085606	-1.3643261	6.247068	85.62252	-18.233932	31.402311	30.949373	21.885254	3131.142213344574
128	1.2	0.2	3182.0056	2059.3997	5256.799	549.1624	3164.7449	1649.121	5249.2915	1101.2491	610.125	605.1	640000	349.80673	157.73543	516.6704	-43.112206	349.81107	157.7302	520.02783	-52.32543	351.12015	157.57169	517.6805	-62.995373	-1.2485085	6.211872	73.434265	-16.573925	31.436749	30.851112	21.639523	3162.536477804184
129	1.2	0.2	3423.722	1455.0376	5285.7515	1556.8616	2272.479	1184.8881	4659.278	694.17004	651.4286	421.1	645000	350.8373	157.70726	520.22375	-32.737534	350.84073	157.70276	516.19867	-55.235317	352.1463	157.52434	515.0793	-55.702015	-1.267749	6.3006473	55.47123	-18.012598	31.40449	31.083572	21.792152	3190.378752231598
130	1.2	0.2	4150.781	1347.7166	5277.864	1834.1907	1468.0696	892.757	3541.4321	550.08984	792.7143	273.1	650000	352.46835	157.33522	516.86035	-36.550198	352.4718	157.32906	519.4223	-24.625431	353.77985	157.13391	515.34735	-54.760506	-1.2973063	6.297684	79.06743	-17.202589	30.933102	30.53093	21.37609	3220.0690112113953
131	1.2	0.2	4465.454	1049.4072	5249.7695	2669.4482	2956.0664	1927.2325	5318.2363	1026.6799	854.0	554.8	655000	353.80887	157.48186	516.73376	-50.00129	353.81235	157.47864	534.5601	-44.62709	355.12244	157.30545	517.6435	-62.02865	-1.4655461	6.265013	62.55874	-16.938757	31.196236	30.62261	21.624495	3251.263147830963
132	1.2	0.2	2492.6367	1688.6678	5243.497	823.461	3455.603	1931.3828	5322.772	518.7807	476.5	650.9	660000	354.88177	157.98355	522.33527	-52.333668	354.8848	157.97911	526.3651	-47.348	356.21146	157.79243	518.751	-38.744972	-1.4337626	6.247476	55.984947	-16.669018	31.076626	30.60665	21.245834	3281.836621761322
133	1.2	0.2	3636.1086	1446.0933	5207.9927	971.46466	4743.824	1144.7999	5302.4365	1750.8842	698.7143	898.0	665000	356.70572	158.28793	523.6339	-35.592567	356.7088	158.2832	524.1666	-50.593876	358.03107	158.09543	520.84784	-56.17473	-1.1970795	6.287389	70.58941	-16.254513	31.384253	31.031372	22.128374	3315.4112632274628
134	1.2	0.2	4016.3235	1740.2134	5280.3545	1265.143	1296.2677	863.9137	3838.5217	736.2921	766.1429	244.5	670000	357.98938	158.31302	521.19214	-63.002007	357.99335	158.30743	522.9004	-64.331	359.2613	158.10701	521.57806	-77.89735	-1.3169705	6.284991	65.513626	-17.351685	31.360695	30.92119	21.489552	3344.124617576599
135	1.2	0.2	2819.374	1487.4885	5261.022	1064.3878	4041.6804	1683.0293	5311.706	920.47205	540.6667	766.9	675000	358.65308	158.12299	520.79865	-40.21763	358.6569	158.11725	520.6513	-50.77089	359.9251	157.91005	520.54755	-41.52046	-1.2376091	6.3184233	66.60391	-16.678802	31.837055	31.414927	21.832329	3377.0636303424835
136	1.2	0.2	4515.8555	959.4331	5209.067	2780.3503	1444.8071	379.32053	1841.8018	759.80994	873.6667	271.0	680000	360.2099	158.25084	520.8237	-70.03277	360.21423	158.2456	530.54065	-50.86393	361.49832	158.02342	520.796	-67.46825	-1.3606035	6.3483577	63.01521	-16.582006	31.700228	31.19196	22.022467	3406.5498852729797
137	1.2	0.2	2987.8555	1111.3304	5105.8896	1536.4476	4236.1655	1561.5913	5388.758	1128.501	571.125	790.6	685000	361.7014	158.20416	525.0061	-38.417515	361.70395	158.2006	522.7361	-42.73506	362.9996	157.96759	521.49567	-32.90124	-1.2560325	6.3597503	82.54401	-16.30765	30.85348	30.42661	21.704428	3438.451570749283
138	1.2	0.2	3534.2896	1712.904	5252.689	1336.9519	3946.3835	1657.7739	5361.3765	1359.1714	671.375	742.1	690000	363.23672	158.78447	523.12787	-90.27377	363.2401	158.77917	525.9906	-89.09694	364.55057	158.56161	525.0984	-79.0037	-1.1742978	6.394214	58.178173	-17.45977	31.279922	30.742811	21.421234	3472.246371984482
139	1.2	0.2	3553.5051	1602.6084	5246.4053	1325.5282	3901.871	1476.4545	5381.069	912.41943	681.1429	724.5	695000	365.36057	158.76265	528.9544	-49.91745	365.36444	158.75566	524.3692	-56.2466	366.64343	158.51219	524.27344	-57.503258	-1.2268875	6.4093423	65.11086	-18.17585	31.366636	31.050705	22.003746	3503.7052257061005
140	1.2	0.2	3356.8909	1531.8142	5153.9	864.1144	3324.2456	1735.2352	5346.901	840.9349	650.875	626.5	700000	365.68112	159.26012	525.7386	-39.173492	365.68384	159.25484	526.42993	-45.394295	366.9727	159.02614	526.8509	-53.19501	-1.3330938	6.405171	67.17202	-17.73595	31.703173	31.33827	22.08204	3536.1019427776337
141	1.2	0.2	3354.6487	1890.3466	5220.2256	837.6255	3348.36	1428.5698	5327.018	1374.6901	645.2857	627.8	705000	366.98312	159.13962	526.8723	-58.643703	366.9871	159.13426	549.8764	-57.57175	368.2416	158.88718	525.39374	-58.663105	-1.2828375	6.407465	65.30298	-16.338318	31.39696	30.90917	21.731834	3566.4530112743378
142	1.2	0.2	4046.0425	1314.3325	5206.605	2202.6633	4031.4653	1754.9993	5381.5596	849.4684	779.4286	751.4	710000	367.44415	158.9819	528.0981	-56.32867	367.44882	158.97578	529.74243	-55.292297	368.70575	158.72957	526.55566	-91.30471	-1.2897416	6.435023	68.013916	-17.95517	31.966518	31.510782	21.943144	3600.8553462028503
143	1.2	0.2	4092.471	1291.0331	5213.2744	1690.3755	2767.0552	1716.1298	5333.3926	1053.5359	787.3333	517.2	715000	368.9343	159.05853	527.55206	-46.596344	368.93805	159.05263	527.51105	-55.333015	370.2559	158.82707	526.37555	-45.188488	-1.259701	6.3893228	86.04521	-17.17598	31.987318	31.425394	21.802223	3631.3045766353607
144	1.2	0.2	3496.6497	1676.1625	5261.856	1039.9928	1877.7432	1015.5118	4449.422	1054.9987	671.7143	362.0	720000	370.40768	159.23648	527.7797	-60.44469	370.41058	159.23094	525.4888	-54.341824	371.70486	158.98396	526.42	-51.76275	-1.2531503	6.39204	63.435825	-16.44784	31.737864	31.334612	21.744503	3659.9151883125305
145	1.2	0.2	4802.884	755.30646	5307.6934	3156.7793	3753.0688	1518.3209	5317.008	1495.5685	919.5	706.9	725000	371.7362	159.49403	527.0041	-43.042572	371.73996	159.48784	542.704	-118.05576	373.01834	159.24821	527.5794	-53.47656	-1.2314705	6.354696	67.35274	-16.150488	32.02789	31.512768	22.071173	3694.310788869858
146	1.2	0.2	3761.6252	1791.7476	5227.297	733.829	2676.7332	1151.6223	5230.37	1473.5206	723.0	514.0	730000	372.7552	159.5826	527.97705	-116.710625	372.75903	159.5761	534.5446	-97.444855	374.00372	159.33154	527.0355	-90.05323	-1.3402654	6.397174	62.806393	-18.274492	31.905176	31.45984	21.673882	3725.2930812835693
147	1.2	0.2	4612.2007	694.0637	5201.824	3304.2644	4550.759	1159.8579	5404.0513	2104.0679	887.0	845.7	735000	374.03656	159.41649	529.5748	-42.43818	374.0409	159.40842	528.98474	-41.321106	375.31647	159.13496	532.2571	-63.050327	-1.277201	6.398165	87.846306	-18.999823	31.754524	31.410667	21.6849	3757.58700633049
148	1.2	0.2	2836.2317	1458.9475	5257.462	898.1991	4562.044	1297.5681	5420.598	2147.1152	545.5	846.5	740000	374.38715	159.42116	529.86505	-43.507057	374.39075	159.41612	527.7926	-31.400711	375.65253	159.15707	528.99615	-49.018364	-1.3803695	6.37918	66.84934	-17.253786	32.00545	31.506752	22.044077	3792.794937133789
149	1.2	0.2	4560.5166	1367.9613	5293.5674	1527.7562	2232.6653	1153.6255	5406.021	1194.3031	867.6667	409.6	745000	376.2479	159.25671	532.97766	-44.12033	376.25107	159.2516	530.9192	-53.40575	377.50793	158.98863	531.5667	-83.374	-1.2524229	6.3465786	63.303596	-16.624786	32.254463	31.629538	22.123484	3823.5542352199554
150	1.2	0.2	3699.74	1527.7101	5275.32	1332.4604	2263.6157	1633.8988	5311.8833	775.593	706.2857	427.8	750000	377.6997	159.86977	531.4352	-32.925743	377.70343	159.86415	531.8111	-29.414108	378.9602	159.60023	529.8585	-40.34635	-1.2771063	6.446367	67.130066	-16.817894	32.41434	31.879406	22.260159	3853.6016166210175
151	1.2	0.2	4408.503	832.01013	5275.5195	3309.1204	3798.5442	1586.83	5308.851	728.13745	848.6667	718.0	755000	378.9391	160.34222	540.2328	-37.042145	378.94342	160.33606	538.8874	-39.728573	380.19128	160.07951	533.56757	-70.26005	-1.3774394	6.4559817	63.513767	-17.172337	32.188766	31.669739	22.374762	3887.371831178665
152	1.2	0.2	5029.135	362.76147	5294.607	4309.714	5324.867	14.89424	5351.1353	5302.132	965.4	1000.0	760000	379.37915	160.84264	534.0354	-77.57765	379.38333	160.83546	531.5116	-68.87275	380.6399	160.57027	532.6719	-73.64115	-1.4414628	6.48007	64.51001	-17.130764	32.17691	31.916828	22.185438	3922.76251745224
153	1.2	0.2	3649.759	1646.6602	5227.355	963.14984	2279.4011	779.3363	3658.8965	1026.7313	706.7143	428.9	765000	381.01505	160.22987	533.0631	-42.999214	381.0195	160.22366	530.976	-55.25014	382.26053	159.91718	532.0117	-77.78066	-1.2647926	6.5822945	67.96286	-16.86917	32.522	31.82813	22.375538	3952.7041840553284
154	1.2	0.2	3265.612	1697.7192	5233.632	778.89276	5151.8853	263.0861	5285.27	4366.585	624.4286	982.9	770000	381.95972	159.76987	532.7357	-37.317368	381.96283	159.76393	543.89545	-51.189964	383.20285	159.48029	532.85516	-75.70028	-1.3352616	6.4982076	65.146706	-16.96578	32.253937	31.68449	22.008883	3986.0189814567566
155	1.2	0.2	4569.308	904.7054	5261.102	3061.2686	4120.954	1675.9263	5281.923	950.25507	879.6667	781.2	775000	383.22964	160.1438	535.903	-57.940872	383.23376	160.13708	537.52185	-83.94864	384.50836	159.86905	534.6535	-42.591427	-1.3174804	6.4080596	73.13606	-17.788214	32.36385	32.03132	22.104742	4020.33283495903
156	1.2	0.2	3506.0083	1517.7549	5257.0674	1716.7328	4571.709	1209.4338	5294.1787	1407.6763	670.7143	867.5	780000	384.3387	160.41965	534.6775	-60.87956	384.3423	160.4133	541.90717	-54.42296	385.5541	160.12988	537.5326	-140.32887	-1.3920707	6.4433475	69.72461	-17.456839	32.495888	31.959778	22.073196	4053.934907913208
157	1.2	0.2	3797.851	1552.4664	5264.0728	928.1236	4015.8777	1774.2686	5301.728	1054.6099	732.375	760.1	785000	385.4268	160.6992	541.38324	-63.396748	385.43024	160.6957	538.58514	-95.12619	386.71054	160.40237	534.0501	-85.97731	-1.3007227	6.523037	68.99711	-18.401598	32.432133	31.775381	22.152863	4090.253841638565
158	1.2	0.2	4310.9136	1480.1772	5280.533	1216.7996	3826.4712	1536.461	5316.1743	1732.4327	827.8333	723.2	790000	386.67834	160.6627	546.7821	-57.536785	386.6831	160.65588	535.4225	-57.50649	387.92755	160.33945	536.1631	-66.87164	-1.2254386	6.532671	62.24414	-18.067774	32.502277	31.988424	22.450706	4123.515429973602
159	1.2	0.2	4362.8613	1590.4436	5273.9556	1189.3706	2420.1704	1253.1198	5337.483	1116.7399	835.2	451.3	795000	387.7987	160.41145	535.5969	-97.4011	387.80096	160.40875	543.4681	-101.74426	389.08368	160.09131	535.6134	-83.65121	-1.388762	6.5395637	63.57896	-16.258654	32.699627	31.842329	22.208838	4152.249040842056
160	1.2	0.2	4044.2344	1556.5936	5334.727	1030.0985	1605.0853	1257.0419	4826.965	795.22516	767.2857	308.0	800000	389.29214	160.64848	539.9641	-31.249723	389.29642	160.64268	539.26324	-68.81839	390.57913	160.33934	537.5634	-42.726734	-1.2755605	6.5540876	66.88024	-17.900826	32.223457	31.75814	21.73366	4182.80227971077
161	1.2	0.2	5227.032	86.58941	5319.3696	5092.458	4120.321	1709.0897	5391.5557	1035.1122	994.2	767.3	805000	389.7343	160.98186	537.5688	-75.68722	389.73816	160.97574	538.7807	-45.86028	390.97302	160.6559	540.88727	-44.940136	-1.3497393	6.5713553	61.686947	-16.576126	32.16641	31.440084	21.933678	4217.026309013367
162	1.2	0.2	4812.104	553.0608	5230.533	3929.4653	4291.0107	1672.0481	5417.067	1121.4835	919.3333	799.5	810000	391.70346	160.57198	541.16327	-131.7898	391.70743	160.56616	543.72876	-144.86124	392.97598	160.25839	540.6798	-116.55117	-1.2617676	6.5970902	77.09231	-17.242188	32.39581	31.92699	21.964882	4252.741061449051
163	1.2	0.2	3463.9214	1948.2858	5309.186	826.266	3205.3472	1864.1824	5455.484	809.45996	660.7143	593.9	815000	393.92685	160.60701	540.4654	-119.54882	393.93018	160.60068	542.5772	-115.19684	395.231	160.26741	539.7914	-142.12329	-1.4906602	6.63255	77.254654	-17.287184	31.776392	31.271696	21.936749	4284.059836149216
164	1.2	0.2	4810.6514	815.6762	5262.542	3180.795	3459.7844	1770.5223	5419.162	775.11	922.0	646.3	820000	394.97986	160.4714	541.1923	-46.23035	394.98373	160.46617	539.20026	-82.20073	396.2033	160.11046	541.52423	-77.33828	-1.5493906	6.6156697	78.59307	-17.485794	32.22784	31.695862	22.02368	4315.687143802643
165	1.2	0.2	3857.4294	1612.0673	5298.377	1054.3325	5308.4927	21.483263	5336.8057	5269.7305	735.25	1000.0	825000	394.01746	160.5205	539.58484	-63.972286	394.02045	160.51654	541.15967	-56.538574	395.25833	160.17798	542.7084	-54.75582	-1.4931862	6.651091	69.09374	-17.013115	32.444386	31.715187	22.11561	4354.237079620361
166	1.2	0.2	4218.147	1527.3794	5306.558	953.10547	4543.6694	1329.8881	5400.3887	1519.3842	797.5	847.9	830000	395.4323	160.26807	543.4776	-39.803036	395.43658	160.26233	540.2972	-56.768543	396.64517	159.92648	540.64026	-28.635544	-1.6325649	6.624526	70.11119	-17.048426	31.96569	31.342113	21.991238	4388.851122617722
167	1.2	0.2	2908.0454	1623.1746	5279.3154	1316.0026	4900.128	927.58514	5380.028	2279.5593	551.875	914.0	835000	395.697	160.52711	540.6251	-70.13741	395.70212	160.51945	539.1703	-78.10583	396.96094	160.20119	540.05316	-89.4733	-1.6281751	6.6072197	80.882	-17.615475	31.897	31.299002	21.403862	4422.328464746475
168	1.2	0.2	4317.175	1243.1849	5285.2363	1762.627	4960.5654	1159.0094	5383.6465	1483.9578	823.1429	928.2	840000	396.80768	160.5414	540.63965	-89.02856	396.8107	160.53772	547.0615	-74.99195	398.04663	160.19957	544.9484	-111.83098	-1.577006	6.719157	86.42402	-17.41228	32.064507	31.509367	22.059772	4460.365051746368
169	1.2	0.2	5257.6216	44.33884	5333.7964	5200.7363	5431.0513	12.04997	5452.4644	5415.174	1000.0	1000.0	845000	398.3353	160.17075	540.8468	-69.25145	398.3392	160.16502	548.99005	-81.90778	399.56177	159.8444	540.36804	-67.78301	-1.5737607	6.714169	71.368256	-17.908775	32.412083	31.832619	22.33761	4496.950105428696
170	1.2	0.2	5230.507	33.95879	5285.827	5183.517	3879.5566	1828.8134	5342.2856	897.6421	1000.0	727.0	850000	399.00278	160.54895	545.78925	-37.21702	399.0073	160.54445	547.4814	-39.528206	400.24866	160.22374	542.70605	-86.070946	-1.5557835	6.6475315	72.39152	-16.589167	32.477757	31.718843	22.047937	4530.70115852356
171	1.2	0.2	5225.318	28.26371	5267.9263	5180.1357	3930.9453	1704.6442	5283.617	892.6596	1000.0	745.4	855000	400.96228	160.33057	542.46216	-67.98837	400.96463	160.32861	542.42773	-50.281418	402.23145	159.98195	541.70776	-81.82727	-1.5560763	6.725392	68.28508	-17.212475	31.818157	31.075718	21.813179	4564.757142305374
172	1.2	0.2	4736.6846	1177.9623	5367.458	2381.4702	3653.5698	1582.621	5295.494	1206.6058	891.0	692.5	860000	402.29578	160.63809	547.50037	-30.870392	402.2995	160.63005	544.57806	-46.983154	403.5145	160.27618	546.5142	-46.746243	-1.7913055	6.668756	63.933643	-16.70171	31.437767	31.075438	21.51002	4596.508151769638
173	1.2	0.2	4962.8794	618.41296	5413.078	3735.959	5276.1646	419.32123	5434.296	4018.6724	938.8	973.8	865000	403.20303	160.31718	553.83704	-31.215342	403.2063	160.31183	546.3947	-32.87006	404.4603	159.93156	543.8151	-45.659264	-1.6780901	6.6849813	64.39915	-17.765686	32.090492	31.436968	21.896156	4633.41743516922
174	1.2	0.2	4039.0408	1445.9872	5318.878	2093.4094	2026.3607	731.1299	3281.0103	913.50146	763.4286	373.7	870000	404.1655	160.21518	544.1687	-81.886665	404.16846	160.21095	543.25226	-74.24448	405.40622	159.83432	543.688	-82.20562	-1.669735	6.630303	80.66104	-19.023764	31.758883	31.35658	21.556967	4665.201661348343
175	1.2	0.2	4670.104	868.62555	5329.665	3173.9448	4989.908	760.47125	5328.25	2822.2546	882.6667	938.7	875000	405.015	160.3729	544.19507	-43.170555	405.0183	160.36723	545.62054	-71.446884	406.2408	160.00763	544.29	-59.889812	-1.6302793	6.706921	67.45442	-17.11409	32.4095	31.948635	21.949532	4702.238255023956
176	1.2	0.2	4773.413	654.4422	5276.9897	3537.295	4697.548	1279.3203	5364.2417	1484.8055	913.0	883.4	880000	405.2699	160.90968	544.9516	-70.57591	405.2736	160.90387	554.28265	-85.183655	406.50424	160.54167	545.30774	-55.41306	-1.7064778	6.7832885	73.30885	-19.035868	32.521885	31.954155	22.31443	4735.997791290283
177	1.2	0.2	4880.2495	757.6852	5244.938	3186.8074	5393.7847	12.944355	5425.348	5380.583	937.8333	1000.0	885000	406.447	160.66617	547.7539	-65.13199	406.45123	160.66116	543.70496	-57.047188	407.66425	160.30417	546.1961	-80.78183	-1.640816	6.6533833	77.46859	-17.953863	32.48152	31.853212	22.099106	4774.8827266693115
178	1.2	0.2	4853.4443	875.29443	5317.288	3103.778	5390.3296	40.77175	5464.8276	5336.4727	917.6	1000.0	890000	407.61346	160.64589	546.18225	-45.25003	407.61545	160.6416	546.7668	-86.19016	408.82947	160.27776	546.0375	-52.717552	-1.5994442	6.7610044	69.828766	-16.572058	32.32038	31.727907	22.013477	4809.817341089249
179	1.2	0.2	5247.9478	24.93676	5288.716	5223.24	4636.0264	1193.9957	5377.846	1553.662	1000.0	872.6	895000	408.7053	160.27855	545.523	-46.354954	408.7086	160.27472	546.3631	-50.180374	409.93582	159.89029	545.46747	-42.46073	-1.7143906	6.7226644	71.10128	-16.4625	32.121338	31.663225	22.233406	4845.292929649353
180	1.2	0.2	5243.9775	65.86365	5334.6606	5132.024	1821.8792	1014.2449	4515.7812	948.8672	1000.0	340.0	900000	410.46408	160.47794	552.9449	-47.747337	410.46753	160.47252	545.6785	-79.62644	411.7111	160.0955	546.6054	-75.370995	-1.524099	6.7519717	73.06936	-17.243671	31.633787	31.125578	21.618567	4876.112882852554
181	1.2	0.2	4904.8057	743.28625	5337.8286	3420.057	5249.4917	28.353586	5323.5557	5227.14	928.0	1000.0	905000	411.504	160.89955	548.2238	-46.06068	411.507	160.896	547.12103	-33.78734	412.76456	160.53574	547.923	-31.064295	-1.6457045	6.7389264	72.87428	-16.42166	31.685776	31.295002	21.817389	4911.368150472641
182	1.2	0.2	4813.828	950.0151	5307.7827	2691.9907	4529.0386	1825.3644	5471.2837	818.78815	920.3333	832.4	910000	413.33975	160.9571	549.85706	-43.503742	413.34256	160.95265	551.4577	-35.778526	414.5934	160.57446	550.7213	-34.363846	-1.8479446	6.7768135	78.02646	-16.768946	31.736961	31.231945	21.802246	4948.208858728409
183	1.2	0.2	3565.8323	1735.7832	5266.594	842.4034	5325.3486	284.4807	5448.863	4473.614	680.2857	983.6	915000	414.5279	160.94724	551.70074	-66.06207	414.5305	160.9456	550.2057	-49.8843	415.7973	160.53952	550.7305	-45.619957	-1.8199642	6.8130355	75.41568	-18.2472	31.988087	31.376143	21.987167	4984.335630893707
184	1.2	0.2	5239.7812	25.77598	5282.2124	5205.189	5295.1016	24.565802	5350.1606	5252.035	1000.0	1000.0	920000	415.60953	160.81041	549.39764	-44.067795	415.61258	160.80338	548.4471	-43.45338	416.87915	160.3938	550.2138	-54.19524	-1.9437382	6.8736672	77.68025	-17.023655	31.710775	31.251024	21.969273	5021.137587070465
185	1.2	0.2	4642.034	1367.1023	5308.0366	1585.9059	2756.3335	1857.5465	5476.7256	573.22864	883.5	499.7	925000	416.95676	160.33519	552.51807	-59.13711	416.9597	160.3302	550.601	-36.84409	418.21686	159.92557	550.96106	-37.494736	-2.0216503	6.812226	73.33227	-16.954062	30.925346	30.612732	21.069483	5054.554073095322
186	1.2	0.2	5277.17	51.507256	5360.0767	5212.065	5308.079	11.133534	5325.2437	5286.887	1000.0	1000.0	930000	418.5111	160.01411	555.71484	-85.24312	418.5138	160.01147	559.0861	-49.47632	419.7766	159.59914	552.55493	-56.88175	-1.8635657	6.89722	71.2905	-17.473381	31.204163	30.676287	21.541582	5091.965497970581
187	1.2	0.2	4706.6826	1033.8861	5293.3237	2640.4397	4296.575	1503.5165	5297.095	1082.5275	901.2	811.4	935000	419.77673	160.70734	550.7696	-36.802208	419.7804	160.70267	563.4351	-62.46945	421.0699	160.29327	551.9936	-75.37697	-1.8945429	6.8902893	80.35365	-17.562561	31.094225	30.597322	21.43345	5125.859462976456
188	1.2	0.2	5182.8657	49.470432	5231.752	5089.258	4588.275	1565.7444	5437.004	1444.6235	1000.0	853.5	940000	420.9107	160.65504	559.05316	-37.56505	420.91245	160.65138	550.8494	-61.267193	422.18173	160.23328	552.5114	-35.40665	-1.904929	6.888443	93.15214	-17.99827	31.730577	31.22375	21.580006	5161.9183559417725
189	1.2	0.2	4119.4707	1765.2839	5283.635	942.4878	4346.7495	1669.989	5490.439	1097.5347	787.4286	797.8	945000	421.49808	161.04051	558.503	-53.94351	421.5021	161.03552	554.9489	-79.109665	422.7534	160.6244	554.4554	-67.68694	-1.8311996	6.8853455	86.963486	-17.217691	31.789778	31.292408	21.864449	5198.897173643112
190	1.2	0.2	4238.1196	1278.1912	5258.853	1643.5344	3643.604	1677.7183	5350.711	1393.5596	805.0	684.6	950000	421.97318	161.05334	554.424	-99.90971	421.97583	161.04858	553.1185	-135.40169	423.20496	160.64854	553.89496	-88.90797	-1.9540911	6.8963118	81.391594	-18.698729	32.117413	31.465572	21.793646	5232.6760132312775
191	1.2	0.2	4989.206	542.3058	5299.3657	3908.415	3193.0977	1641.6677	5441.1846	842.9136	954.4	584.9	955000	422.28467	161.22015	564.9637	-85.7458	422.2864	161.21906	554.65765	-55.395477	423.52493	160.83755	554.1558	-61.61061	-1.9649236	6.857779	91.42548	-16.166935	32.837555	32.253456	22.220558	5265.268471240997
192	1.2	0.2	5190.388	114.84911	5285.6714	4973.448	4838.272	915.68286	5360.411	2504.3867	990.6	912.5	960000	422.82602	160.91252	554.31384	-42.015804	422.82898	160.90932	556.83264	-43.667557	424.06836	160.50807	555.47095	-57.62373	-1.957538	6.792482	83.792885	-16.40132	32.57848	31.96528	21.962065	5301.197726011276
193	1.2	0.2	3661.4233	1792.4283	5250.257	824.4589	5377.677	19.265509	5412.312	5344.4272	707.7143	1000.0	965000	423.74738	160.5575	557.305	-83.46893	423.75006	160.55275	556.5804	-78.26229	424.97803	160.14102	557.24695	-65.89525	-1.8494278	6.8373656	80.38607	-16.993937	32.159348	31.7051	21.854736	5338.213222980499
194	1.2	0.2	4390.0396	1224.4015	5304.109	2052.6567	3998.411	1204.9033	5475.2183	2079.3298	845.5	737.4	970000	424.45047	160.49156	561.81226	-29.081583	424.4529	160.4883	561.0594	-60.99493	425.7202	160.09431	555.515	-55.879913	-1.8239338	6.8673334	74.33915	-16.622425	32.298023	31.875721	21.849804	5373.707058906555
195	1.2	0.2	4148.595	1557.9305	5317.172	1778.7048	5358.3193	24.46268	5381.33	5299.418	792.8333	1000.0	975000	425.7881	161.1808	556.71356	-72.39051	425.79037	161.17987	557.11334	-64.94397	427.09927	160.79686	557.0764	-73.317764	-1.8450161	6.9712768	82.05106	-17.131851	32.522114	31.981096	22.363554	5410.002263307571
196	1.2	0.2	4531.648	1109.2882	5338.0205	2757.3433	3156.645	2272.0498	5453.995	671.0387	855.5	583.8	980000	427.27515	160.93163	557.8528	-41.989883	427.27826	160.92645	561.381	-35.812275	428.52774	160.52394	560.1011	-34.131092	-1.865723	6.8987865	83.06315	-17.840307	32.644325	32.17758	21.60796	5443.64364862442
197	1.2	0.2	5278.4453	59.9124	5368.308	5191.172	4988.2383	1029.7023	5392.5786	1899.9636	1000.0	935.9	985000	427.23572	161.39507	560.94305	-70.339714	427.23758	161.39381	557.4197	-60.77942	428.4905	160.98157	560.73065	-72.449036	-1.9490302	6.9176326	81.02049	-16.630642	33.157104	32.545387	22.515512	5481.047214746475
198	1.2	0.2	4641.533	1360.4213	5337.7905	1602.4219	5340.7017	7.171498	5353.02	5331.688	884.1667	1000.0	990000	428.68848	160.86224	558.4472	-64.15546	428.6913	160.85931	562.48755	-118.54611	429.94797	160.44174	559.49945	-89.472565	-1.8740418	6.912602	75.96947	-17.784412	32.63988	31.994879	22.216282	5519.638437509537
199	1.2	0.2	4346.9326	1317.3975	5328.2373	2420.6096	4876.3125	1283.0227	5335.056	1027.4784	824.0	919.6	995000	429.8233	160.50105	559.49524	-90.411285	429.8251	160.49706	558.76697	-79.75983	431.04758	160.08362	559.0376	-69.79988	-2.0765283	6.8288703	85.05678	-16.366785	32.337917	31.94547	22.124279	5556.273065567017
